% Nframe | type | QP | PSNR | size (Bytes) 
0 I 27.94 39.12 24522
1 P 29.12 39.05 205
2 P 30.03 38.71 1633
3 P 30.67 38.61 1651
4 P 31.24 38.52 1680
5 P 32.23 38.52 2238
6 P 30.72 38.63 2189
7 P 32.02 38.60 373
8 P 31.97 38.55 2258
9 P 32.07 38.49 2230
10 P 32.16 38.50 2913
11 P 32.28 38.51 2652
12 P 36.65 37.65 1554
13 P 37.97 37.33 1799
14 P 34.45 37.57 695
15 P 33.26 38.07 3585
16 P 32.10 38.45 3192
17 P 28.88 38.81 3905
18 P 29.05 39.14 4303
19 P 27.04 39.60 5952
20 P 26.86 39.90 5897
21 P 25.44 40.18 6228
22 P 25.49 40.45 6558
23 P 25.09 40.53 6181
24 P 23.03 40.99 10995
25 P 23.98 41.10 2776
26 P 23.93 41.31 7052
27 P 24.00 41.33 5961
28 P 24.02 41.38 5934
29 P 23.88 41.51 7472
30 P 23.88 41.63 6192
31 P 23.11 41.69 2460
32 P 24.56 41.57 5785
33 P 23.88 41.53 5943
34 P 23.95 41.58 8698
35 P 25.00 41.50 6973
36 P 24.28 41.30 6716
37 P 23.95 41.38 8556
38 P 23.23 41.35 3848
39 P 23.31 41.29 10098
40 P 23.13 41.32 8077
41 P 23.38 41.33 7477
42 P 23.34 41.38 7300
43 P 22.77 41.45 7808
44 P 24.59 41.52 7746
45 P 24.23 41.56 7602
46 P 24.65 41.49 7101
47 P 24.59 41.46 7105
48 P 25.07 41.56 9027
49 P 22.92 41.53 3433
50 P 24.50 41.49 7123
51 P 24.48 41.44 6697
52 P 25.40 41.26 6561
53 P 26.09 41.12 7680
54 P 24.48 41.24 14583
55 P 25.90 41.18 3353
56 P 26.13 41.01 6442
57 P 25.01 40.93 6113
58 P 25.82 40.92 7927
59 P 26.36 40.92 6765
60 P 26.24 40.87 6656
61 P 26.23 40.92 7107
62 P 25.80 40.89 7551
63 P 25.54 40.92 7134
64 P 25.90 40.97 7106
65 P 26.46 40.96 6644
66 P 25.48 40.82 6247
67 P 25.17 40.83 7051
68 P 27.06 40.87 6917
69 P 26.83 40.85 6897
70 P 25.45 40.77 6971
71 P 25.01 40.68 7082
72 P 24.87 40.85 8894
73 P 25.10 40.84 2776
74 P 25.10 40.66 6950
75 P 25.06 40.72 6569
76 P 24.85 40.66 6110
77 P 25.19 40.69 7424
78 P 25.57 40.76 6348
79 P 25.58 40.75 2323
80 P 25.87 40.59 5789
81 P 25.68 40.61 5324
82 P 25.28 40.61 7150
83 P 25.71 40.65 5486
84 P 26.79 40.58 5476
85 P 25.85 40.63 5909
86 P 26.73 40.63 5449
87 P 27.02 40.62 5469
88 P 26.93 40.64 5888
89 P 27.27 40.64 5000
90 P 26.90 40.63 4974
91 P 26.34 40.64 5639
92 P 26.51 40.67 5867
93 P 25.62 40.64 5878
94 P 27.08 40.68 6145
95 P 25.72 40.59 5757
96 P 25.94 40.86 8782
97 P 25.93 40.83 2257
98 P 25.22 40.70 6551
99 P 26.55 40.72 7182
100 P 26.41 40.64 7096
101 P 26.15 40.67 9297
102 P 26.15 40.72 8579
103 P 26.19 40.77 3368
104 P 25.89 40.60 6638
105 P 24.97 40.79 8752
106 P 24.57 40.81 7258
107 P 25.96 40.83 7379
108 P 26.47 40.67 6834
109 P 26.81 40.95 12848
110 P 26.93 40.88 6945
111 P 26.51 40.85 6872
112 P 26.58 40.84 5936
113 P 26.83 40.74 5721
114 P 26.88 40.81 6253
115 P 26.58 40.86 5801
116 P 26.52 40.84 6316
117 P 26.64 40.76 6382
118 P 26.49 40.76 6634
119 P 26.65 40.69 6012
120 P 26.53 40.64 5824
121 P 26.77 40.62 5657
122 P 26.87 40.56 5358
123 P 26.63 40.61 5883
124 P 25.98 40.70 5698
125 P 26.16 40.70 2082
126 P 26.63 40.67 4810
127 P 26.63 40.67 4753
128 P 26.81 40.74 5604
129 P 26.72 40.74 5064
130 P 26.46 40.81 5682
131 P 26.76 40.83 2567
132 P 27.30 40.64 5587
133 P 26.63 40.70 7193
134 P 26.79 40.76 5689
135 P 26.90 40.73 5701
136 P 26.55 40.71 5511
137 P 26.93 40.77 4885
138 P 27.39 40.82 4865
139 P 26.62 40.84 5093
140 P 26.52 40.89 4845
141 P 26.52 40.83 5058
142 P 26.66 41.00 6598
143 P 26.46 40.97 2917
144 P 26.43 40.92 5117
145 P 26.30 40.86 4309
146 P 26.72 40.84 4429
147 P 26.98 40.80 5522
148 P 26.49 40.86 5026
149 P 26.06 40.93 1718
150 P 26.55 40.82 4422
151 P 26.69 40.85 4855
152 P 26.37 40.88 6321
153 P 26.43 40.80 5440
154 P 26.45 40.87 5937
155 P 26.04 40.91 2607
156 P 26.68 40.78 5186
157 P 26.69 40.84 7593
158 P 26.63 40.84 5642
159 P 26.61 40.81 5628
160 P 26.24 40.80 5835
161 P 26.15 40.83 5860
162 P 26.12 40.84 4935
163 P 26.32 40.90 12306
164 P 25.65 40.79 6481
165 P 26.08 40.75 5774
166 P 25.67 40.93 8221
167 P 25.08 40.94 2347
168 P 26.76 40.86 6422
169 P 25.67 40.79 6324
170 P 25.79 40.75 6767
171 P 26.59 40.75 8536
172 P 27.00 40.83 7518
173 P 26.29 40.78 3846
174 P 26.34 40.73 7342
175 P 26.39 40.69 6969
176 P 26.48 40.83 9188
177 P 25.87 40.81 7187
178 P 25.45 40.90 7586
179 P 24.99 40.92 2685
180 P 25.67 40.81 6211
181 P 25.76 40.86 7390
182 P 25.53 40.82 5879
183 P 26.01 40.86 6025
184 P 25.94 40.86 5856
185 P 25.84 40.85 6390
186 P 25.90 40.81 6726
187 P 25.68 40.88 6588
188 P 25.52 40.86 6864
189 P 25.69 40.82 5821
190 P 25.54 40.88 7875
191 P 24.96 40.90 2426
192 P 25.45 40.78 5754
193 P 25.51 40.78 6247
194 P 26.14 40.80 6081
195 P 26.18 40.80 7435
196 P 25.57 40.92 7328
197 P 25.51 40.90 3000
198 P 26.07 40.81 6123
199 P 25.99 40.76 6154
200 P 26.01 40.84 8232
201 P 25.85 40.79 6985
202 P 25.71 40.82 7348
203 P 25.51 40.75 4206
204 P 25.80 40.74 8258
205 P 25.71 40.69 7571
206 P 25.94 40.75 6056
207 P 25.91 40.71 6040
208 P 26.30 40.80 6143
209 P 26.03 40.67 5303
210 P 26.42 41.20 9741
211 P 25.71 41.14 5098
212 P 25.66 41.16 5319
213 P 25.93 41.14 5528
214 P 25.58 41.34 8317
215 P 25.37 41.32 1983
216 P 25.36 41.18 5616
217 P 25.39 41.19 5934
218 P 25.20 41.12 5243
219 P 25.68 41.14 6865
220 P 25.45 41.27 5623
221 P 25.94 41.34 1666
222 P 25.81 41.21 5233
223 P 25.68 41.19 5938
224 P 25.82 41.16 7336
225 P 26.08 41.16 6646
226 P 26.32 41.21 6938
227 P 25.71 41.20 2613
228 P 26.14 41.11 8132
229 P 25.51 41.10 6395
230 P 25.52 41.14 5713
231 P 25.74 41.11 5649
232 P 25.69 41.14 5559
233 P 25.21 41.18 5089
234 P 25.54 41.18 4682
235 P 25.63 41.16 5115
236 P 25.63 41.18 5297
237 P 25.84 41.06 5215
238 P 25.72 41.13 7860
239 P 25.76 41.14 2654
240 P 25.68 41.03 6269
241 P 26.04 41.04 6247
242 P 25.94 40.98 5457
243 P 25.96 41.06 7366
244 P 25.34 41.18 5753
245 P 26.43 41.15 1722
246 P 26.21 41.12 5145
247 P 25.59 41.11 6506
248 P 25.70 41.09 5177
249 P 25.62 41.06 5274
250 P 25.85 41.11 5326
251 P 26.21 41.10 2100
252 P 25.60 41.01 6340
253 P 26.11 40.98 5572
254 P 26.03 41.03 5308
255 P 28.20 40.68 4210
