% Nframe | type | QP | PSNR | size (Bytes) 
0 I 29.43 38.09 21582
1 P 31.81 38.04 165
2 P 32.99 37.70 1258
3 P 32.24 37.62 1323
4 P 33.65 37.52 1319
5 P 32.91 37.52 1886
6 P 32.28 37.66 1732
7 P 32.37 37.65 371
8 P 33.89 37.52 1824
9 P 33.60 37.42 1885
10 P 33.69 37.49 2489
11 P 33.38 37.50 2288
12 P 38.45 36.67 1324
13 P 39.85 36.39 1409
14 P 36.58 36.50 554
15 P 35.18 37.01 2946
16 P 34.03 37.33 2508
17 P 30.67 37.76 3187
18 P 29.82 38.01 3428
19 P 28.98 38.40 4710
20 P 28.69 38.71 4668
21 P 27.37 38.96 4959
22 P 27.89 39.23 5123
23 P 27.26 39.34 4933
24 P 25.83 39.79 9005
25 P 27.74 39.94 2237
26 P 25.56 40.13 5653
27 P 26.07 40.12 4706
28 P 25.64 40.21 4779
29 P 25.53 40.37 5987
30 P 24.57 40.50 5003
31 P 24.60 40.56 1915
32 P 25.88 40.46 4663
33 P 25.69 40.39 4699
34 P 26.01 40.44 7305
35 P 26.06 40.35 5547
36 P 27.21 40.17 5478
37 P 25.85 40.23 6762
38 P 25.48 40.21 2907
39 P 24.93 40.14 8528
40 P 25.07 40.19 6720
41 P 24.61 40.22 6389
42 P 25.02 40.28 5934
43 P 24.54 40.37 6536
44 P 25.65 40.41 6500
45 P 25.18 40.46 6468
46 P 26.16 40.44 6004
47 P 26.07 40.43 6019
48 P 25.94 40.57 7672
49 P 25.74 40.48 2688
50 P 25.93 40.48 6019
51 P 25.50 40.39 5564
52 P 26.37 40.22 5423
53 P 26.38 40.04 6347
54 P 25.50 40.21 12588
55 P 25.68 40.19 2719
56 P 26.30 40.03 5312
57 P 27.37 39.88 4945
58 P 27.05 39.87 6513
59 P 27.65 39.86 5601
60 P 27.81 39.82 5441
61 P 27.68 39.90 5874
62 P 27.79 39.90 6411
63 P 27.54 39.87 5854
64 P 27.77 39.93 5850
65 P 28.58 39.89 5428
66 P 28.58 39.71 5021
67 P 29.00 39.76 5867
68 P 29.06 39.76 5657
69 P 29.08 39.77 5718
70 P 28.46 39.67 5713
71 P 28.52 39.63 5945
72 P 27.67 39.84 7682
73 P 28.39 39.82 2132
74 P 28.29 39.63 5822
75 P 28.38 39.70 5530
76 P 29.20 39.65 5180
77 P 28.51 39.63 6204
78 P 28.92 39.74 5332
79 P 29.11 39.73 1861
80 P 29.07 39.59 5052
81 P 28.71 39.60 4461
82 P 28.47 39.62 6053
83 P 29.29 39.61 4469
84 P 29.51 39.56 4509
85 P 28.50 39.62 4948
86 P 29.57 39.61 4447
87 P 29.47 39.56 4506
88 P 29.86 39.65 5147
89 P 29.30 39.61 4107
90 P 29.49 39.65 4173
91 P 29.42 39.62 4491
92 P 28.74 39.63 4894
93 P 28.35 39.59 5021
94 P 29.79 39.61 5022
95 P 28.58 39.55 4916
96 P 28.87 39.81 7350
97 P 29.11 39.79 1868
98 P 27.79 39.66 5396
99 P 29.46 39.68 5894
100 P 29.11 39.61 5982
101 P 28.87 39.64 7808
102 P 28.39 39.71 7187
103 P 28.43 39.75 2716
104 P 28.30 39.60 5589
105 P 27.02 39.79 7386
106 P 27.60 39.73 6013
107 P 28.65 39.78 6226
108 P 28.87 39.65 5747
109 P 29.39 39.98 10920
110 P 29.21 39.88 5712
111 P 29.06 39.83 5806
112 P 29.38 39.84 4935
113 P 29.32 39.81 4875
114 P 29.32 39.82 5052
115 P 28.90 39.85 4814
116 P 28.89 39.86 5135
117 P 28.69 39.80 5239
118 P 28.53 39.75 5469
119 P 28.97 39.69 5060
120 P 29.07 39.67 4798
121 P 29.06 39.63 4567
122 P 29.25 39.58 4392
123 P 29.27 39.58 4949
124 P 28.98 39.69 4650
125 P 28.97 39.72 1717
126 P 29.35 39.68 3812
127 P 29.10 39.68 3810
128 P 29.30 39.73 4616
129 P 29.26 39.73 4079
130 P 29.25 39.79 4630
131 P 29.56 39.79 1983
132 P 30.18 39.66 4694
133 P 29.36 39.68 5917
134 P 29.12 39.71 4722
135 P 29.54 39.68 4606
136 P 29.69 39.66 4435
137 P 29.85 39.74 3934
138 P 29.36 39.79 4164
139 P 29.27 39.79 4219
140 P 28.89 39.83 4007
141 P 29.04 39.83 4231
142 P 28.87 39.95 5226
143 P 28.84 39.98 2405
144 P 28.82 39.91 4241
145 P 28.73 39.85 3543
146 P 29.22 39.84 3638
147 P 29.22 39.81 4447
148 P 28.93 39.88 4167
149 P 27.89 39.93 1319
150 P 28.66 39.87 3630
151 P 28.80 39.86 3798
152 P 29.19 39.91 5118
153 P 29.06 39.88 4574
154 P 28.92 39.90 4759
155 P 29.33 39.93 2120
156 P 29.35 39.80 4127
157 P 28.97 39.88 6397
158 P 28.83 39.86 4655
159 P 28.89 39.85 4709
160 P 28.72 39.84 4874
161 P 28.42 39.85 4861
162 P 28.58 39.85 4130
163 P 28.84 39.88 10645
164 P 28.45 39.78 5342
165 P 28.36 39.74 4845
166 P 28.61 39.90 6933
167 P 28.03 39.96 1820
168 P 28.22 39.87 5409
169 P 28.82 39.83 5218
170 P 28.72 39.77 5664
171 P 28.55 39.83 7421
172 P 28.82 39.86 6095
173 P 27.99 39.84 3061
174 P 28.92 39.81 6402
175 P 28.86 39.74 5716
176 P 28.91 39.85 7591
177 P 28.55 39.82 5902
178 P 28.23 39.91 6395
179 P 27.94 39.93 2160
180 P 28.30 39.84 5214
181 P 28.48 39.87 6257
182 P 28.30 39.84 4824
183 P 28.78 39.87 5018
184 P 28.41 39.90 4912
185 P 28.52 39.86 5348
186 P 28.44 39.85 5609
187 P 28.40 39.94 5448
188 P 28.06 39.90 5719
189 P 28.13 39.83 4766
190 P 28.13 39.86 6710
191 P 27.96 39.91 1969
192 P 28.42 39.80 4773
193 P 28.25 39.82 5228
194 P 28.26 39.78 4918
195 P 28.37 39.85 6375
196 P 28.09 39.92 5949
197 P 27.83 39.95 2540
198 P 28.30 39.83 5120
199 P 28.15 39.76 5055
200 P 28.44 39.88 7008
201 P 28.50 39.86 5930
202 P 28.28 39.85 6076
203 P 28.19 39.84 3448
204 P 28.56 39.80 6950
205 P 28.32 39.75 6323
206 P 28.39 39.77 5108
207 P 28.14 39.81 5079
208 P 28.77 39.79 4926
209 P 28.46 39.68 4435
210 P 29.06 40.24 8283
211 P 28.55 40.19 4195
212 P 28.30 40.20 4431
213 P 28.33 40.21 4704
214 P 28.24 40.42 6931
215 P 28.41 40.37 1436
216 P 27.64 40.21 4696
217 P 27.89 40.21 5007
218 P 27.82 40.18 4564
219 P 28.44 40.17 5648
220 P 27.97 40.30 4670
221 P 28.26 40.35 1344
222 P 28.02 40.24 4396
223 P 27.89 40.23 4849
224 P 28.24 40.21 6235
225 P 28.49 40.20 5553
226 P 28.74 40.28 5924
227 P 28.56 40.23 2052
228 P 28.81 40.12 6789
229 P 28.20 40.18 5353
230 P 27.90 40.17 4686
231 P 27.91 40.14 4673
232 P 28.02 40.13 4502
233 P 27.98 40.16 4312
234 P 28.15 40.21 4029
235 P 28.06 40.18 4210
236 P 28.11 40.19 4411
237 P 27.96 40.11 4507
238 P 27.83 40.16 6653
239 P 28.34 40.18 2034
240 P 28.04 40.04 5138
241 P 28.20 40.04 5260
242 P 28.66 40.00 4732
243 P 28.41 40.10 6419
244 P 27.81 40.17 4793
245 P 28.64 40.19 1547
246 P 28.67 40.13 4271
247 P 28.23 40.12 5490
248 P 28.06 40.10 4304
249 P 28.28 40.08 4380
250 P 28.04 40.11 4433
251 P 28.70 40.13 1744
252 P 27.76 40.01 5331
253 P 28.45 40.01 4826
254 P 28.20 40.03 4441
255 P 29.16 39.70 3463
