% Nframe | type | QP | PSNR | size (Bytes) 
0 I 23.31 40.43 7859
1 P 22.92 40.39 75
2 P 24.77 39.95 614
3 P 24.38 39.88 624
4 P 25.07 39.83 638
5 P 24.92 39.69 894
6 P 25.10 39.86 809
7 P 25.68 39.79 131
8 P 24.66 39.77 895
9 P 25.35 39.67 899
10 P 25.38 39.72 1156
11 P 24.87 39.65 1034
12 P 28.83 38.68 700
13 P 25.07 39.91 1585
14 P 21.32 40.73 1348
15 P 19.54 41.97 3398
16 P 18.18 43.06 3368
17 P 17.44 43.91 3372
18 P 16.25 44.59 3639
19 P 15.18 45.54 4620
20 P 14.98 45.95 4074
21 P 14.32 46.38 4194
22 P 13.99 46.69 4562
23 P 13.94 46.68 4277
24 P 12.76 47.65 6230
25 P 12.14 47.79 1978
26 P 13.33 47.58 3789
27 P 13.44 47.45 3642
28 P 13.68 47.34 3549
29 P 13.45 47.46 4032
30 P 12.65 47.60 3517
31 P 12.57 47.62 1626
32 P 13.00 47.38 3762
33 P 13.65 47.29 3631
34 P 13.95 47.25 4680
35 P 13.77 47.11 4253
36 P 13.95 46.94 4375
37 P 13.71 47.17 4848
38 P 12.82 47.16 2361
39 P 13.69 46.99 5604
40 P 13.43 47.14 5439
41 P 13.65 47.17 4890
42 P 13.50 47.31 4816
43 P 12.98 47.54 4981
44 P 13.17 47.56 4960
45 P 13.24 47.59 5094
46 P 13.38 47.62 5000
47 P 13.29 47.45 5057
48 P 13.22 47.67 5583
49 P 13.41 47.65 2358
50 P 13.37 47.61 5098
51 P 12.99 47.59 5157
52 P 13.24 47.35 4886
53 P 13.53 47.01 5250
54 P 13.62 47.68 6948
55 P 12.95 47.69 2431
56 P 13.12 47.17 4807
57 P 13.45 47.10 4516
58 P 13.00 47.24 5288
59 P 12.33 47.16 4865
60 P 12.38 47.16 4840
61 P 12.98 47.18 5100
62 P 12.37 47.04 5248
63 P 12.33 47.11 5085
64 P 12.29 47.06 4955
65 P 12.54 47.03 4557
66 P 13.56 47.00 4346
67 P 12.45 47.07 4642
68 P 13.68 47.03 4675
69 P 13.73 47.02 4486
70 P 12.65 47.06 4731
71 P 12.83 46.85 4542
72 P 12.77 47.19 5202
73 P 13.79 47.12 2063
74 P 13.07 46.92 4496
75 P 12.87 46.97 4270
76 P 12.77 46.87 4189
77 P 13.32 46.95 4526
78 P 12.94 47.12 4139
79 P 12.99 47.12 1870
80 P 13.48 47.00 4094
81 P 13.44 46.94 3865
82 P 13.68 46.86 4504
83 P 14.55 46.91 3850
84 P 14.88 46.82 4010
85 P 13.72 46.88 4156
86 P 14.05 46.84 4072
87 P 14.02 46.76 4171
88 P 15.04 46.84 4308
89 P 15.10 46.82 3990
90 P 13.88 46.77 3853
91 P 14.58 46.75 4356
92 P 14.81 46.74 4523
93 P 14.65 46.74 4605
94 P 14.65 46.68 4509
95 P 12.90 46.65 4431
96 P 13.04 46.97 5327
97 P 13.39 46.96 2175
98 P 13.93 46.63 4836
99 P 14.02 46.57 5024
100 P 14.73 46.55 4899
101 P 14.00 46.70 5687
102 P 13.66 46.80 5456
103 P 14.14 46.84 2381
104 P 14.88 46.51 4873
105 P 14.23 46.86 5350
106 P 13.53 46.69 4843
107 P 14.30 46.73 4984
108 P 15.38 46.39 4554
109 P 14.62 46.94 6649
110 P 14.61 46.71 4826
111 P 14.70 46.66 4610
112 P 15.17 46.59 4104
113 P 15.40 46.60 4256
114 P 15.40 46.60 4198
115 P 15.22 46.70 4206
116 P 15.26 46.63 4431
117 P 15.36 46.67 4537
118 P 15.02 46.56 4509
119 P 15.14 46.58 4493
120 P 15.18 46.49 4183
121 P 15.47 46.52 4040
122 P 15.64 46.47 3918
123 P 15.61 46.50 4298
124 P 15.57 46.70 3955
125 P 15.71 46.65 1703
126 P 15.37 46.58 3651
127 P 15.75 46.59 3669
128 P 15.55 46.58 3832
129 P 15.66 46.56 3382
130 P 15.52 46.72 3849
131 P 15.49 46.68 1951
132 P 16.25 46.39 3763
133 P 15.64 46.38 4470
134 P 15.20 46.52 4101
135 P 15.25 46.42 3764
136 P 15.07 46.53 3663
137 P 15.35 46.69 3439
138 P 15.31 46.70 3286
139 P 15.24 46.70 3438
140 P 15.08 46.69 3228
141 P 15.11 46.63 3506
142 P 15.06 46.82 4121
143 P 15.08 46.84 2231
144 P 15.48 46.81 3615
145 P 14.99 46.76 3130
146 P 15.08 46.71 3047
147 P 15.10 46.64 3626
148 P 14.84 46.86 3315
149 P 14.78 46.84 1491
150 P 15.00 46.74 3204
151 P 14.90 46.83 3345
152 P 15.37 46.79 3873
153 P 15.24 46.76 3732
154 P 15.10 46.84 3565
155 P 15.36 46.84 1791
156 P 15.49 46.62 3500
157 P 14.83 46.74 4607
158 P 14.73 46.74 3844
159 P 14.55 46.70 3713
160 P 14.86 46.74 3825
161 P 14.67 46.83 4044
162 P 15.25 46.54 3406
163 P 14.43 47.01 5972
164 P 14.26 46.98 4066
165 P 14.07 46.71 3630
166 P 13.59 46.97 4558
167 P 13.59 46.93 1476
168 P 13.85 46.82 4379
169 P 13.98 46.76 4425
170 P 13.91 46.67 4512
171 P 14.27 46.72 5188
172 P 14.09 46.88 4797
173 P 14.05 46.84 2526
174 P 14.04 46.71 4762
175 P 14.02 46.58 4460
176 P 14.12 46.69 5320
177 P 13.81 46.80 4735
178 P 13.90 46.83 4722
179 P 13.38 46.87 1933
180 P 13.95 46.75 4078
181 P 13.77 46.87 4392
182 P 14.01 46.85 3859
183 P 13.98 46.86 3950
184 P 13.93 46.71 3755
185 P 13.77 46.74 4357
186 P 14.23 46.72 4590
187 P 14.41 46.81 4671
188 P 14.36 46.75 4672
189 P 14.39 46.67 4177
190 P 14.23 46.85 4736
191 P 13.71 47.05 2029
192 P 13.54 46.87 4013
193 P 13.59 46.85 4185
194 P 13.90 46.72 4154
195 P 13.95 46.86 4915
196 P 13.58 46.93 4616
197 P 13.72 46.92 2178
198 P 13.70 46.87 4182
199 P 13.67 46.76 3966
200 P 14.28 46.98 4741
201 P 14.81 46.89 4251
202 P 14.61 46.90 4621
203 P 13.83 46.90 3164
204 P 14.60 46.87 4985
205 P 14.07 46.86 4782
206 P 14.48 46.89 3943
207 P 14.63 46.88 3832
208 P 14.51 46.89 3783
209 P 14.45 46.62 3334
210 P 14.12 46.64 5386
211 P 14.65 46.94 3333
212 P 14.55 47.10 3573
213 P 14.38 47.04 3755
214 P 14.13 47.32 5088
215 P 13.43 47.26 1370
216 P 13.98 47.04 4113
217 P 13.92 46.96 3860
218 P 13.92 47.09 3820
219 P 14.25 46.95 4075
220 P 14.20 47.05 3852
221 P 14.32 47.09 1570
222 P 15.22 46.94 4032
223 P 14.44 46.77 4343
224 P 14.15 46.97 5074
225 P 14.35 46.89 4838
226 P 14.31 47.04 5297
227 P 14.18 46.96 2032
228 P 14.18 46.96 5568
229 P 14.25 46.87 4694
230 P 13.27 46.90 4182
231 P 13.37 46.94 4120
232 P 13.62 46.98 4184
233 P 13.33 47.07 3820
234 P 13.34 47.13 3832
235 P 13.34 47.06 3816
236 P 13.74 46.94 3955
237 P 13.85 46.90 4183
238 P 13.99 47.12 5228
239 P 13.32 47.12 1984
240 P 13.69 46.92 4534
241 P 13.62 46.89 4390
242 P 13.80 46.73 4170
243 P 13.80 46.83 4747
244 P 13.64 47.20 4237
245 P 13.53 47.07 1466
246 P 13.41 46.91 3891
247 P 13.75 46.98 4405
248 P 13.98 46.91 3773
249 P 13.62 46.96 3798
250 P 14.23 46.94 3867
251 P 13.43 47.00 1639
252 P 13.77 46.81 4204
253 P 14.06 46.78 4088
254 P 13.60 46.94 4035
255 P 16.29 46.21 3121
