% Nframe | type | QP | PSNR | size (Bytes) 
0 I 21.11 42.42 13042
1 P 21.62 42.35 176
2 P 24.31 41.88 1138
3 P 21.99 41.74 1135
4 P 23.32 41.67 1240
5 P 24.21 41.66 1702
6 P 21.77 41.84 1579
7 P 21.23 41.82 393
8 P 22.80 41.66 1648
9 P 23.33 41.55 1743
10 P 22.82 41.54 2066
11 P 23.13 41.49 1869
12 P 27.57 40.27 1042
13 P 23.90 41.44 2335
14 P 20.29 42.18 1757
15 P 18.21 43.18 4983
16 P 16.94 44.13 5141
17 P 16.18 44.95 5258
18 P 15.14 45.50 5593
19 P 14.39 46.18 6611
20 P 13.40 46.68 6660
21 P 13.21 46.99 6643
22 P 12.49 47.25 7084
23 P 13.09 47.36 7418
24 P 11.74 48.26 9126
25 P 12.20 48.37 3324
26 P 11.71 48.38 6760
27 P 12.50 48.28 5937
28 P 12.99 48.15 5827
29 P 12.93 48.21 6476
30 P 12.85 48.39 5857
31 P 12.31 48.33 2784
32 P 13.22 48.14 5778
33 P 13.39 48.04 5884
34 P 13.18 48.05 7350
35 P 12.91 47.86 6635
36 P 13.36 47.68 6868
37 P 13.29 47.82 7718
38 P 13.08 47.85 3761
39 P 12.70 47.69 8693
40 P 12.39 47.66 7906
41 P 11.50 47.77 7407
42 P 12.69 47.87 7098
43 P 11.82 47.96 7178
44 P 13.19 48.04 7490
45 P 12.97 48.04 7498
46 P 11.86 48.03 7929
47 P 12.86 47.94 7421
48 P 12.79 48.00 8241
49 P 13.07 47.95 3755
50 P 13.02 48.00 7418
51 P 13.08 47.88 6991
52 P 12.80 47.77 7007
53 P 12.86 47.47 7700
54 P 12.54 48.10 10767
55 P 12.46 48.03 3522
56 P 13.26 47.65 7146
57 P 13.28 47.47 6752
58 P 13.09 47.50 7754
59 P 12.50 47.53 7515
60 P 12.76 47.51 7305
61 P 12.92 47.46 7344
62 P 12.76 47.49 7774
63 P 12.85 47.45 7609
64 P 13.16 47.45 7299
65 P 12.88 47.41 6921
66 P 13.20 47.39 6630
67 P 13.22 47.52 6941
68 P 12.96 47.49 7162
69 P 13.25 47.40 6791
70 P 13.36 47.33 6854
71 P 13.54 47.13 6960
72 P 12.91 47.53 8015
73 P 13.96 47.50 3191
74 P 13.54 47.26 6608
75 P 13.62 47.25 6329
76 P 13.77 47.26 6210
77 P 13.52 47.27 6784
78 P 13.03 47.48 6210
79 P 13.83 47.42 2800
80 P 13.52 47.29 6093
81 P 13.53 47.13 5724
82 P 13.62 47.26 6637
83 P 14.12 47.33 5702
84 P 14.28 47.16 5636
85 P 13.60 47.24 6072
86 P 14.03 47.17 6019
87 P 13.96 47.10 6130
88 P 14.48 47.12 6270
89 P 14.55 47.11 5924
90 P 14.16 47.11 5534
91 P 14.17 47.07 6310
92 P 13.93 47.04 6621
93 P 14.02 47.03 6582
94 P 14.26 47.10 6810
95 P 14.40 47.04 6399
96 P 14.08 47.39 7826
97 P 13.04 47.34 3298
98 P 13.91 47.16 7311
99 P 14.23 47.13 7525
100 P 13.86 46.99 7548
101 P 14.38 46.97 8325
102 P 14.13 47.23 8148
103 P 13.94 47.23 3654
104 P 14.60 46.99 7187
105 P 13.96 47.32 7859
106 P 13.96 47.18 7026
107 P 13.86 47.16 7157
108 P 14.39 46.83 6894
109 P 14.22 47.37 10081
110 P 14.07 47.13 7146
111 P 14.34 47.10 7066
112 P 14.38 47.08 6185
113 P 14.46 47.03 6395
114 P 14.32 47.03 6558
115 P 14.17 47.19 6303
116 P 14.36 47.01 6825
117 P 14.35 46.97 6729
118 P 14.37 47.00 6851
119 P 14.36 46.91 6665
120 P 15.24 46.93 6198
121 P 15.07 46.97 6175
122 P 15.20 46.82 5806
123 P 14.83 46.97 6634
124 P 14.70 47.04 6323
125 P 14.62 47.06 2955
126 P 14.65 46.92 5702
127 P 14.39 46.90 5615
128 P 14.52 46.93 5955
129 P 14.73 46.94 5169
130 P 14.52 47.10 6043
131 P 14.68 47.04 3164
132 P 14.99 46.87 5904
133 P 14.93 46.88 6801
134 P 14.81 46.95 6138
135 P 14.80 46.96 5766
136 P 15.17 46.88 5705
137 P 15.04 46.94 5172
138 P 14.69 47.02 4986
139 P 14.54 47.00 5054
140 P 14.68 47.00 5159
141 P 14.85 46.99 5331
142 P 14.51 47.22 6452
143 P 14.59 47.14 3778
144 P 14.41 47.08 5622
145 P 14.37 47.12 4932
146 P 14.45 47.05 4725
147 P 14.80 47.01 5509
148 P 14.38 47.19 4877
149 P 14.11 47.20 2322
150 P 14.54 47.11 4831
151 P 14.46 47.11 5140
152 P 14.51 47.16 6145
153 P 14.61 46.97 5707
154 P 14.48 47.18 5817
155 P 14.30 47.17 2847
156 P 14.45 47.08 5406
157 P 14.17 47.13 7031
158 P 14.34 47.12 5873
159 P 14.16 47.09 5920
160 P 14.71 47.10 5827
161 P 14.66 47.09 5981
162 P 14.78 46.92 5028
163 P 14.22 47.37 9034
164 P 14.04 47.14 6262
165 P 14.11 47.04 5750
166 P 14.26 47.39 7184
167 P 14.40 47.36 2469
168 P 14.36 47.23 6565
169 P 14.09 47.06 6475
170 P 14.13 46.98 6524
171 P 14.12 47.04 7829
172 P 14.04 47.15 7398
173 P 14.62 47.09 3830
174 P 14.24 47.04 7377
175 P 14.44 46.96 6927
176 P 14.32 47.10 8071
177 P 14.11 47.11 7122
178 P 14.18 47.25 7223
179 P 13.53 47.25 2805
180 P 14.45 47.08 5954
181 P 14.39 47.18 6591
182 P 14.49 47.16 5700
183 P 14.57 47.15 5978
184 P 14.51 47.25 5894
185 P 14.38 47.15 6457
186 P 14.64 47.14 6802
187 P 14.59 47.15 6860
188 P 14.64 47.05 6899
189 P 14.66 47.03 6275
190 P 14.67 47.17 7138
191 P 14.64 47.20 2917
192 P 14.88 47.06 5916
193 P 14.64 47.11 6304
194 P 14.90 47.01 6047
195 P 14.58 47.15 7062
196 P 14.51 47.29 6900
197 P 14.51 47.27 3419
198 P 14.85 47.11 6147
199 P 14.63 47.06 6088
200 P 14.59 47.15 7283
201 P 14.60 47.14 6471
202 P 14.59 47.20 7003
203 P 14.68 47.11 4601
204 P 14.49 47.15 7535
205 P 14.31 47.02 7091
206 P 14.10 47.08 6048
207 P 14.11 47.04 5844
208 P 13.98 47.09 5598
209 P 14.27 46.88 5053
210 P 14.29 47.54 7661
211 P 14.16 47.32 5319
212 P 14.23 47.33 5782
213 P 14.09 47.24 5928
214 P 14.00 47.59 7350
215 P 13.94 47.53 2262
216 P 14.63 47.31 5865
217 P 14.59 47.26 5787
218 P 14.58 47.31 5507
219 P 14.62 47.30 6129
220 P 14.27 47.42 5840
221 P 14.35 47.45 2410
222 P 14.30 47.24 5928
223 P 14.65 47.05 6024
224 P 14.52 47.19 7516
225 P 14.14 47.20 7139
226 P 14.33 47.43 7441
227 P 14.37 47.32 2921
228 P 14.75 47.17 7937
229 P 14.45 47.20 6644
230 P 14.24 47.25 6221
231 P 14.58 47.27 6221
232 P 14.63 47.28 5829
233 P 14.55 47.31 5574
234 P 14.54 47.37 5376
235 P 14.57 47.35 5707
236 P 14.77 47.29 5913
237 P 14.80 47.23 6096
238 P 14.53 47.45 7667
239 P 14.70 47.39 3108
240 P 14.72 47.14 6419
241 P 14.78 47.10 6484
242 P 14.65 47.10 5925
243 P 14.40 47.23 7064
244 P 14.36 47.34 6082
245 P 14.55 47.35 2303
246 P 14.54 47.25 5754
247 P 14.59 47.19 6328
248 P 14.58 47.19 5795
249 P 14.69 47.21 5917
250 P 14.64 47.20 5623
251 P 14.13 47.33 2649
252 P 14.49 47.29 6565
253 P 13.80 47.17 5882
254 P 13.81 47.12 5625
255 P 15.89 46.55 4672
