% Nframe | type | QP | PSNR | size (Bytes) 
0 I 28.42 39.68 36925
1 P 32.00 39.57 331
2 P 31.34 39.25 2395
3 P 31.62 39.15 2521
4 P 31.24 39.09 2520
5 P 31.52 39.12 3573
6 P 31.23 39.18 3201
7 P 31.66 39.14 714
8 P 33.44 39.07 3243
9 P 32.62 39.02 3574
10 P 31.71 39.09 4505
11 P 32.79 39.05 4096
12 P 38.06 38.20 2416
13 P 40.45 37.62 2186
14 P 36.50 37.81 818
15 P 35.89 38.18 4402
16 P 34.65 38.55 3828
17 P 32.96 38.88 4567
18 P 31.58 39.10 4845
19 P 30.02 39.37 5997
20 P 28.53 39.54 6318
21 P 28.24 39.69 6591
22 P 28.36 39.82 6967
23 P 29.23 39.91 6951
24 P 26.27 40.25 13022
25 P 26.91 40.39 3179
26 P 27.06 40.54 7854
27 P 28.52 40.52 6919
28 P 28.26 40.59 6836
29 P 26.35 40.72 8617
30 P 27.31 40.82 7325
31 P 25.54 40.89 3132
32 P 26.98 40.85 7361
33 P 27.62 40.85 7280
34 P 28.14 40.91 10091
35 P 27.18 40.85 8476
36 P 28.62 40.73 8309
37 P 28.33 40.82 10426
38 P 27.95 40.78 4550
39 P 27.11 40.70 12611
40 P 27.18 40.76 10422
41 P 27.04 40.78 9745
42 P 27.54 40.84 9216
43 P 25.91 40.87 9970
44 P 26.09 40.90 9802
45 P 26.68 40.97 9557
46 P 27.88 40.96 8853
47 P 28.32 40.96 8832
48 P 27.98 41.04 11991
49 P 27.73 41.02 4226
50 P 27.79 40.99 8883
51 P 28.18 40.95 8337
52 P 27.97 40.85 8082
53 P 27.48 40.70 9330
54 P 27.14 40.81 18218
55 P 28.18 40.77 4051
56 P 28.10 40.57 8026
57 P 28.67 40.50 7172
58 P 27.83 40.49 10001
59 P 28.41 40.49 8467
60 P 29.10 40.45 8161
61 P 28.72 40.53 8728
62 P 28.42 40.47 9196
63 P 28.59 40.46 8641
64 P 28.64 40.51 8876
65 P 29.05 40.51 8285
66 P 29.64 40.34 7691
67 P 29.67 40.40 8602
68 P 29.45 40.39 8711
69 P 29.61 40.36 8490
70 P 29.08 40.31 8640
71 P 29.20 40.26 8977
72 P 28.46 40.51 12144
73 P 29.13 40.46 3201
74 P 29.11 40.27 8672
75 P 29.17 40.33 8008
76 P 29.07 40.25 7797
77 P 29.44 40.25 9332
78 P 29.43 40.37 8010
79 P 29.49 40.35 3051
80 P 30.12 40.22 7528
81 P 29.87 40.20 6644
82 P 29.72 40.23 9177
83 P 29.88 40.19 6755
84 P 30.62 40.19 6973
85 P 29.96 40.21 7324
86 P 30.29 40.19 6755
87 P 29.80 40.19 6915
88 P 30.36 40.20 7376
89 P 29.80 40.22 6396
90 P 30.56 40.21 6095
91 P 29.43 40.23 7144
92 P 29.41 40.28 7465
93 P 29.05 40.22 7380
94 P 28.98 40.21 7676
95 P 29.27 40.15 7205
96 P 29.10 40.38 10910
97 P 29.58 40.39 2735
98 P 29.43 40.30 7933
99 P 30.02 40.38 9131
100 P 29.38 40.26 9006
101 P 29.36 40.30 11043
102 P 28.79 40.35 11312
103 P 29.47 40.35 4092
104 P 29.54 40.24 8623
105 P 28.17 40.40 10788
106 P 28.96 40.40 9115
107 P 29.10 40.38 9554
108 P 30.00 40.31 8410
109 P 29.91 40.58 16179
110 P 29.68 40.49 8684
111 P 29.99 40.47 8903
112 P 29.56 40.46 7722
113 P 29.50 40.42 7281
114 P 29.74 40.40 7743
115 P 29.48 40.47 7276
116 P 29.11 40.47 8054
117 P 29.70 40.46 8239
118 P 29.84 40.39 8013
119 P 29.62 40.35 8018
120 P 29.62 40.32 7333
121 P 29.73 40.30 7023
122 P 29.96 40.21 6762
123 P 29.40 40.29 7913
124 P 29.42 40.35 7408
125 P 29.45 40.35 2550
126 P 29.82 40.32 5944
127 P 29.59 40.30 5933
128 P 29.82 40.35 7399
129 P 29.89 40.30 6258
130 P 29.40 40.43 7425
131 P 30.33 40.41 2922
132 P 30.20 40.33 7120
133 P 29.78 40.33 8979
134 P 30.31 40.33 7096
135 P 30.36 40.25 6938
136 P 30.35 40.26 6693
137 P 30.71 40.31 5999
138 P 30.82 40.35 5923
139 P 30.34 40.36 6387
140 P 29.83 40.38 6060
141 P 29.59 40.38 6343
142 P 29.69 40.49 8246
143 P 28.92 40.46 3615
144 P 29.91 40.45 6306
145 P 29.73 40.42 5383
146 P 30.15 40.37 5305
147 P 30.10 40.30 6708
148 P 29.93 40.40 6428
149 P 29.41 40.43 1953
150 P 29.70 40.39 5706
151 P 29.85 40.36 5913
152 P 29.59 40.40 7629
153 P 29.43 40.39 7196
154 P 29.56 40.47 7369
155 P 29.41 40.46 3129
156 P 29.79 40.38 6459
157 P 29.58 40.42 9485
158 P 29.54 40.45 7241
159 P 29.61 40.43 7117
160 P 29.44 40.41 7168
161 P 29.32 40.43 7290
162 P 29.16 40.43 6320
163 P 29.28 40.47 15828
164 P 29.10 40.38 8018
165 P 29.31 40.33 7252
166 P 29.00 40.47 10466
167 P 28.89 40.51 2969
168 P 28.92 40.43 7921
169 P 29.02 40.39 7987
170 P 29.20 40.37 8441
171 P 28.93 40.34 10772
172 P 29.22 40.39 9269
173 P 29.14 40.35 4908
174 P 29.42 40.34 9210
175 P 29.67 40.29 8482
176 P 29.54 40.37 11062
177 P 29.59 40.36 9028
178 P 29.14 40.41 9689
179 P 28.65 40.44 3387
180 P 29.08 40.34 7889
181 P 28.84 40.39 9482
182 P 29.23 40.37 7451
183 P 28.77 40.40 7663
184 P 29.25 40.41 7262
185 P 29.18 40.41 8017
186 P 29.08 40.44 8518
187 P 28.72 40.46 8007
188 P 28.78 40.45 8482
189 P 28.81 40.37 7266
190 P 28.80 40.41 10137
191 P 29.02 40.44 2940
192 P 28.92 40.38 7347
193 P 28.75 40.34 7737
194 P 28.88 40.36 7523
195 P 28.92 40.40 9438
196 P 28.61 40.44 8999
197 P 28.74 40.44 3678
198 P 28.87 40.37 7779
199 P 28.90 40.34 7722
200 P 28.82 40.39 10219
201 P 29.01 40.39 8865
202 P 29.02 40.42 9160
203 P 29.00 40.36 5150
204 P 29.21 40.32 10332
205 P 29.11 40.26 10082
206 P 29.49 40.29 7552
207 P 29.34 40.29 7772
208 P 29.48 40.32 7638
209 P 29.47 40.21 6606
210 P 29.38 40.73 11977
211 P 29.04 40.65 6412
212 P 28.95 40.65 6745
213 P 29.39 40.60 6953
214 P 28.63 40.82 10509
215 P 29.07 40.76 2222
216 P 28.98 40.70 7313
217 P 28.70 40.63 7272
218 P 29.09 40.61 6548
219 P 28.88 40.67 8680
220 P 28.64 40.74 7139
221 P 29.28 40.80 1957
222 P 29.17 40.74 6819
223 P 29.34 40.75 7347
224 P 28.99 40.73 9244
225 P 28.97 40.73 8182
226 P 29.42 40.76 8631
227 P 29.19 40.76 3241
228 P 28.86 40.66 10157
229 P 28.73 40.67 7885
230 P 28.75 40.70 7114
231 P 28.76 40.63 7040
232 P 28.71 40.65 6861
233 P 28.61 40.68 6445
234 P 28.84 40.70 5956
235 P 28.85 40.69 6549
236 P 28.65 40.69 6568
237 P 29.07 40.64 6682
238 P 28.73 40.71 9930
239 P 29.24 40.72 3097
240 P 28.72 40.63 7692
241 P 29.03 40.63 7685
242 P 29.31 40.58 6866
243 P 28.98 40.61 9547
244 P 28.94 40.69 7032
245 P 29.20 40.71 2545
246 P 28.64 40.68 6403
247 P 29.23 40.63 8080
248 P 28.86 40.61 6611
249 P 28.99 40.60 6628
250 P 28.49 40.61 7160
251 P 29.29 40.63 2502
252 P 29.07 40.54 8115
253 P 29.43 40.52 7194
254 P 29.06 40.53 6709
255 P 29.48 40.27 5405
