% Nframe | type | QP | PSNR | size (Bytes) 
0 I 31.25 36.70 18390
1 P 32.64 36.66 106
2 P 35.74 36.34 952
3 P 35.50 36.29 1034
4 P 34.47 36.15 1025
5 P 34.32 36.22 1556
6 P 34.14 36.27 1318
7 P 33.38 36.21 265
8 P 36.66 36.07 1373
9 P 35.31 36.09 1507
10 P 35.10 36.13 1966
11 P 35.77 36.13 1859
12 P 40.69 35.33 1070
13 P 42.65 34.70 1078
14 P 38.26 35.14 371
15 P 38.28 35.55 2216
16 P 35.73 35.89 1937
17 P 33.89 36.26 2376
18 P 32.75 36.44 2426
19 P 31.07 36.81 3384
20 P 29.90 37.11 3527
21 P 29.05 37.39 3870
22 P 30.87 37.63 3825
23 P 30.31 37.76 3727
24 P 27.28 38.17 7508
25 P 28.23 38.34 1729
26 P 27.43 38.52 4204
27 P 29.07 38.57 3838
28 P 28.00 38.70 3880
29 P 27.48 38.84 4805
30 P 27.99 39.01 3954
31 P 28.90 39.05 1441
32 P 29.61 38.99 3636
33 P 29.32 38.97 3751
34 P 29.78 39.02 5838
35 P 29.03 38.94 4506
36 P 30.15 38.74 4111
37 P 29.49 38.81 5367
38 P 29.07 38.82 2301
39 P 27.95 38.75 6795
40 P 28.47 38.81 5352
41 P 28.45 38.87 5012
42 P 28.54 38.90 4636
43 P 27.22 39.00 5264
44 P 28.67 39.08 5174
45 P 28.44 39.12 4994
46 P 30.13 39.08 4545
47 P 29.97 39.04 4469
48 P 29.28 39.18 6101
49 P 29.06 39.16 2123
50 P 29.56 39.14 4681
51 P 29.52 39.07 4300
52 P 29.97 38.92 4345
53 P 29.85 38.76 4942
54 P 28.26 38.92 10429
55 P 28.90 38.87 2115
56 P 29.99 38.64 3913
57 P 29.10 38.55 3973
58 P 29.75 38.56 5269
59 P 29.14 38.61 4592
60 P 29.35 38.59 4298
61 P 29.12 38.58 4646
62 P 28.53 38.59 5091
63 P 29.15 38.59 4755
64 P 29.68 38.62 4682
65 P 29.67 38.63 4516
66 P 30.61 38.48 4021
67 P 30.70 38.52 4676
68 P 30.73 38.51 4590
69 P 30.86 38.49 4574
70 P 30.14 38.43 4780
71 P 30.05 38.36 4722
72 P 29.78 38.60 6199
73 P 30.47 38.57 1622
74 P 30.40 38.38 4620
75 P 29.86 38.42 4466
76 P 30.82 38.35 4165
77 P 30.71 38.41 5020
78 P 30.83 38.51 4338
79 P 29.15 38.47 1461
80 P 30.95 38.27 3934
81 P 31.01 38.32 3636
82 P 30.50 38.36 5003
83 P 30.74 38.36 3650
84 P 31.08 38.29 3656
85 P 30.49 38.32 3977
86 P 31.27 38.31 3548
87 P 31.20 38.29 3686
88 P 31.79 38.30 3999
89 P 30.45 38.33 3420
90 P 31.25 38.35 3312
91 P 30.67 38.31 3781
92 P 31.04 38.34 3929
93 P 30.74 38.33 4022
94 P 31.11 38.33 4072
95 P 30.67 38.26 3860
96 P 30.14 38.52 6021
97 P 30.02 38.50 1350
98 P 29.77 38.36 4254
99 P 30.96 38.40 4773
100 P 30.95 38.29 4675
101 P 29.94 38.35 6379
102 P 30.59 38.42 5702
103 P 31.23 38.43 2028
104 P 30.29 38.27 4351
105 P 29.06 38.52 6046
106 P 29.41 38.45 4810
107 P 30.15 38.44 5032
108 P 30.23 38.32 4605
109 P 31.14 38.68 9034
110 P 31.05 38.57 4446
111 P 31.11 38.57 4630
112 P 31.12 38.56 3835
113 P 31.02 38.51 3769
114 P 31.36 38.46 3810
115 P 31.05 38.57 3917
116 P 30.36 38.56 4035
117 P 31.11 38.50 4214
118 P 30.73 38.42 4254
119 P 30.47 38.38 4028
120 P 31.01 38.35 3746
121 P 30.88 38.32 3713
122 P 30.98 38.28 3414
123 P 31.17 38.29 3811
124 P 30.85 38.39 3742
125 P 30.66 38.44 1333
126 P 30.78 38.38 3017
127 P 31.09 38.35 2976
128 P 30.81 38.41 3700
129 P 31.24 38.43 3257
130 P 30.37 38.51 3770
131 P 31.19 38.48 1383
132 P 31.41 38.37 3672
133 P 31.12 38.35 4614
134 P 31.78 38.44 3828
135 P 31.19 38.40 3644
136 P 31.42 38.38 3485
137 P 31.38 38.41 3030
138 P 31.13 38.50 3147
139 P 30.73 38.46 3135
140 P 30.34 38.50 3153
141 P 30.93 38.51 3309
142 P 30.98 38.65 4273
143 P 30.59 38.66 1726
144 P 31.16 38.65 3361
145 P 30.75 38.58 2719
146 P 30.99 38.56 2802
147 P 31.44 38.53 3563
148 P 30.51 38.55 3244
149 P 30.67 38.62 968
150 P 30.86 38.59 2757
151 P 30.51 38.54 2801
152 P 30.80 38.57 4073
153 P 30.73 38.58 3597
154 P 30.78 38.63 3838
155 P 30.20 38.65 1631
156 P 30.95 38.52 3247
157 P 30.84 38.59 4957
158 P 30.69 38.59 3783
159 P 30.87 38.56 3733
160 P 30.36 38.55 3885
161 P 30.29 38.59 3966
162 P 29.91 38.58 3369
163 P 30.53 38.68 8903
164 P 29.68 38.58 4374
165 P 30.11 38.55 3925
166 P 30.22 38.71 5623
167 P 29.79 38.72 1431
168 P 30.01 38.62 4243
169 P 30.19 38.57 4152
170 P 30.16 38.55 4608
171 P 30.26 38.58 5942
172 P 30.10 38.60 5014
173 P 29.73 38.56 2359
174 P 30.43 38.56 4986
175 P 30.46 38.53 4655
176 P 30.29 38.58 6151
177 P 30.35 38.54 4770
178 P 29.99 38.66 5069
179 P 29.60 38.69 1606
180 P 29.85 38.57 4142
181 P 29.88 38.63 5142
182 P 29.72 38.63 3910
183 P 30.27 38.62 4029
184 P 30.76 38.65 3949
185 P 30.37 38.64 4203
186 P 30.29 38.60 4348
187 P 30.22 38.65 4355
188 P 30.02 38.65 4445
189 P 29.91 38.59 3817
190 P 29.98 38.64 5527
191 P 29.96 38.66 1544
192 P 29.89 38.58 3823
193 P 30.11 38.57 4049
194 P 30.57 38.56 3983
195 P 30.02 38.61 5060
196 P 29.95 38.71 4821
197 P 29.65 38.72 1968
198 P 30.00 38.61 4138
199 P 30.04 38.57 4118
200 P 29.89 38.65 5624
201 P 30.27 38.58 4515
202 P 30.14 38.57 4848
203 P 30.00 38.58 2588
204 P 29.97 38.55 5536
205 P 30.29 38.48 4766
206 P 30.32 38.54 4139
207 P 30.50 38.53 3948
208 P 30.28 38.56 4008
209 P 30.60 38.47 3455
210 P 30.59 38.98 6772
211 P 30.16 38.90 3258
212 P 29.97 38.93 3702
213 P 30.38 38.92 3618
214 P 29.70 39.14 5841
215 P 29.72 39.10 1068
216 P 29.90 38.97 3801
217 P 29.31 38.95 3979
218 P 30.25 38.93 3734
219 P 29.45 38.95 4768
220 P 29.46 39.07 3803
221 P 30.68 39.10 952
222 P 30.14 38.97 3410
223 P 30.20 38.97 3836
224 P 30.04 38.97 5215
225 P 30.41 39.01 4444
226 P 30.78 39.08 4774
227 P 30.67 39.03 1519
228 P 30.16 38.92 5571
229 P 30.04 38.91 4232
230 P 29.77 38.91 3752
231 P 29.85 38.90 3652
232 P 29.90 38.90 3726
233 P 29.88 38.97 3411
234 P 29.87 39.00 3210
235 P 29.80 38.98 3497
236 P 29.93 38.97 3412
237 P 30.30 38.84 3521
238 P 29.78 38.95 5419
239 P 30.46 38.96 1551
240 P 29.70 38.83 4174
241 P 30.28 38.83 4297
242 P 30.20 38.79 3761
243 P 29.82 38.88 5205
244 P 29.57 38.98 3840
245 P 31.06 38.99 1130
246 P 30.56 38.90 3397
247 P 29.93 38.92 4474
248 P 29.91 38.87 3464
249 P 29.89 38.84 3464
250 P 30.28 38.89 3710
251 P 30.22 38.86 1236
252 P 30.02 38.79 4306
253 P 29.79 38.80 3673
254 P 29.82 38.82 3489
255 P 31.35 38.45 2792
