% Nframe | type | QP | PSNR | size (Bytes) 
0 I 26.22 39.81 20953
1 P 27.76 39.75 259
2 P 30.35 39.39 1396
3 P 30.67 39.32 1488
4 P 29.04 39.22 1438
5 P 29.59 39.23 2205
6 P 30.25 39.35 1948
7 P 30.36 39.34 382
8 P 29.98 39.17 2005
9 P 30.19 39.12 2134
10 P 29.87 39.22 2821
11 P 30.46 39.09 2437
12 P 35.65 38.11 1442
13 P 34.62 38.25 1872
14 P 31.58 38.50 864
15 P 29.69 39.12 3900
16 P 27.62 39.58 3744
17 P 24.89 40.01 4545
18 P 24.25 40.38 5067
19 P 23.12 41.06 6827
20 P 22.32 41.40 6498
21 P 22.24 41.75 6969
22 P 21.92 42.01 6935
23 P 21.86 42.16 6561
24 P 19.91 42.68 11052
25 P 20.56 42.83 3653
26 P 20.00 43.04 8248
27 P 20.58 43.00 6929
28 P 20.46 43.07 6814
29 P 20.20 43.12 7640
30 P 19.81 43.22 6618
31 P 19.11 43.22 2968
32 P 20.06 43.06 6330
33 P 21.00 42.94 6236
34 P 20.90 42.91 8547
35 P 21.14 42.83 7436
36 P 21.92 42.60 6810
37 P 21.24 42.73 8736
38 P 20.95 42.64 3676
39 P 20.69 42.47 9484
40 P 20.61 42.48 7853
41 P 21.51 42.53 7345
42 P 20.59 42.57 6875
43 P 20.73 42.70 7978
44 P 20.77 42.71 7793
45 P 21.31 42.77 7905
46 P 21.93 42.69 7004
47 P 21.93 42.65 6971
48 P 21.55 42.72 8547
49 P 21.24 42.72 3690
50 P 22.17 42.68 6950
51 P 21.96 42.59 6682
52 P 21.83 42.47 6671
53 P 22.10 42.31 7201
54 P 21.41 42.51 13266
55 P 22.18 42.43 3354
56 P 23.12 42.24 6264
57 P 22.53 42.11 6026
58 P 22.45 42.14 7917
59 P 22.33 42.06 6784
60 P 22.42 42.00 6832
61 P 22.69 42.03 6884
62 P 22.30 42.01 7491
63 P 21.76 42.07 7120
64 P 21.67 42.09 7147
65 P 22.60 42.10 6507
66 P 23.17 41.96 6077
67 P 23.37 41.95 6445
68 P 23.32 41.95 6697
69 P 23.39 41.93 6784
70 P 22.88 41.88 6822
71 P 23.93 41.80 6724
72 P 22.88 42.07 8768
73 P 23.38 42.07 2880
74 P 22.70 41.76 6613
75 P 22.59 41.85 6416
76 P 22.26 41.77 6081
77 P 22.39 41.77 6927
78 P 23.26 41.98 6130
79 P 23.32 41.98 2490
80 P 23.06 41.80 5810
81 P 23.52 41.78 5231
82 P 23.29 41.81 6691
83 P 23.80 41.82 5252
84 P 23.30 41.75 5438
85 P 22.61 41.81 6025
86 P 24.51 41.82 5488
87 P 24.32 41.77 5355
88 P 24.17 41.82 5831
89 P 24.10 41.76 4840
90 P 23.94 41.81 4842
91 P 23.60 41.83 5516
92 P 24.29 41.83 5872
93 P 24.11 41.85 5908
94 P 23.98 41.80 5907
95 P 23.93 41.73 5792
96 P 23.74 42.05 8259
97 P 23.01 42.03 2635
98 P 22.77 41.84 6411
99 P 23.72 41.91 7289
100 P 24.13 41.82 7160
101 P 24.19 41.80 8804
102 P 23.48 41.95 8465
103 P 22.50 42.00 3521
104 P 23.44 41.83 6851
105 P 22.75 42.02 8450
106 P 22.74 42.05 6964
107 P 23.79 42.01 7237
108 P 23.84 41.83 6715
109 P 24.29 42.21 12281
110 P 24.23 42.11 6912
111 P 24.43 42.08 6939
112 P 24.26 42.11 6070
113 P 23.62 42.00 5751
114 P 23.80 41.99 5941
115 P 24.05 42.09 5870
116 P 24.43 42.01 6298
117 P 24.08 42.01 6565
118 P 24.15 41.98 6769
119 P 23.98 41.90 6167
120 P 24.13 41.87 5858
121 P 23.85 41.82 5634
122 P 23.60 41.80 5458
123 P 24.62 41.87 5988
124 P 24.08 42.00 5804
125 P 23.96 41.96 2240
126 P 24.34 41.91 4789
127 P 24.18 41.95 5046
128 P 24.32 41.99 5547
129 P 24.47 42.04 5052
130 P 24.03 42.07 5550
131 P 24.17 42.02 2600
132 P 24.64 41.88 5586
133 P 24.66 41.91 7022
134 P 24.64 41.93 5890
135 P 24.47 41.92 5802
136 P 24.92 41.94 5591
137 P 24.78 42.00 4807
138 P 24.97 42.06 4945
139 P 24.71 42.07 4894
140 P 24.28 42.10 4726
141 P 24.16 42.12 5111
142 P 24.23 42.24 6515
143 P 23.17 42.23 3249
144 P 24.06 42.19 5297
145 P 24.33 42.15 4484
146 P 24.26 42.08 4391
147 P 24.76 42.06 5384
148 P 24.46 42.17 5220
149 P 23.67 42.23 1933
150 P 24.32 42.15 4699
151 P 24.04 42.10 4681
152 P 24.32 42.18 6307
153 P 23.11 42.11 5836
154 P 24.24 42.13 5781
155 P 23.48 42.13 2867
156 P 24.48 42.04 5213
157 P 24.14 42.12 7620
158 P 24.38 42.13 5860
159 P 24.10 42.08 5641
160 P 23.88 42.04 5845
161 P 23.70 42.12 5880
162 P 23.81 42.04 4914
163 P 23.86 42.14 11486
164 P 23.55 42.00 6550
165 P 23.50 42.03 5887
166 P 23.58 42.23 8123
167 P 22.69 42.27 2433
168 P 23.61 42.13 6615
169 P 23.48 42.07 6203
170 P 23.61 42.01 6587
171 P 24.04 42.08 8293
172 P 23.71 42.17 7566
173 P 23.81 42.05 3537
174 P 23.93 41.98 7212
175 P 24.17 41.93 6970
176 P 24.06 42.06 8738
177 P 23.82 42.06 7214
178 P 23.35 42.16 7507
179 P 22.79 42.18 2785
180 P 23.80 42.06 6037
181 P 23.58 42.09 7142
182 P 23.63 42.05 5494
183 P 23.61 42.05 5929
184 P 23.42 42.08 5993
185 P 23.33 42.05 6343
186 P 23.74 42.09 6890
187 P 23.47 42.09 6742
188 P 23.43 42.06 6901
189 P 23.69 42.02 5940
190 P 23.51 42.10 7703
191 P 22.85 42.18 2814
192 P 23.45 42.05 5901
193 P 23.64 42.06 6175
194 P 23.62 42.02 6067
195 P 23.39 42.04 7333
196 P 23.34 42.12 7012
197 P 23.05 42.12 3183
198 P 23.77 42.04 6247
199 P 23.72 42.02 6135
200 P 23.82 42.06 7852
201 P 23.78 42.00 6838
202 P 23.62 42.05 7425
203 P 23.70 41.99 4518
204 P 23.91 42.01 8351
205 P 23.99 41.97 7653
206 P 23.92 42.04 6105
207 P 23.73 42.11 6180
208 P 24.24 42.07 5658
209 P 24.29 41.91 5080
210 P 24.17 42.56 9297
211 P 23.74 42.46 5096
212 P 23.92 42.47 5384
213 P 23.83 42.39 5531
214 P 23.19 42.62 8196
215 P 22.98 42.59 2060
216 P 23.55 42.46 5772
217 P 23.70 42.43 5738
218 P 23.75 42.40 5186
219 P 23.33 42.39 6537
220 P 23.27 42.57 5694
221 P 22.86 42.58 1888
222 P 23.18 42.41 5322
223 P 23.33 42.32 5695
224 P 23.76 42.35 7497
225 P 23.85 42.36 7029
226 P 24.16 42.45 7096
227 P 23.57 42.41 2762
228 P 23.75 42.33 8319
229 P 23.68 42.35 6485
230 P 23.38 42.42 5957
231 P 23.30 42.37 5566
232 P 23.79 42.39 5443
233 P 23.38 42.45 5144
234 P 23.24 42.46 4902
235 P 23.32 42.46 5270
236 P 23.14 42.41 5550
237 P 23.59 42.30 5570
238 P 23.36 42.37 7920
239 P 22.78 42.40 2878
240 P 23.42 42.28 6238
241 P 23.93 42.23 6107
242 P 23.82 42.20 5432
243 P 23.93 42.31 7085
244 P 23.11 42.43 5703
245 P 23.26 42.50 2124
246 P 23.40 42.41 4916
247 P 23.34 42.36 6215
248 P 23.25 42.34 5123
249 P 23.77 42.31 5309
250 P 23.57 42.38 5402
251 P 23.01 42.34 2107
252 P 23.36 42.17 6130
253 P 23.74 42.20 5701
254 P 23.84 42.25 5192
255 P 23.49 41.85 3996
