% Nframe | type | QP | PSNR | size (Bytes) 
0 I 36.65 30.77 3317
1 P 37.37 30.77 34
2 P 39.91 30.48 86
3 P 40.37 30.40 131
4 P 40.54 30.35 139
5 P 39.79 30.33 233
6 P 39.54 30.45 249
7 P 39.00 30.46 33
8 P 40.52 30.42 235
9 P 40.73 30.23 223
10 P 40.08 30.31 356
11 P 40.23 30.02 241
12 P 44.77 29.34 176
13 P 44.00 29.54 252
14 P 41.88 29.72 79
15 P 39.41 30.37 545
16 P 36.36 30.96 635
17 P 34.66 31.64 827
18 P 34.06 32.06 890
19 P 32.86 32.67 1155
20 P 31.75 33.14 1066
21 P 31.09 33.59 1190
22 P 31.04 33.93 1076
23 P 31.02 34.19 1104
24 P 29.18 34.86 2177
25 P 29.23 35.03 395
26 P 28.07 35.24 1216
27 P 30.08 35.26 1026
28 P 30.16 35.30 976
29 P 30.69 35.38 1053
30 P 29.84 35.55 891
31 P 28.47 35.49 117
32 P 30.55 35.33 855
33 P 31.01 35.24 855
34 P 31.27 35.16 1278
35 P 30.59 35.06 968
36 P 31.43 34.81 966
37 P 30.86 34.96 1267
38 P 31.01 34.86 278
39 P 30.56 34.82 1567
40 P 30.98 34.70 1142
41 P 29.07 34.83 1180
42 P 31.45 34.91 1113
43 P 29.69 35.08 1240
44 P 30.63 35.13 1183
45 P 30.80 35.17 1176
46 P 30.97 35.21 1121
47 P 31.06 35.11 1098
48 P 30.57 35.28 1451
49 P 30.42 35.37 413
50 P 30.70 35.30 1069
51 P 30.63 35.29 1013
52 P 31.22 35.11 961
53 P 30.92 34.92 1200
54 P 30.34 35.38 2592
55 P 30.05 35.35 332
56 P 31.23 34.99 837
57 P 30.98 34.90 1008
58 P 29.72 34.97 1471
59 P 30.33 34.93 1121
60 P 30.10 34.83 1098
61 P 31.19 35.02 1248
62 P 30.29 34.94 1300
63 P 30.88 34.96 1323
64 P 30.21 35.00 1250
65 P 30.95 34.91 1124
66 P 30.71 34.84 1113
67 P 30.81 34.91 1187
68 P 29.72 34.91 1247
69 P 31.50 34.88 1182
70 P 29.90 34.75 1134
71 P 30.90 34.55 1159
72 P 30.70 34.96 1574
73 P 30.94 35.02 366
74 P 31.07 34.72 1097
75 P 30.84 34.85 1075
76 P 30.95 34.73 1047
77 P 30.81 34.69 1237
78 P 30.87 34.87 1019
79 P 30.47 34.89 309
80 P 31.08 34.72 953
81 P 31.14 34.72 880
82 P 30.86 34.77 1251
83 P 30.94 34.68 942
84 P 31.93 34.68 886
85 P 31.67 34.66 1016
86 P 32.36 34.59 881
87 P 31.19 34.57 909
88 P 30.79 34.61 1047
89 P 31.21 34.59 903
90 P 31.57 34.73 863
91 P 31.80 34.68 898
92 P 31.61 34.62 1039
93 P 31.28 34.70 1109
94 P 32.11 34.61 1113
95 P 32.31 34.56 1039
96 P 31.60 34.93 1540
97 P 31.02 34.91 248
98 P 31.49 34.81 1146
99 P 31.61 34.82 1285
100 P 31.38 34.71 1244
101 P 31.08 34.59 1569
102 P 31.04 34.90 1484
103 P 31.12 34.92 447
104 P 31.13 34.62 1266
105 P 30.12 34.88 1479
106 P 31.40 34.78 1172
107 P 31.75 34.78 1239
108 P 32.11 34.54 1124
109 P 31.31 35.10 2203
110 P 31.72 35.08 1149
111 P 31.68 35.04 1112
112 P 31.72 34.96 897
113 P 31.68 34.92 871
114 P 31.88 34.88 845
115 P 31.00 35.07 935
116 P 31.51 34.90 927
117 P 31.52 34.81 924
118 P 30.99 34.90 1033
119 P 31.66 34.80 929
120 P 31.95 34.88 935
121 P 31.49 34.83 841
122 P 32.41 34.71 740
123 P 31.56 34.83 943
124 P 31.27 34.99 843
125 P 31.58 35.02 213
126 P 31.96 34.92 721
127 P 31.53 34.91 727
128 P 32.11 34.94 849
129 P 31.26 35.02 723
130 P 32.22 35.12 886
131 P 31.32 35.05 253
132 P 32.47 34.92 852
133 P 32.33 34.91 1005
134 P 32.04 34.99 855
135 P 31.54 35.03 837
136 P 31.93 35.01 823
137 P 32.05 35.10 686
138 P 31.29 35.10 599
139 P 31.14 35.06 606
140 P 29.88 35.22 707
141 P 30.73 35.22 677
142 P 30.79 35.34 941
143 P 31.17 35.43 347
144 P 31.25 35.32 695
145 P 30.51 35.29 628
146 P 31.13 35.22 554
147 P 31.09 35.20 859
148 P 30.49 35.31 770
149 P 30.21 35.36 203
150 P 31.14 35.28 674
151 P 31.36 35.25 680
152 P 30.92 35.28 973
153 P 31.20 35.25 813
154 P 30.84 35.44 1047
155 P 30.78 35.43 296
156 P 30.99 35.34 834
157 P 30.35 35.39 1283
158 P 30.49 35.43 907
159 P 30.84 35.35 968
160 P 30.54 35.33 902
161 P 30.46 35.33 1001
162 P 30.80 35.29 781
163 P 30.35 35.48 2145
164 P 30.60 35.42 1000
165 P 30.31 35.27 934
166 P 30.00 35.59 1459
167 P 29.79 35.67 306
168 P 30.67 35.44 1090
169 P 29.82 35.35 1055
170 P 30.38 35.21 1095
171 P 30.21 35.31 1508
172 P 30.07 35.37 1346
173 P 30.37 35.39 424
174 P 30.44 35.23 1273
175 P 30.54 35.28 1214
176 P 30.49 35.36 1538
177 P 30.34 35.34 1151
178 P 30.35 35.54 1269
179 P 29.77 35.57 299
180 P 30.46 35.37 896
181 P 29.91 35.47 1300
182 P 29.72 35.38 857
183 P 30.40 35.40 1001
184 P 30.44 35.53 1010
185 P 30.46 35.42 1016
186 P 29.96 35.37 981
187 P 30.44 35.42 1095
188 P 30.38 35.29 1041
189 P 30.84 35.28 938
190 P 30.21 35.53 1429
191 P 30.11 35.64 328
192 P 30.24 35.44 937
193 P 30.20 35.33 884
194 P 30.45 35.31 907
195 P 30.11 35.40 1184
196 P 29.79 35.52 1187
197 P 30.55 35.52 354
198 P 30.26 35.45 1006
199 P 30.58 35.36 957
200 P 30.47 35.50 1323
201 P 30.57 35.40 1041
202 P 30.15 35.48 1229
203 P 30.05 35.41 457
204 P 29.98 35.36 1367
205 P 29.69 35.36 1108
206 P 30.12 35.39 1023
207 P 30.11 35.46 991
208 P 30.05 35.49 939
209 P 30.97 35.31 701
210 P 30.69 35.98 1822
211 P 31.06 35.80 851
212 P 30.66 35.78 1051
213 P 29.53 35.79 1083
214 P 29.27 36.05 1604
215 P 30.81 36.06 189
216 P 29.94 35.89 1027
217 P 30.38 35.77 1031
218 P 29.30 35.85 1100
219 P 29.04 35.86 1173
220 P 29.33 35.97 1010
221 P 30.03 35.98 166
222 P 30.74 35.79 922
223 P 29.83 35.70 1001
224 P 30.70 35.78 1405
225 P 30.46 35.75 1239
226 P 30.57 35.85 1364
227 P 30.32 35.86 313
228 P 30.95 35.84 1584
229 P 30.29 35.74 1021
230 P 30.21 35.77 974
231 P 30.09 35.76 976
232 P 30.54 35.75 907
233 P 29.74 35.82 883
234 P 30.53 35.79 756
235 P 29.53 35.84 896
236 P 30.23 35.75 903
237 P 30.53 35.67 927
238 P 29.63 35.89 1499
239 P 30.11 35.90 365
240 P 30.47 35.67 1018
241 P 30.29 35.59 1066
242 P 31.04 35.54 1030
243 P 29.87 35.67 1468
244 P 29.50 35.77 1095
245 P 30.21 35.82 291
246 P 30.07 35.70 1014
247 P 30.03 35.73 1246
248 P 30.27 35.69 935
249 P 30.38 35.66 954
250 P 30.25 35.70 956
251 P 29.99 35.70 281
252 P 30.18 35.62 1180
253 P 29.52 35.57 893
254 P 30.62 35.46 904
255 P 33.16 35.15 770
