% Nframe | type | QP | PSNR | size (Bytes) 
0 I 19.69 43.36 10524
1 P 18.85 43.31 118
2 P 20.87 42.89 1016
3 P 19.28 42.76 985
4 P 21.00 42.50 936
5 P 21.50 42.68 1396
6 P 21.25 42.79 1224
7 P 20.43 42.71 220
8 P 21.23 42.50 1434
9 P 21.44 42.57 1447
10 P 21.36 42.41 1634
11 P 21.48 42.50 1703
12 P 24.25 41.44 1085
13 P 20.15 43.01 2605
14 P 17.25 44.08 2132
15 P 15.40 45.31 4834
16 P 14.23 46.26 4859
17 P 13.11 47.12 5070
18 P 12.30 47.74 5605
19 P 11.18 48.64 6858
20 P 10.70 49.18 6336
21 P 10.45 49.49 6465
22 P 9.82 49.74 6934
23 P 9.82 49.70 6454
24 P 9.16 50.68 8443
25 P 9.52 50.76 3422
26 P 9.25 50.63 5852
27 P 9.29 50.59 5518
28 P 9.54 50.53 5472
29 P 9.56 50.54 5982
30 P 9.30 50.76 5614
31 P 9.59 50.71 2993
32 P 9.21 50.49 5687
33 P 9.43 50.46 5716
34 P 9.94 50.44 6890
35 P 9.95 50.23 6253
36 P 10.18 50.03 6354
37 P 9.81 50.42 7229
38 P 9.51 50.35 3818
39 P 9.66 50.18 8101
40 P 9.35 50.18 7584
41 P 9.58 50.28 7083
42 P 9.48 50.43 6941
43 P 9.02 50.61 7255
44 P 9.23 50.76 7584
45 P 9.30 50.62 7376
46 P 9.29 50.64 7332
47 P 9.23 50.61 7444
48 P 9.32 50.77 7996
49 P 9.33 50.72 3952
50 P 9.22 50.68 7596
51 P 9.16 50.65 7481
52 P 9.32 50.44 7251
53 P 9.53 50.15 7751
54 P 9.45 50.98 9702
55 P 9.29 50.89 3902
56 P 9.34 50.46 7177
57 P 9.48 50.18 6638
58 P 9.22 50.41 7759
59 P 9.19 50.39 7226
60 P 9.20 50.31 7115
61 P 9.09 50.29 7605
62 P 9.03 50.14 7621
63 P 8.87 50.28 7555
64 P 9.14 50.31 7271
65 P 9.17 50.23 6763
66 P 9.73 50.25 6490
67 P 9.20 50.28 6810
68 P 9.49 50.37 6953
69 P 9.58 50.22 6659
70 P 9.47 50.20 6792
71 P 9.70 50.08 6890
72 P 9.61 50.36 7415
73 P 9.63 50.36 3454
74 P 9.71 50.04 6589
75 P 9.71 50.05 6281
76 P 10.17 49.97 6244
77 P 9.62 49.98 6595
78 P 9.40 50.30 6272
79 P 9.65 50.24 3293
80 P 9.86 50.10 6031
81 P 9.74 49.97 5787
82 P 10.04 50.10 6592
83 P 10.12 50.04 5983
84 P 10.12 49.92 5968
85 P 10.15 50.07 6253
86 P 10.34 49.97 6039
87 P 10.31 49.93 6168
88 P 10.49 49.99 6479
89 P 10.50 49.98 6137
90 P 10.55 49.87 5829
91 P 10.42 49.88 6583
92 P 11.05 49.92 6643
93 P 10.48 49.92 6805
94 P 10.46 49.84 6900
95 P 10.40 49.83 6627
96 P 10.55 50.03 7573
97 P 10.02 50.01 3725
98 P 10.57 49.82 7248
99 P 10.69 49.80 7352
100 P 11.02 49.72 7150
101 P 10.14 49.79 7997
102 P 10.19 50.09 7865
103 P 11.25 50.11 3933
104 P 11.00 49.67 7070
105 P 10.80 49.99 7568
106 P 10.22 49.97 7088
107 P 10.29 49.97 7260
108 P 10.55 49.56 6673
109 P 10.62 50.25 9516
110 P 10.67 49.96 7227
111 P 10.65 49.82 7060
112 P 10.71 49.76 6388
113 P 10.77 49.77 6662
114 P 10.81 49.84 6632
115 P 10.62 49.90 6663
116 P 10.70 49.75 6865
117 P 10.75 49.83 6841
118 P 10.89 49.74 7039
119 P 10.73 49.77 7032
120 P 10.82 49.69 6761
121 P 10.90 49.84 6580
122 P 10.97 49.72 6118
123 P 10.99 49.77 6630
124 P 10.81 49.90 6170
125 P 11.33 49.90 3291
126 P 11.32 49.78 5797
127 P 11.43 49.85 5877
128 P 11.40 49.80 6062
129 P 11.41 49.72 5470
130 P 11.24 49.89 6058
131 P 11.39 49.84 3454
132 P 11.18 49.46 6100
133 P 11.07 49.56 6906
134 P 11.05 49.62 6283
135 P 11.14 49.57 5902
136 P 11.07 49.68 5907
137 P 10.94 49.82 5522
138 P 10.93 49.83 5385
139 P 10.70 49.88 5569
140 P 10.82 49.83 5424
141 P 10.94 49.78 5524
142 P 10.73 50.05 6521
143 P 10.70 49.96 4188
144 P 10.69 49.93 5861
145 P 10.80 49.93 4961
146 P 10.74 49.85 4903
147 P 10.90 49.93 5836
148 P 10.70 50.03 5278
149 P 10.65 49.99 2734
150 P 10.75 49.85 5172
151 P 10.92 49.80 5291
152 P 10.85 49.88 6220
153 P 10.88 49.75 5922
154 P 10.84 49.84 5714
155 P 11.27 49.85 3153
156 P 10.95 49.53 5384
157 P 10.77 49.81 7077
158 P 10.80 49.76 6089
159 P 10.63 49.74 5803
160 P 10.70 49.86 5964
161 P 11.00 49.88 6121
162 P 11.56 49.50 5282
163 P 10.99 49.96 8261
164 P 10.99 49.71 6032
165 P 10.86 49.63 5512
166 P 10.91 50.07 6738
167 P 11.02 50.10 2966
168 P 10.74 49.84 6402
169 P 10.65 49.82 6490
170 P 10.85 49.68 6465
171 P 10.87 49.68 7328
172 P 10.80 49.90 7040
173 P 10.74 49.85 4434
174 P 10.86 49.68 6972
175 P 10.90 49.59 6800
176 P 10.85 49.79 7606
177 P 10.76 49.71 6858
178 P 10.62 49.91 7135
179 P 11.02 49.91 3155
180 P 10.43 49.75 6253
181 P 11.00 49.76 6530
182 P 11.12 49.79 5842
183 P 10.62 49.82 5879
184 P 10.68 49.71 6075
185 P 10.48 49.83 6607
186 P 11.07 49.85 6981
187 P 11.22 49.74 6756
188 P 11.11 49.77 7030
189 P 11.12 49.52 6123
190 P 10.57 49.93 7055
191 P 11.00 49.93 3234
192 P 10.54 49.88 6321
193 P 10.55 49.88 6371
194 P 10.63 49.56 6237
195 P 10.62 49.90 7127
196 P 10.51 49.94 6891
197 P 10.55 49.95 3776
198 P 10.64 49.74 6277
199 P 10.55 49.68 6169
200 P 10.57 49.79 7021
201 P 10.79 49.78 6447
202 P 10.81 49.75 6738
203 P 10.74 49.79 4984
204 P 10.73 49.74 7093
205 P 10.78 49.69 6864
206 P 10.86 49.79 5985
207 P 10.75 49.83 5831
208 P 10.73 49.87 5881
209 P 11.10 49.54 5051
210 P 10.83 50.16 7559
211 P 10.83 49.96 5223
212 P 10.85 49.92 5415
213 P 10.76 49.90 5835
214 P 10.50 50.19 7186
215 P 10.54 50.06 2425
216 P 10.87 49.84 5954
217 P 10.73 49.81 5814
218 P 10.65 49.86 5628
219 P 10.88 49.82 6016
220 P 10.43 50.05 5816
221 P 10.60 49.99 2596
222 P 11.05 49.72 5976
223 P 10.94 49.76 6475
224 P 10.87 49.76 7235
225 P 10.73 49.71 6961
226 P 10.66 50.00 7559
227 P 10.52 49.90 3467
228 P 10.81 49.82 7755
229 P 10.35 49.85 6957
230 P 10.57 49.94 6357
231 P 10.61 50.02 6238
232 P 10.53 49.95 6217
233 P 10.33 50.01 6022
234 P 10.11 50.03 5785
235 P 10.13 49.96 5838
236 P 10.62 49.83 5966
237 P 10.82 49.88 6261
238 P 10.48 50.07 7530
239 P 10.18 50.06 3418
240 P 10.50 49.83 6660
241 P 10.46 49.95 6627
242 P 10.55 49.75 6161
243 P 10.53 49.76 6840
244 P 10.46 50.06 6218
245 P 10.38 49.99 2798
246 P 10.51 49.86 5887
247 P 10.65 49.82 6395
248 P 10.66 49.84 5822
249 P 10.42 49.83 5801
250 P 10.59 49.84 5747
251 P 10.27 49.85 2753
252 P 10.51 49.77 6216
253 P 10.82 49.77 6130
254 P 10.63 49.75 5896
255 P 12.57 49.05 4564
