% Nframe | type | QP | PSNR | size (Bytes) 
0 I 44.92 26.39 2443
1 P 49.52 26.41 21
2 P 50.25 26.24 48
3 P 49.51 26.06 77
4 P 49.76 26.03 81
5 P 48.83 25.97 136
6 P 48.07 26.08 128
7 P 49.00 26.08 21
8 P 48.82 25.99 132
9 P 49.80 26.03 151
10 P 49.17 26.06 213
11 P 49.44 26.01 167
12 P 50.59 25.86 141
13 P 51.00 25.72 131
14 P 50.58 25.77 50
15 P 50.34 25.88 248
16 P 48.94 26.05 226
17 P 47.67 26.24 215
18 P 47.46 26.32 256
19 P 46.22 26.57 343
20 P 44.16 26.80 375
21 P 42.29 26.92 335
22 P 44.25 27.17 412
23 P 43.85 27.30 415
24 P 41.37 27.75 1147
25 P 41.19 27.81 143
26 P 42.06 27.89 425
27 P 42.68 27.97 420
28 P 42.44 28.04 415
29 P 40.95 28.25 566
30 P 38.33 28.35 469
31 P 35.97 28.36 120
32 P 39.89 28.42 431
33 P 41.19 28.50 448
34 P 40.05 28.49 720
35 P 40.48 28.50 548
36 P 42.81 28.33 439
37 P 41.26 28.35 578
38 P 40.95 28.37 148
39 P 39.79 28.28 751
40 P 39.51 28.37 587
41 P 40.05 28.53 575
42 P 41.16 28.50 534
43 P 39.84 28.57 663
44 P 40.33 28.56 546
45 P 39.75 28.71 575
46 P 40.29 28.72 553
47 P 40.80 28.69 513
48 P 41.36 28.74 732
49 P 40.84 28.76 154
50 P 39.82 28.79 537
51 P 41.26 28.83 508
52 P 41.36 28.68 428
53 P 41.41 28.55 544
54 P 40.09 28.77 1515
55 P 40.37 28.78 159
56 P 40.87 28.60 375
57 P 40.92 28.38 423
58 P 40.76 28.54 614
59 P 41.56 28.47 471
60 P 40.32 28.49 479
61 P 42.18 28.47 484
62 P 40.90 28.50 579
63 P 41.60 28.53 588
64 P 40.91 28.50 564
65 P 40.85 28.51 527
66 P 41.07 28.44 453
67 P 41.90 28.49 540
68 P 39.98 28.48 559
69 P 41.33 28.43 545
70 P 41.11 28.47 546
71 P 41.62 28.40 566
72 P 40.61 28.63 795
73 P 41.53 28.67 170
74 P 40.96 28.51 521
75 P 40.61 28.62 541
76 P 42.83 28.48 456
77 P 40.44 28.56 616
78 P 40.49 28.69 523
79 P 42.14 28.66 112
80 P 41.13 28.58 449
81 P 41.42 28.56 443
82 P 41.15 28.63 568
83 P 40.81 28.64 444
84 P 41.11 28.58 443
85 P 41.08 28.61 497
86 P 42.27 28.58 443
87 P 41.53 28.53 438
88 P 41.07 28.54 531
89 P 41.99 28.61 389
90 P 41.77 28.61 404
91 P 41.30 28.60 466
92 P 41.42 28.56 497
93 P 40.99 28.67 544
94 P 42.64 28.64 485
95 P 40.87 28.60 509
96 P 39.99 28.81 807
97 P 42.33 28.81 139
98 P 39.97 28.78 577
99 P 40.63 28.68 611
100 P 39.62 28.71 605
101 P 39.92 28.76 796
102 P 40.80 28.73 664
103 P 40.09 28.72 199
104 P 40.77 28.63 605
105 P 40.31 28.86 798
106 P 40.31 28.80 562
107 P 41.27 28.82 621
108 P 42.68 28.71 516
109 P 41.69 28.98 1200
110 P 41.17 28.99 564
111 P 40.87 28.97 539
112 P 41.08 28.94 431
113 P 41.26 28.80 346
114 P 42.08 28.86 394
115 P 41.67 28.91 439
116 P 40.63 28.95 483
117 P 41.09 28.94 504
118 P 41.23 28.91 485
119 P 41.52 28.86 450
120 P 42.21 28.86 442
121 P 41.47 28.85 393
122 P 42.06 28.83 335
123 P 42.19 28.84 448
124 P 41.05 28.89 474
125 P 41.50 28.86 106
126 P 41.42 28.81 360
127 P 41.38 28.90 345
128 P 41.53 28.97 409
129 P 42.16 28.96 321
130 P 41.29 29.08 370
131 P 41.36 29.10 118
132 P 42.00 28.97 373
133 P 41.76 29.05 506
134 P 42.25 29.07 360
135 P 41.07 29.09 381
136 P 41.47 28.98 337
137 P 41.25 29.05 304
138 P 42.38 29.10 332
139 P 41.23 29.13 311
140 P 42.32 29.12 263
141 P 41.77 29.12 321
142 P 40.59 29.27 470
143 P 41.43 29.29 130
144 P 38.84 29.19 290
145 P 41.99 29.17 290
146 P 40.77 29.11 249
147 P 41.04 29.03 338
148 P 39.31 29.22 380
149 P 40.59 29.29 109
150 P 41.62 29.24 283
151 P 40.83 29.27 317
152 P 41.05 29.37 439
153 P 39.77 29.31 345
154 P 39.95 29.35 435
155 P 40.77 29.40 159
156 P 39.92 29.31 359
157 P 37.86 29.43 670
158 P 40.30 29.45 440
159 P 40.13 29.50 489
160 P 39.64 29.51 507
161 P 38.98 29.53 490
162 P 39.97 29.54 346
163 P 38.86 29.65 1346
164 P 37.92 29.59 448
165 P 40.63 29.47 404
166 P 40.05 29.71 758
167 P 39.56 29.76 113
168 P 39.85 29.71 506
169 P 39.78 29.67 504
170 P 39.74 29.66 546
171 P 40.21 29.66 730
172 P 39.84 29.72 625
173 P 39.29 29.76 237
174 P 39.30 29.68 568
175 P 40.30 29.60 474
176 P 40.06 29.68 750
177 P 40.27 29.66 558
178 P 40.04 29.79 603
179 P 38.61 29.83 143
180 P 40.34 29.71 423
181 P 40.25 29.74 548
182 P 40.10 29.72 423
183 P 39.46 29.76 498
184 P 40.06 29.71 409
185 P 40.40 29.78 519
186 P 40.21 29.75 487
187 P 40.01 29.73 480
188 P 39.94 29.67 457
189 P 39.48 29.73 444
190 P 39.22 29.82 711
191 P 39.45 29.87 134
192 P 40.30 29.73 339
193 P 38.93 29.76 489
194 P 39.28 29.69 442
195 P 40.08 29.78 640
196 P 39.16 29.82 538
197 P 39.75 29.85 199
198 P 39.51 29.83 481
199 P 39.73 29.81 454
200 P 40.01 29.87 646
201 P 40.16 29.81 435
202 P 39.12 29.86 596
203 P 39.68 29.92 258
204 P 39.38 29.87 619
205 P 39.68 29.78 489
206 P 39.77 29.84 449
207 P 39.80 29.79 443
208 P 40.68 29.87 466
209 P 39.96 29.74 359
210 P 40.30 30.33 1076
211 P 40.38 30.32 411
212 P 39.94 30.28 480
213 P 38.87 30.23 537
214 P 40.37 30.46 917
215 P 38.50 30.47 102
216 P 39.82 30.32 584
217 P 38.81 30.26 564
218 P 39.42 30.24 558
219 P 40.11 30.30 748
220 P 39.92 30.39 500
221 P 40.32 30.44 98
222 P 40.42 30.32 456
223 P 40.95 30.30 570
224 P 40.03 30.30 757
225 P 40.27 30.29 643
226 P 39.74 30.43 791
227 P 40.18 30.36 130
228 P 38.77 30.31 838
229 P 39.09 30.30 563
230 P 39.53 30.29 461
231 P 38.70 30.30 458
232 P 40.01 30.22 399
233 P 40.33 30.25 467
234 P 39.55 30.29 417
235 P 39.12 30.24 418
236 P 39.40 30.31 449
237 P 39.45 30.16 431
238 P 39.34 30.33 816
239 P 39.38 30.36 177
240 P 40.20 30.19 563
241 P 39.26 30.17 631
242 P 40.75 30.10 548
243 P 39.28 30.16 774
244 P 38.72 30.18 551
245 P 39.43 30.22 182
246 P 39.86 30.12 486
247 P 39.57 30.17 616
248 P 39.14 30.12 460
249 P 39.37 30.06 474
250 P 39.28 30.08 485
251 P 39.65 30.12 152
252 P 39.22 30.07 559
253 P 39.42 29.99 424
254 P 39.76 29.97 478
255 P 41.24 29.74 366
