% Nframe | type | QP | PSNR | size (Bytes) 
0 I 42.58 26.77 1919
1 P 45.00 26.80 22
2 P 46.26 26.65 40
3 P 46.10 26.46 38
4 P 45.95 26.51 62
5 P 46.42 26.50 98
6 P 45.87 26.62 102
7 P 45.00 26.60 14
8 P 46.22 26.54 90
9 P 46.69 26.43 86
10 P 46.24 26.55 177
11 P 46.24 26.40 121
12 P 49.96 25.89 80
13 P 50.52 25.81 102
14 P 47.31 25.89 46
15 P 46.84 26.39 243
16 P 44.40 26.73 242
17 P 42.40 27.27 336
18 P 41.40 27.54 341
19 P 39.73 28.03 537
20 P 39.22 28.64 599
21 P 38.22 29.01 582
22 P 37.62 29.27 438
23 P 38.33 29.44 546
24 P 35.42 30.25 1294
25 P 34.13 30.48 259
26 P 34.90 30.61 593
27 P 35.77 30.71 561
28 P 36.46 30.70 454
29 P 36.71 30.91 591
30 P 36.02 31.02 422
31 P 36.39 31.06 88
32 P 36.18 30.92 397
33 P 37.68 30.77 374
34 P 36.89 30.82 682
35 P 37.60 30.65 435
36 P 39.25 30.20 414
37 P 37.12 30.48 640
38 P 37.32 30.48 101
39 P 37.97 30.26 685
40 P 36.76 30.26 516
41 P 34.17 30.25 580
42 P 37.91 30.51 591
43 P 36.85 30.53 564
44 P 37.06 30.53 553
45 P 37.22 30.54 548
46 P 36.78 30.55 487
47 P 36.96 30.60 565
48 P 36.72 30.77 714
49 P 36.69 30.82 180
50 P 36.46 30.79 499
51 P 36.56 30.79 469
52 P 37.33 30.62 450
53 P 36.53 30.52 592
54 P 36.75 30.98 1464
55 P 35.14 30.97 136
56 P 36.41 30.66 362
57 P 37.01 30.52 418
58 P 35.62 30.50 648
59 P 36.30 30.48 535
60 P 36.29 30.59 551
61 P 35.57 30.67 535
62 P 35.69 30.46 550
63 P 35.63 30.58 623
64 P 35.05 30.62 599
65 P 36.94 30.57 525
66 P 37.09 30.42 487
67 P 36.93 30.56 597
68 P 35.28 30.47 591
69 P 37.13 30.47 542
70 P 35.78 30.37 592
71 P 36.25 30.30 581
72 P 36.52 30.78 868
73 P 32.96 30.72 125
74 P 36.97 30.57 540
75 P 37.34 30.71 549
76 P 37.53 30.57 491
77 P 36.24 30.65 635
78 P 37.35 30.68 477
79 P 37.41 30.72 135
80 P 37.53 30.50 471
81 P 35.98 30.50 455
82 P 37.11 30.69 640
83 P 37.43 30.59 450
84 P 38.20 30.49 453
85 P 37.94 30.43 443
86 P 37.57 30.64 501
87 P 37.00 30.43 475
88 P 36.71 30.55 560
89 P 36.44 30.57 468
90 P 35.85 30.53 410
91 P 37.62 30.58 460
92 P 37.49 30.63 535
93 P 38.26 30.54 546
94 P 38.21 30.51 545
95 P 38.24 30.34 516
96 P 37.13 30.75 862
97 P 37.39 30.75 97
98 P 37.02 30.65 572
99 P 37.49 30.75 636
100 P 37.74 30.58 577
101 P 37.05 30.56 797
102 P 36.35 30.68 739
103 P 37.44 30.70 179
104 P 36.39 30.51 657
105 P 35.81 30.80 815
106 P 37.42 30.71 597
107 P 37.52 30.65 599
108 P 37.37 30.46 530
109 P 37.18 31.04 1233
110 P 37.05 30.93 550
111 P 36.87 30.91 508
112 P 37.27 30.84 390
113 P 37.32 30.74 387
114 P 36.97 30.79 440
115 P 36.94 30.97 467
116 P 37.23 30.90 458
117 P 37.63 30.83 435
118 P 36.80 30.81 463
119 P 37.19 30.71 410
120 P 37.55 30.77 420
121 P 37.27 30.79 400
122 P 37.97 30.62 310
123 P 37.52 30.74 447
124 P 36.98 30.88 430
125 P 37.93 30.87 91
126 P 38.80 30.77 291
127 P 38.24 30.87 323
128 P 37.87 30.98 391
129 P 37.62 30.96 298
130 P 37.32 31.07 439
131 P 36.85 31.11 128
132 P 37.89 30.93 344
133 P 38.16 30.99 511
134 P 37.63 31.03 376
135 P 37.70 31.04 326
136 P 38.60 30.91 325
137 P 37.06 30.99 321
138 P 37.38 31.08 317
139 P 38.00 31.03 249
140 P 35.21 31.05 280
141 P 37.80 31.08 311
142 P 36.82 31.27 453
143 P 36.50 31.32 155
144 P 36.00 31.19 289
145 P 36.48 31.25 321
146 P 37.55 31.15 244
147 P 34.93 31.22 450
148 P 36.39 31.34 372
149 P 35.69 31.37 94
150 P 36.29 31.34 336
151 P 37.38 31.35 316
152 P 36.74 31.38 464
153 P 34.81 31.33 354
154 P 36.67 31.41 485
155 P 35.51 31.42 132
156 P 36.69 31.32 372
157 P 35.52 31.38 615
158 P 35.56 31.35 398
159 P 35.73 31.43 537
160 P 35.79 31.49 503
161 P 35.71 31.41 448
162 P 35.52 31.45 423
163 P 36.25 31.66 1244
164 P 35.52 31.64 492
165 P 35.60 31.44 368
166 P 35.97 31.66 761
167 P 34.70 31.76 187
168 P 35.63 31.60 520
169 P 35.27 31.52 502
170 P 36.01 31.59 558
171 P 35.95 31.57 749
172 P 35.85 31.64 721
173 P 35.54 31.66 182
174 P 36.52 31.46 583
175 P 35.70 31.55 586
176 P 36.66 31.49 724
177 P 35.71 31.51 565
178 P 36.12 31.66 622
179 P 35.31 31.74 165
180 P 34.82 31.60 443
181 P 36.02 31.62 621
182 P 36.08 31.58 412
183 P 35.84 31.71 539
184 P 35.65 31.69 465
185 P 35.93 31.57 459
186 P 36.26 31.60 491
187 P 35.93 31.66 538
188 P 36.26 31.56 490
189 P 35.58 31.59 481
190 P 35.54 31.62 660
191 P 35.44 31.71 146
192 P 35.29 31.58 427
193 P 35.62 31.55 464
194 P 36.13 31.51 452
195 P 35.71 31.73 674
196 P 35.57 31.67 521
197 P 35.73 31.71 209
198 P 35.68 31.65 494
199 P 35.88 31.58 473
200 P 35.96 31.60 630
201 P 36.01 31.67 522
202 P 35.89 31.70 566
203 P 35.17 31.66 220
204 P 36.13 31.57 656
205 P 35.69 31.55 490
206 P 35.67 31.62 531
207 P 35.51 31.59 470
208 P 35.75 31.69 472
209 P 35.25 31.50 327
210 P 35.90 32.21 1073
211 P 35.95 32.15 435
212 P 37.34 32.02 516
213 P 36.41 32.02 580
214 P 35.23 32.24 936
215 P 34.65 32.29 123
216 P 36.74 32.15 554
217 P 34.81 32.03 560
218 P 35.63 32.08 560
219 P 35.54 32.11 668
220 P 34.88 32.20 523
221 P 34.87 32.25 85
222 P 35.24 32.04 482
223 P 34.59 31.96 505
224 P 36.45 32.08 805
225 P 33.73 32.07 618
226 P 35.63 32.12 698
227 P 35.90 32.08 111
228 P 36.84 32.11 815
229 P 35.74 32.05 483
230 P 36.00 32.05 458
231 P 35.85 32.00 431
232 P 36.02 31.86 413
233 P 35.47 32.01 446
234 P 36.04 32.07 400
235 P 35.92 32.03 416
236 P 35.77 32.01 444
237 P 35.19 31.89 484
238 P 35.50 32.06 809
239 P 35.86 32.06 161
240 P 35.36 31.89 535
241 P 35.91 31.87 605
242 P 35.83 31.79 588
243 P 36.06 31.90 788
244 P 34.59 31.96 625
245 P 35.92 32.01 141
246 P 36.07 31.93 506
247 P 36.06 31.91 675
248 P 35.44 31.83 453
249 P 35.16 31.79 488
250 P 35.42 31.76 417
251 P 35.16 31.79 141
252 P 35.72 31.78 607
253 P 35.96 31.75 446
254 P 35.65 31.66 448
255 P 38.39 31.30 370
