% Nframe | type | QP | PSNR | size (Bytes) 
0 I 25.38 39.79 14332
1 P 25.13 39.75 139
2 P 26.47 39.36 1037
3 P 28.86 39.26 1038
4 P 28.93 39.15 1036
5 P 28.40 39.10 1557
6 P 26.78 39.26 1389
7 P 27.84 39.21 257
8 P 28.65 39.13 1492
9 P 27.02 39.07 1483
10 P 27.96 39.07 2023
11 P 28.52 39.08 1810
12 P 33.18 37.96 1029
13 P 31.10 38.48 1679
14 P 27.40 38.81 866
15 P 25.33 39.50 3613
16 P 23.12 40.12 3547
17 P 22.58 40.84 4454
18 P 21.95 41.45 4827
19 P 20.14 42.15 6423
20 P 19.62 42.72 5839
21 P 19.35 43.07 5813
22 P 19.40 43.25 5768
23 P 19.23 43.43 5957
24 P 17.42 44.24 9534
25 P 18.12 44.37 2958
26 P 17.49 44.48 6170
27 P 18.20 44.41 5365
28 P 17.95 44.42 5131
29 P 18.15 44.47 6004
30 P 17.65 44.53 4838
31 P 17.05 44.48 2182
32 P 18.55 44.25 4984
33 P 18.31 44.07 4921
34 P 18.85 44.12 6881
35 P 19.16 43.98 5712
36 P 18.83 43.72 5715
37 P 18.57 43.84 6648
38 P 18.53 43.78 2975
39 P 19.06 43.62 7568
40 P 18.03 43.74 6610
41 P 19.17 43.80 6148
42 P 18.97 43.83 5902
43 P 17.92 43.95 6340
44 P 19.43 43.92 6290
45 P 19.27 44.03 6432
46 P 19.09 43.92 6101
47 P 19.61 43.89 5997
48 P 19.73 44.04 7196
49 P 19.31 43.97 2828
50 P 19.74 43.93 5975
51 P 20.06 43.89 5681
52 P 20.22 43.73 5565
53 P 20.08 43.51 6406
54 P 19.22 43.74 10474
55 P 18.92 43.73 3060
56 P 19.30 43.47 5723
57 P 20.38 43.33 5394
58 P 19.66 43.35 6839
59 P 19.28 43.31 6043
60 P 19.38 43.21 5897
61 P 19.30 43.30 6291
62 P 19.29 43.22 6432
63 P 19.11 43.26 6400
64 P 19.00 43.27 6063
65 P 19.48 43.28 5700
66 P 19.00 43.18 5294
67 P 19.69 43.19 5794
68 P 19.27 43.15 5832
69 P 19.42 43.14 5644
70 P 20.23 42.97 5699
71 P 19.60 42.93 5932
72 P 18.98 43.27 7179
73 P 19.51 43.23 2571
74 P 18.96 43.00 5547
75 P 18.59 43.10 5498
76 P 20.17 42.93 5248
77 P 19.17 43.00 5852
78 P 19.41 43.11 5036
79 P 19.92 43.13 2150
80 P 20.00 42.96 5078
81 P 19.82 42.96 4568
82 P 20.11 42.97 5678
83 P 20.00 42.98 4670
84 P 20.55 42.94 4810
85 P 20.27 42.92 5145
86 P 19.92 42.98 4831
87 P 20.77 42.93 4822
88 P 20.92 42.96 5170
89 P 21.58 42.95 4456
90 P 21.82 42.96 4430
91 P 21.28 42.93 4960
92 P 20.75 42.85 5094
93 P 21.14 42.84 5344
94 P 20.76 42.87 5165
95 P 20.17 42.78 5042
96 P 20.16 43.11 6917
97 P 19.66 43.14 2494
98 P 19.87 42.95 5852
99 P 20.57 42.96 6210
100 P 20.94 42.88 6191
101 P 21.10 42.95 7188
102 P 19.83 42.96 6779
103 P 19.20 42.94 2830
104 P 21.01 42.70 5829
105 P 19.90 42.92 7007
106 P 19.62 42.93 5876
107 P 20.67 42.95 5921
108 P 21.34 42.73 5607
109 P 21.53 43.29 9487
110 P 21.49 43.10 5566
111 P 21.41 43.07 5613
112 P 21.49 43.01 4838
113 P 21.38 42.99 4878
114 P 21.72 42.92 4838
115 P 21.46 43.09 4964
116 P 21.39 43.02 5149
117 P 21.03 42.92 5439
118 P 21.11 42.86 5432
119 P 21.12 42.88 5433
120 P 21.15 42.77 4938
121 P 21.38 42.91 4995
122 P 21.43 42.84 4613
123 P 21.16 42.98 5061
124 P 21.51 43.03 4796
125 P 21.08 43.07 2216
126 P 21.21 42.98 4279
127 P 21.57 42.92 4106
128 P 21.17 43.00 4824
129 P 21.34 42.98 4257
130 P 21.11 43.10 4865
131 P 20.78 43.06 2246
132 P 21.58 42.90 4785
133 P 21.15 42.89 5828
134 P 20.88 42.93 4851
135 P 20.85 42.96 4989
136 P 21.39 42.93 4669
137 P 20.58 43.04 4203
138 P 20.77 43.15 4355
139 P 20.73 43.05 4175
140 P 21.32 43.07 3981
141 P 20.99 43.06 4325
142 P 20.95 43.26 5761
143 P 20.77 43.23 2782
144 P 20.95 43.17 4524
145 P 20.83 43.18 4031
146 P 20.89 43.08 3778
147 P 20.98 43.07 4605
148 P 20.92 43.16 4296
149 P 20.62 43.16 1831
150 P 21.14 43.06 4061
151 P 20.74 43.02 4073
152 P 20.82 43.11 5275
153 P 21.08 43.01 4801
154 P 21.14 43.10 4654
155 P 20.89 43.12 2465
156 P 20.53 43.06 4477
157 P 20.74 43.14 6099
158 P 20.49 43.13 4877
159 P 20.35 43.07 4799
160 P 20.64 43.12 5081
161 P 20.66 43.17 5037
162 P 20.26 43.03 4029
163 P 19.93 43.21 9054
164 P 19.84 43.05 5297
165 P 19.74 43.01 4867
166 P 19.71 43.21 6452
167 P 20.07 43.26 2183
168 P 20.32 43.09 5375
169 P 20.45 43.01 5238
170 P 20.84 42.91 5420
171 P 21.28 43.00 6491
172 P 20.51 43.15 6124
173 P 20.57 43.03 3112
174 P 20.71 42.98 5825
175 P 20.74 42.89 5685
176 P 20.49 42.98 6970
177 P 20.71 42.96 5902
178 P 20.22 43.21 6399
179 P 20.19 43.24 2348
180 P 20.62 43.03 4966
181 P 20.83 43.05 5588
182 P 20.85 43.02 4767
183 P 20.59 43.05 4832
184 P 20.89 43.03 4853
185 P 20.51 43.01 5356
186 P 20.78 42.99 5518
187 P 20.73 43.01 5692
188 P 20.98 43.04 5655
189 P 20.34 42.91 4852
190 P 20.68 43.09 6600
191 P 20.11 43.12 2264
192 P 20.55 42.93 4828
193 P 20.41 42.92 5054
194 P 20.80 42.96 4913
195 P 20.56 43.00 5999
196 P 20.01 43.19 5899
197 P 20.31 43.14 2573
198 P 20.52 43.01 5100
199 P 20.49 43.01 4851
200 P 20.42 43.07 6238
201 P 20.46 43.03 5510
202 P 20.57 43.12 6073
203 P 20.12 43.04 3837
204 P 20.22 43.05 6761
205 P 20.45 42.99 6339
206 P 20.38 43.04 5081
207 P 20.13 43.07 5144
208 P 20.67 43.08 4838
209 P 20.35 42.85 4359
210 P 20.10 43.62 7172
211 P 20.02 43.54 4000
212 P 20.74 43.54 4350
213 P 20.55 43.48 4677
214 P 20.44 43.69 6410
215 P 20.66 43.71 1911
216 P 20.92 43.52 4897
217 P 20.58 43.48 4708
218 P 20.59 43.38 4434
219 P 20.71 43.48 5364
220 P 20.16 43.61 4533
221 P 20.43 43.58 1582
222 P 20.91 43.44 4681
223 P 20.54 43.36 5133
224 P 20.73 43.34 6278
225 P 20.49 43.34 5990
226 P 20.66 43.45 6285
227 P 20.79 43.40 2524
228 P 20.88 43.34 6809
229 P 20.53 43.36 5520
230 P 20.08 43.44 4735
231 P 20.06 43.41 4759
232 P 20.35 43.38 4452
233 P 20.21 43.49 4414
234 P 20.16 43.43 3973
235 P 20.03 43.43 4382
236 P 20.22 43.47 4563
237 P 20.46 43.31 4707
238 P 20.52 43.40 6306
239 P 20.47 43.41 2493
240 P 20.26 43.32 5222
241 P 20.66 43.28 5161
242 P 20.87 43.20 4761
243 P 20.96 43.24 5809
244 P 20.68 43.45 4839
245 P 20.50 43.47 1892
246 P 20.21 43.45 4560
247 P 20.75 43.45 5422
248 P 20.60 43.40 4318
249 P 20.67 43.34 4466
250 P 20.47 43.38 4553
251 P 20.50 43.39 1925
252 P 20.60 43.25 5211
253 P 20.84 43.23 4709
254 P 20.26 43.19 4354
255 P 22.33 42.76 3440
