% Nframe | type | QP | PSNR | size (Bytes) 
0 I 21.33 41.93 9276
1 P 20.89 41.89 119
2 P 22.24 41.43 857
3 P 22.15 41.38 853
4 P 21.88 41.34 853
5 P 22.67 41.19 1170
6 P 22.23 41.39 1032
7 P 20.12 41.32 239
8 P 22.83 41.23 1221
9 P 22.90 41.14 1206
10 P 22.71 41.16 1528
11 P 22.62 41.04 1344
12 P 26.01 40.06 897
13 P 21.55 41.47 2130
14 P 19.52 42.47 1713
15 P 17.54 43.68 4266
16 P 16.00 44.73 4106
17 P 15.19 45.57 4081
18 P 14.49 46.23 4518
19 P 13.07 46.99 5559
20 P 12.53 47.49 5331
21 P 12.20 47.92 5320
22 P 11.91 48.13 5432
23 P 11.71 48.18 5270
24 P 11.05 49.14 7326
25 P 11.34 49.19 2509
26 P 11.33 49.12 4755
27 P 11.59 48.98 4397
28 P 11.75 48.92 4501
29 P 11.76 49.11 5062
30 P 11.54 49.12 4482
31 P 11.52 49.09 2194
32 P 11.30 49.03 4705
33 P 11.54 48.96 4638
34 P 12.07 48.88 5691
35 P 12.05 48.82 5327
36 P 12.27 48.62 5251
37 P 11.79 48.84 6001
38 P 11.75 48.85 3109
39 P 11.68 48.56 6722
40 P 11.40 48.78 6566
41 P 11.58 48.80 6085
42 P 11.41 48.96 5952
43 P 10.91 49.17 6022
44 P 11.02 49.15 6067
45 P 10.88 49.13 6182
46 P 11.46 49.14 6083
47 P 11.25 49.16 6145
48 P 10.88 49.29 6733
49 P 11.39 49.24 3136
50 P 10.98 49.21 6238
51 P 11.11 49.15 6221
52 P 11.28 49.00 6148
53 P 11.44 48.71 6443
54 P 11.43 49.45 8362
55 P 11.40 49.41 3133
56 P 10.93 48.86 5893
57 P 11.15 48.85 5830
58 P 11.51 48.95 6543
59 P 10.81 48.83 5936
60 P 11.06 48.80 6078
61 P 10.89 48.85 6404
62 P 11.10 48.72 6537
63 P 11.39 48.86 6336
64 P 11.43 48.88 6211
65 P 11.50 48.76 5674
66 P 12.10 48.79 5416
67 P 11.83 48.71 5637
68 P 12.19 48.74 5838
69 P 12.11 48.64 5617
70 P 11.98 48.61 5602
71 P 12.12 48.52 5722
72 P 11.90 48.83 6324
73 P 12.02 48.84 2755
74 P 12.34 48.62 5526
75 P 12.25 48.72 5396
76 P 11.70 48.56 5152
77 P 11.76 48.69 5673
78 P 11.65 48.87 5261
79 P 11.92 48.83 2558
80 P 12.46 48.60 5087
81 P 12.34 48.63 4839
82 P 12.08 48.59 5528
83 P 12.27 48.58 4904
84 P 12.21 48.56 4974
85 P 12.80 48.44 5139
86 P 12.87 48.46 5067
87 P 12.94 48.42 5218
88 P 12.41 48.49 5445
89 P 12.42 48.46 5126
90 P 12.50 48.45 4870
91 P 12.29 48.43 5428
92 P 12.33 48.38 5611
93 P 12.41 48.40 5655
94 P 12.34 48.37 5761
95 P 12.15 48.35 5550
96 P 11.90 48.68 6529
97 P 12.07 48.67 2920
98 P 12.46 48.31 6039
99 P 12.88 48.40 6260
100 P 13.20 48.27 6037
101 P 12.20 48.35 6807
102 P 12.14 48.48 6600
103 P 13.10 48.51 3102
104 P 12.68 48.16 6019
105 P 12.75 48.44 6504
106 P 12.11 48.41 5989
107 P 12.47 48.34 5999
108 P 13.38 48.04 5613
109 P 12.65 48.66 8047
110 P 12.52 48.32 6019
111 P 12.61 48.29 5818
112 P 13.12 48.21 5172
113 P 13.06 48.22 5253
114 P 13.05 48.21 5257
115 P 13.10 48.28 5448
116 P 12.98 48.30 5795
117 P 13.11 48.28 5534
118 P 12.88 48.20 5750
119 P 12.76 48.16 5830
120 P 12.61 48.15 5397
121 P 12.93 48.21 5276
122 P 12.91 48.16 4944
123 P 13.01 48.18 5371
124 P 12.94 48.27 4984
125 P 12.84 48.27 2488
126 P 13.20 48.18 4602
127 P 13.59 48.14 4580
128 P 13.23 48.25 4915
129 P 13.49 48.22 4409
130 P 13.35 48.30 4818
131 P 13.50 48.28 2635
132 P 13.20 48.01 5017
133 P 13.05 48.09 5722
134 P 13.13 48.18 5115
135 P 13.18 48.10 4756
136 P 13.65 48.15 4546
137 P 13.08 48.27 4333
138 P 13.16 48.28 4288
139 P 13.15 48.26 4426
140 P 12.93 48.22 4296
141 P 13.02 48.19 4478
142 P 12.98 48.50 5272
143 P 12.65 48.39 3053
144 P 13.17 48.39 4577
145 P 12.73 48.35 4006
146 P 12.88 48.25 3987
147 P 12.93 48.27 4711
148 P 12.60 48.47 4197
149 P 12.45 48.49 2218
150 P 12.68 48.34 4052
151 P 12.54 48.30 4334
152 P 13.10 48.33 4902
153 P 12.69 48.29 4832
154 P 13.20 48.38 4411
155 P 12.75 48.38 2470
156 P 13.33 48.24 4461
157 P 12.58 48.38 5737
158 P 13.07 48.26 4761
159 P 12.99 48.31 4662
160 P 12.49 48.30 4887
161 P 12.87 48.43 5010
162 P 13.03 48.15 4369
163 P 12.90 48.58 7038
164 P 12.83 48.49 4979
165 P 12.80 48.33 4557
166 P 12.67 48.51 5507
167 P 12.72 48.46 2122
168 P 12.35 48.40 5385
169 P 12.52 48.32 5388
170 P 12.51 48.33 5662
171 P 12.45 48.34 6344
172 P 12.32 48.48 5967
173 P 12.36 48.47 3463
174 P 12.50 48.33 5958
175 P 12.64 48.35 5662
176 P 12.50 48.36 6447
177 P 12.36 48.38 5885
178 P 12.41 48.40 5815
179 P 12.70 48.50 2597
180 P 12.45 48.39 5134
181 P 12.83 48.48 5496
182 P 12.70 48.48 4948
183 P 12.53 48.43 4887
184 P 12.42 48.42 4996
185 P 12.47 48.38 5389
186 P 12.77 48.35 5713
187 P 12.87 48.37 5744
188 P 12.88 48.38 5822
189 P 12.90 48.33 5170
190 P 12.32 48.61 6044
191 P 12.69 48.58 2459
192 P 12.38 48.41 5151
193 P 12.48 48.43 5179
194 P 12.43 48.42 5322
195 P 12.33 48.49 5924
196 P 12.17 48.47 5670
197 P 12.19 48.57 3082
198 P 12.41 48.46 5237
199 P 12.40 48.33 5036
200 P 12.42 48.49 5816
201 P 12.85 48.48 5360
202 P 12.78 48.46 5713
203 P 12.37 48.45 4183
204 P 12.80 48.41 6136
205 P 12.43 48.43 5948
206 P 12.81 48.44 4964
207 P 12.73 48.48 4907
208 P 12.74 48.51 4792
209 P 13.03 48.34 4357
210 P 12.41 48.88 6429
211 P 12.17 48.76 4322
212 P 12.57 48.68 4416
213 P 12.29 48.60 4709
214 P 12.08 48.91 6183
215 P 12.80 48.87 1961
216 P 12.62 48.58 5015
217 P 12.08 48.56 4831
218 P 12.30 48.60 4675
219 P 12.45 48.53 5131
220 P 12.10 48.61 4903
221 P 12.66 48.59 2024
222 P 13.11 48.45 5046
223 P 12.46 48.30 5346
224 P 12.43 48.48 6298
225 P 12.50 48.39 5947
226 P 12.36 48.57 6403
227 P 12.40 48.52 2804
228 P 12.43 48.53 6728
229 P 12.42 48.50 5958
230 P 12.30 48.54 5316
231 P 11.98 48.52 5146
232 P 12.11 48.53 5115
233 P 12.28 48.60 4954
234 P 11.86 48.67 4776
235 P 12.35 48.60 4822
236 P 12.68 48.56 5110
237 P 12.81 48.45 5172
238 P 12.70 48.70 6385
239 P 12.45 48.72 2664
240 P 12.68 48.47 5633
241 P 12.55 48.53 5462
242 P 12.15 48.39 5220
243 P 12.08 48.43 5750
244 P 12.37 48.72 5109
245 P 12.64 48.65 2048
246 P 12.52 48.49 4821
247 P 12.57 48.49 5405
248 P 12.36 48.51 4788
249 P 12.13 48.51 4902
250 P 12.79 48.53 4764
251 P 12.81 48.52 2184
252 P 12.59 48.49 5293
253 P 12.22 48.48 5170
254 P 12.17 48.52 4924
255 P 14.38 47.83 3790
