% Nframe | type | QP | PSNR | size (Bytes) 
0 I 41.25 27.30 1682
1 P 43.00 27.33 25
2 P 44.23 27.13 36
3 P 44.41 27.05 45
4 P 43.88 26.93 38
5 P 43.11 26.85 61
6 P 44.07 27.03 101
7 P 39.50 27.01 20
8 P 42.91 26.89 85
9 P 44.76 26.80 71
10 P 43.55 27.01 147
11 P 43.89 26.94 107
12 P 48.21 26.33 61
13 P 46.33 26.35 91
14 P 45.95 26.50 52
15 P 42.54 27.09 284
16 P 40.55 27.57 261
17 P 39.38 28.18 389
18 P 38.39 28.61 406
19 P 36.17 29.31 653
20 P 36.15 29.84 540
21 P 34.54 30.26 591
22 P 34.60 30.52 472
23 P 34.12 30.81 621
24 P 33.12 31.57 1191
25 P 32.87 31.90 291
26 P 31.61 32.12 549
27 P 33.62 32.05 404
28 P 32.87 32.05 474
29 P 33.60 32.28 559
30 P 32.17 32.38 356
31 P 34.01 32.40 51
32 P 33.27 32.26 359
33 P 32.67 32.14 328
34 P 34.02 32.07 603
35 P 33.87 31.84 406
36 P 35.07 31.63 433
37 P 33.98 31.67 584
38 P 33.06 31.60 105
39 P 33.40 31.52 790
40 P 33.20 31.52 609
41 P 33.33 31.62 568
42 P 32.75 31.80 601
43 P 32.27 31.93 620
44 P 33.40 31.91 613
45 P 33.49 31.99 578
46 P 33.71 32.04 525
47 P 33.48 32.09 567
48 P 32.96 32.28 786
49 P 33.52 32.34 186
50 P 32.72 32.37 602
51 P 33.07 32.32 572
52 P 33.60 32.23 531
53 P 33.96 32.02 601
54 P 32.42 32.55 1313
55 P 31.19 32.58 170
56 P 33.97 32.13 372
57 P 33.53 32.03 450
58 P 33.38 31.89 672
59 P 32.69 31.96 542
60 P 33.30 31.71 494
61 P 32.31 32.04 649
62 P 32.60 31.94 555
63 P 32.28 31.83 548
64 P 32.19 31.97 611
65 P 33.08 31.81 496
66 P 33.78 31.87 506
67 P 33.60 31.93 605
68 P 33.75 31.87 579
69 P 33.90 31.78 566
70 P 32.32 31.82 588
71 P 34.12 31.78 575
72 P 34.15 32.17 775
73 P 33.87 32.16 142
74 P 34.34 31.92 566
75 P 33.93 31.94 536
76 P 33.98 31.86 487
77 P 32.57 31.99 690
78 P 33.60 32.08 498
79 P 34.42 32.08 146
80 P 33.92 31.88 529
81 P 33.90 31.70 459
82 P 33.90 31.86 672
83 P 34.41 31.79 404
84 P 34.14 31.80 457
85 P 34.38 31.91 531
86 P 33.39 31.89 506
87 P 33.85 31.84 477
88 P 34.07 31.93 520
89 P 35.32 31.91 438
90 P 34.52 31.91 416
91 P 33.90 31.96 523
92 P 34.26 31.84 497
93 P 34.64 31.87 512
94 P 34.22 31.98 575
95 P 34.06 31.77 503
96 P 34.60 32.17 823
97 P 34.40 32.17 128
98 P 35.29 31.80 522
99 P 33.14 31.83 571
100 P 34.33 31.78 590
101 P 34.03 31.79 810
102 P 33.38 31.91 706
103 P 34.08 31.88 167
104 P 34.46 31.65 632
105 P 34.71 31.92 765
106 P 33.02 31.84 561
107 P 34.03 31.86 609
108 P 34.22 31.57 518
109 P 34.01 32.28 1138
110 P 34.24 32.13 499
111 P 34.26 32.19 591
112 P 33.95 32.15 422
113 P 34.20 32.17 399
114 P 33.90 32.17 408
115 P 34.09 32.33 489
116 P 34.47 32.19 446
117 P 34.54 32.14 464
118 P 33.65 32.14 517
119 P 33.99 32.04 433
120 P 34.15 32.06 417
121 P 34.68 32.05 363
122 P 34.33 32.07 384
123 P 34.24 32.06 418
124 P 34.00 32.26 446
125 P 34.57 32.25 99
126 P 35.30 32.20 284
127 P 34.96 32.21 309
128 P 34.56 32.29 416
129 P 34.08 32.35 388
130 P 34.67 32.35 351
131 P 34.61 32.38 123
132 P 34.51 32.27 377
133 P 33.75 32.14 441
134 P 35.10 32.24 394
135 P 33.87 32.22 369
136 P 33.47 32.29 355
137 P 34.31 32.42 365
138 P 34.20 32.36 314
139 P 33.58 32.40 298
140 P 33.10 32.48 317
141 P 33.67 32.41 322
142 P 32.67 32.58 476
143 P 33.22 32.70 173
144 P 32.64 32.67 339
145 P 33.17 32.62 288
146 P 34.28 32.54 248
147 P 32.99 32.65 399
148 P 32.39 32.77 406
149 P 32.15 32.78 81
150 P 34.00 32.78 329
151 P 33.81 32.67 285
152 P 32.42 32.81 490
153 P 33.44 32.65 345
154 P 32.79 32.80 443
155 P 33.36 32.76 109
156 P 33.02 32.63 372
157 P 32.48 32.76 633
158 P 32.53 32.63 407
159 P 32.44 32.64 460
160 P 32.72 32.71 467
161 P 32.10 32.79 536
162 P 33.01 32.68 435
163 P 32.53 32.93 1169
164 P 32.22 32.82 438
165 P 32.38 32.79 451
166 P 32.10 33.10 779
167 P 31.50 33.11 120
168 P 32.08 33.00 531
169 P 32.23 32.82 486
170 P 32.81 32.85 576
171 P 32.85 32.83 738
172 P 32.63 32.83 638
173 P 32.49 32.88 211
174 P 32.87 32.83 631
175 P 33.20 32.84 559
176 P 32.11 32.92 758
177 P 32.57 32.95 584
178 P 32.49 33.01 566
179 P 32.04 33.08 162
180 P 32.46 33.02 487
181 P 31.94 33.06 610
182 P 31.73 32.84 387
183 P 32.90 32.95 487
184 P 32.24 32.97 448
185 P 32.80 32.98 512
186 P 32.80 32.99 507
187 P 32.42 32.94 480
188 P 32.57 32.92 525
189 P 32.70 32.80 381
190 P 32.50 32.98 677
191 P 32.80 33.05 168
192 P 32.07 33.09 481
193 P 32.54 32.95 425
194 P 32.51 32.91 474
195 P 32.50 33.02 606
196 P 32.45 33.06 537
197 P 32.21 33.12 198
198 P 32.40 33.09 495
199 P 32.39 33.00 462
200 P 32.37 33.04 622
201 P 32.28 33.11 534
202 P 32.72 33.03 527
203 P 32.67 33.03 253
204 P 32.50 33.18 695
205 P 32.65 33.09 504
206 P 32.54 33.11 484
207 P 32.15 33.13 483
208 P 32.74 33.11 457
209 P 31.70 32.93 358
210 P 32.57 33.57 1031
211 P 32.96 33.49 368
212 P 32.34 33.41 505
213 P 31.64 33.47 512
214 P 30.23 33.75 880
215 P 31.80 33.79 112
216 P 31.27 33.60 607
217 P 31.67 33.45 522
218 P 32.75 33.46 514
219 P 32.20 33.41 594
220 P 30.83 33.61 458
221 P 32.64 33.69 116
222 P 31.94 33.54 465
223 P 32.67 33.41 569
224 P 32.66 33.57 717
225 P 32.70 33.58 610
226 P 31.59 33.65 723
227 P 32.73 33.64 151
228 P 32.32 33.61 817
229 P 31.83 33.46 489
230 P 32.98 33.46 394
231 P 32.29 33.52 430
232 P 31.93 33.49 449
233 P 32.67 33.54 458
234 P 32.57 33.54 442
235 P 32.55 33.55 410
236 P 32.61 33.41 442
237 P 31.75 33.45 549
238 P 31.10 33.54 785
239 P 32.28 33.53 159
240 P 32.40 33.40 559
241 P 32.25 33.45 620
242 P 32.55 33.30 585
243 P 32.42 33.37 753
244 P 31.53 33.52 551
245 P 32.08 33.53 134
246 P 32.32 33.34 447
247 P 31.88 33.34 616
248 P 32.65 33.33 410
249 P 32.85 33.26 388
250 P 32.28 33.37 432
251 P 32.04 33.38 155
252 P 32.18 33.30 505
253 P 32.01 33.27 418
254 P 31.95 33.20 439
255 P 34.25 32.84 348
