% Nframe | type | QP | PSNR | size (Bytes) 
0 I 27.73 38.73 18322
1 P 29.48 38.67 204
2 P 30.89 38.30 1118
3 P 30.31 38.23 1245
4 P 30.45 38.16 1177
5 P 30.91 38.21 1825
6 P 32.11 38.25 1553
7 P 27.86 38.23 345
8 P 31.43 38.10 1655
9 P 31.32 38.04 1738
10 P 31.68 38.05 2231
11 P 31.06 37.98 2075
12 P 37.22 37.07 1224
13 P 36.67 37.12 1533
14 P 33.95 37.33 605
15 P 32.32 37.95 3109
16 P 29.56 38.32 2846
17 P 27.42 38.74 3514
18 P 26.51 39.16 3965
19 P 25.18 39.75 5535
20 P 24.09 40.09 5157
21 P 24.21 40.48 5533
22 P 23.50 40.70 5430
23 P 23.88 40.88 5348
24 P 22.30 41.45 9403
25 P 22.20 41.52 2476
26 P 22.65 41.74 5969
27 P 22.97 41.72 5229
28 P 22.21 41.78 4942
29 P 22.70 41.92 6147
30 P 22.43 41.99 4805
31 P 21.63 42.00 2011
32 P 22.78 41.88 4782
33 P 22.87 41.76 4701
34 P 23.34 41.82 6846
35 P 23.76 41.70 5662
36 P 23.45 41.47 5468
37 P 23.11 41.59 6819
38 P 22.48 41.54 3006
39 P 22.60 41.40 8146
40 P 22.37 41.41 6547
41 P 22.92 41.49 6178
42 P 22.80 41.56 6028
43 P 22.36 41.64 6312
44 P 22.08 41.74 6329
45 P 22.66 41.79 6421
46 P 23.37 41.79 6164
47 P 23.14 41.71 5875
48 P 23.36 41.81 7429
49 P 22.84 41.80 3124
50 P 23.96 41.81 6040
51 P 24.30 41.70 5692
52 P 22.10 41.56 5721
53 P 23.61 41.45 6281
54 P 23.19 41.54 11678
55 P 23.15 41.56 2936
56 P 24.44 41.35 5374
57 P 22.76 41.21 5251
58 P 23.13 41.24 6840
59 P 23.15 41.19 5821
60 P 22.91 41.07 5639
61 P 22.86 41.13 6070
62 P 22.84 41.12 6415
63 P 22.24 41.16 6100
64 P 22.00 41.15 5983
65 P 23.37 41.17 5552
66 P 23.39 41.01 5163
67 P 23.95 41.00 5591
68 P 23.60 41.06 5851
69 P 23.53 41.01 5757
70 P 23.90 40.97 5915
71 P 23.38 40.88 5760
72 P 23.06 41.14 7771
73 P 23.30 41.11 2215
74 P 22.84 40.88 5806
75 P 23.08 40.92 5499
76 P 23.43 40.88 5339
77 P 23.20 40.88 5879
78 P 23.49 41.00 5180
79 P 22.29 41.02 2099
80 P 23.70 40.84 4819
81 P 24.10 40.82 4445
82 P 23.43 40.87 5803
83 P 23.92 40.87 4633
84 P 24.22 40.83 4551
85 P 23.91 40.87 5196
86 P 24.96 40.81 4499
87 P 23.98 40.81 4665
88 P 24.95 40.78 4829
89 P 25.08 40.82 4167
90 P 25.11 40.82 4062
91 P 24.58 40.85 4674
92 P 24.53 40.87 5014
93 P 25.05 40.88 5059
94 P 24.70 40.83 4950
95 P 24.25 40.75 5046
96 P 24.16 41.05 7103
97 P 23.39 41.00 2031
98 P 23.88 40.86 5560
99 P 24.41 40.86 6042
100 P 24.27 40.78 6076
101 P 24.67 40.80 7428
102 P 24.20 40.89 7041
103 P 22.65 40.93 2914
104 P 24.12 40.82 5802
105 P 23.36 40.98 7229
106 P 22.84 41.03 5949
107 P 24.43 40.95 6105
108 P 24.54 40.82 5682
109 P 25.09 41.21 10494
110 P 25.07 41.11 5829
111 P 24.86 41.09 5891
112 P 24.94 41.11 5019
113 P 24.81 41.03 4781
114 P 25.15 40.99 5002
115 P 24.75 41.05 4799
116 P 24.62 41.03 5247
117 P 24.90 40.94 5346
118 P 24.71 40.91 5405
119 P 24.83 40.88 5220
120 P 24.59 40.87 4802
121 P 24.99 40.80 4662
122 P 25.17 40.71 4397
123 P 25.41 40.80 4902
124 P 24.89 40.91 4697
125 P 24.71 40.89 1852
126 P 25.16 40.82 3884
127 P 25.43 40.87 4026
128 P 24.97 40.89 4472
129 P 25.26 40.91 4159
130 P 25.20 40.96 4525
131 P 25.25 40.97 2174
132 P 25.63 40.83 4587
133 P 25.38 40.84 5780
134 P 25.46 40.88 4776
135 P 25.65 40.89 4806
136 P 25.66 40.83 4419
137 P 25.02 40.92 4085
138 P 25.68 41.01 4021
139 P 24.89 41.00 4034
140 P 24.50 41.02 3964
141 P 24.62 41.02 4128
142 P 24.82 41.17 5394
143 P 24.35 41.21 2582
144 P 24.44 41.16 4345
145 P 24.68 41.13 3781
146 P 24.97 41.11 3668
147 P 25.32 41.06 4427
148 P 24.55 41.17 4289
149 P 24.23 41.22 1547
150 P 24.63 41.11 3802
151 P 24.83 41.07 3880
152 P 24.60 41.08 5059
153 P 24.65 41.08 4886
154 P 25.01 41.16 4854
155 P 24.47 41.16 2328
156 P 25.02 41.03 4392
157 P 25.05 41.12 6280
158 P 24.96 41.16 4799
159 P 24.77 41.13 4789
160 P 24.58 41.10 4978
161 P 24.49 41.09 4826
162 P 24.67 41.06 4016
163 P 24.80 41.09 9811
164 P 23.75 41.03 5514
165 P 24.22 41.01 4923
166 P 24.29 41.21 6864
167 P 23.89 41.22 1961
168 P 24.27 41.07 5373
169 P 24.42 41.08 5303
170 P 24.32 41.01 5629
171 P 24.66 41.06 6985
172 P 24.70 41.16 6309
173 P 24.18 41.07 2971
174 P 24.58 41.00 6018
175 P 24.93 40.93 5684
176 P 24.64 41.07 7475
177 P 24.58 41.05 6108
178 P 24.60 41.18 6152
179 P 23.50 41.20 2199
180 P 24.36 41.06 4958
181 P 24.50 41.16 6026
182 P 24.29 41.07 4711
183 P 24.35 41.06 4843
184 P 24.54 41.12 4973
185 P 23.90 41.06 5388
186 P 23.89 41.10 5752
187 P 24.34 41.07 5552
188 P 24.38 41.03 5539
189 P 24.14 40.96 4852
190 P 23.99 41.09 6710
191 P 23.44 41.14 2321
192 P 23.51 40.98 4818
193 P 24.77 41.00 5187
194 P 23.74 40.99 5200
195 P 23.95 41.05 6239
196 P 23.76 41.11 5844
197 P 23.74 41.11 2510
198 P 24.46 41.05 5457
199 P 24.04 40.99 5049
200 P 24.40 41.07 6609
201 P 24.40 41.06 5919
202 P 24.05 41.00 6010
203 P 23.88 40.94 3540
204 P 24.44 40.97 6913
205 P 24.19 40.97 6365
206 P 24.60 41.01 5039
207 P 24.63 41.03 5018
208 P 24.39 41.04 4751
209 P 24.31 40.88 4225
210 P 24.73 41.48 7747
211 P 24.17 41.38 4178
212 P 24.47 41.42 4600
213 P 24.13 41.39 4598
214 P 23.62 41.63 6895
215 P 23.79 41.57 1535
216 P 24.07 41.43 4773
217 P 23.75 41.41 4978
218 P 24.03 41.39 4455
219 P 23.44 41.41 5523
220 P 23.72 41.52 4571
221 P 23.80 41.55 1426
222 P 24.22 41.45 4513
223 P 24.40 41.36 4779
224 P 24.25 41.34 6150
225 P 24.64 41.35 5984
226 P 24.81 41.44 5878
227 P 24.56 41.41 2187
228 P 24.37 41.35 7003
229 P 24.14 41.37 5430
230 P 24.01 41.39 4754
231 P 24.06 41.39 4683
232 P 24.07 41.45 4686
233 P 23.52 41.47 4143
234 P 23.80 41.47 4042
235 P 23.65 41.48 4524
236 P 23.82 41.47 4602
237 P 23.96 41.34 4504
238 P 23.79 41.42 6608
239 P 23.83 41.43 2233
240 P 24.10 41.28 5087
241 P 24.25 41.24 5051
242 P 24.26 41.17 4651
243 P 24.18 41.27 6180
244 P 23.40 41.39 4799
245 P 23.48 41.44 1662
246 P 24.29 41.40 4230
247 P 24.20 41.36 5351
248 P 24.17 41.37 4358
249 P 24.23 41.36 4475
250 P 23.80 41.38 4426
251 P 24.08 41.39 1798
252 P 23.84 41.25 5235
253 P 24.06 41.22 4646
254 P 23.97 41.24 4289
255 P 26.88 40.80 3282
