% Nframe | type | QP | PSNR | size (Bytes) 
0 I 27.30 38.44 12260
1 P 27.55 38.42 115
2 P 31.41 38.02 762
3 P 30.75 37.93 795
4 P 31.79 37.83 841
5 P 30.99 37.80 1219
6 P 28.52 37.93 1073
7 P 30.80 37.88 181
8 P 30.96 37.81 1189
9 P 30.80 37.69 1110
10 P 30.76 37.67 1533
11 P 30.80 37.71 1411
12 P 35.48 36.69 844
13 P 34.38 37.07 1240
14 P 31.28 37.42 623
15 P 28.41 38.01 2635
16 P 25.71 38.56 2683
17 P 25.02 39.19 3322
18 P 24.45 39.77 3749
19 P 22.97 40.50 4727
20 P 21.69 40.92 4215
21 P 21.10 41.33 4546
22 P 21.10 41.62 4866
23 P 21.05 41.84 4628
24 P 19.83 42.47 7590
25 P 19.69 42.60 2190
26 P 19.96 42.81 4823
27 P 20.42 42.78 4287
28 P 20.04 42.77 4075
29 P 20.25 42.87 4749
30 P 20.24 42.91 3745
31 P 19.74 42.86 1525
32 P 20.54 42.70 3905
33 P 21.19 42.57 3861
34 P 20.75 42.59 5514
35 P 21.13 42.47 4469
36 P 21.28 42.24 4525
37 P 20.63 42.42 5514
38 P 20.31 42.37 2338
39 P 20.56 42.18 6210
40 P 19.52 42.20 5205
41 P 21.40 42.30 4779
42 P 20.70 42.39 4857
43 P 20.00 42.44 4924
44 P 21.31 42.46 5012
45 P 21.21 42.52 5150
46 P 20.95 42.51 5039
47 P 21.27 42.46 4816
48 P 21.30 42.55 5865
49 P 20.82 42.54 2221
50 P 21.44 42.53 4860
51 P 21.74 42.50 4630
52 P 21.89 42.30 4350
53 P 22.30 42.05 5086
54 P 21.47 42.34 8969
55 P 20.95 42.32 2363
56 P 21.06 42.01 4435
57 P 21.55 41.92 4225
58 P 21.45 41.90 5285
59 P 20.85 41.80 4760
60 P 20.98 41.81 4672
61 P 21.43 41.80 4901
62 P 21.06 41.80 5269
63 P 21.00 41.73 4883
64 P 21.30 41.82 4911
65 P 21.14 41.80 4456
66 P 21.31 41.76 4216
67 P 21.90 41.81 4680
68 P 21.46 41.72 4559
69 P 21.27 41.69 4554
70 P 22.28 41.54 4496
71 P 22.00 41.50 4723
72 P 21.22 41.80 5822
73 P 21.63 41.82 2037
74 P 22.25 41.59 4410
75 P 21.68 41.68 4378
76 P 23.74 41.56 4089
77 P 23.06 41.49 4564
78 P 21.64 41.76 4143
79 P 22.91 41.77 1538
80 P 23.41 41.62 3953
81 P 23.47 41.61 3640
82 P 22.98 41.54 4535
83 P 23.08 41.60 3614
84 P 23.39 41.56 3807
85 P 23.69 41.54 4033
86 P 23.38 41.55 3743
87 P 23.70 41.46 3703
88 P 23.63 41.55 4196
89 P 23.90 41.55 3513
90 P 23.04 41.52 3449
91 P 23.50 41.54 3929
92 P 23.54 41.53 4080
93 P 23.92 41.48 4141
94 P 22.74 41.50 4128
95 P 23.20 41.44 3896
96 P 23.33 41.71 5687
97 P 21.89 41.74 1741
98 P 23.32 41.58 4628
99 P 23.54 41.64 4989
100 P 22.38 41.55 4983
101 P 23.91 41.62 5847
102 P 22.74 41.67 5581
103 P 22.98 41.66 2211
104 P 23.90 41.40 4643
105 P 22.84 41.64 5722
106 P 22.52 41.67 4819
107 P 23.48 41.67 4809
108 P 24.04 41.45 4383
109 P 23.40 41.99 7972
110 P 23.99 41.82 4403
111 P 23.31 41.78 4497
112 P 23.85 41.76 3760
113 P 24.00 41.67 3615
114 P 24.17 41.66 3788
115 P 24.13 41.70 3721
116 P 23.86 41.74 4100
117 P 23.97 41.60 4097
118 P 24.00 41.55 4190
119 P 23.95 41.50 4130
120 P 24.15 41.51 3791
121 P 23.71 41.54 3791
122 P 23.68 41.53 3610
123 P 23.64 41.58 3843
124 P 24.16 41.78 3863
125 P 23.56 41.77 1462
126 P 23.96 41.72 3214
127 P 24.07 41.64 3178
128 P 24.06 41.70 3673
129 P 24.21 41.73 3293
130 P 23.80 41.81 3747
131 P 24.13 41.78 1616
132 P 24.35 41.66 3849
133 P 24.07 41.66 4567
134 P 23.52 41.66 3762
135 P 23.54 41.66 3747
136 P 23.83 41.69 3621
137 P 23.43 41.80 3157
138 P 23.44 41.95 3236
139 P 23.45 41.85 3076
140 P 23.47 41.82 2994
141 P 23.40 41.80 3238
142 P 23.19 42.02 4369
143 P 23.57 41.99 1972
144 P 23.53 41.98 3383
145 P 22.84 41.94 2932
146 P 23.38 41.81 2844
147 P 22.92 41.80 3576
148 P 23.09 42.00 3477
149 P 22.99 42.01 1259
150 P 23.04 41.89 3047
151 P 23.17 41.88 3113
152 P 23.15 41.93 4050
153 P 23.07 41.88 3722
154 P 22.72 41.87 3712
155 P 22.37 41.86 1728
156 P 23.61 41.78 3461
157 P 22.42 41.85 4888
158 P 21.92 41.90 3946
159 P 22.54 41.86 3735
160 P 22.19 41.87 4069
161 P 22.79 41.87 3915
162 P 22.72 41.79 3091
163 P 22.35 41.88 7626
164 P 21.98 41.77 4306
165 P 22.60 41.75 3898
166 P 22.05 41.97 5268
167 P 21.79 42.01 1540
168 P 21.78 41.85 4412
169 P 22.73 41.78 4236
170 P 22.77 41.72 4416
171 P 22.86 41.81 5461
172 P 22.42 41.95 4857
173 P 22.64 41.85 2403
174 P 22.94 41.80 4828
175 P 23.15 41.67 4408
176 P 22.81 41.76 5710
177 P 22.42 41.76 4866
178 P 22.08 41.94 5190
179 P 21.86 41.97 1828
180 P 22.68 41.80 4089
181 P 22.55 41.89 4656
182 P 22.34 41.85 3936
183 P 22.84 41.86 3940
184 P 22.47 41.78 3930
185 P 22.18 41.87 4452
186 P 22.09 41.87 4750
187 P 22.24 41.83 4449
188 P 22.13 41.89 4659
189 P 21.83 41.77 4078
190 P 21.83 41.91 5436
191 P 21.37 41.96 1789
192 P 22.05 41.77 3994
193 P 22.46 41.81 4082
194 P 22.24 41.78 3980
195 P 22.35 41.82 5033
196 P 22.23 42.00 4732
197 P 22.00 41.96 2030
198 P 21.75 41.76 4178
199 P 22.56 41.77 4016
200 P 22.05 41.89 5194
201 P 22.31 41.84 4562
202 P 22.38 41.90 4908
203 P 22.24 41.86 2968
204 P 22.12 41.80 5528
205 P 22.69 41.70 4756
206 P 22.19 41.86 4134
207 P 22.13 41.77 3993
208 P 22.68 41.79 3914
209 P 22.53 41.60 3395
210 P 23.52 42.36 6080
211 P 22.43 42.25 3122
212 P 22.45 42.29 3649
213 P 22.77 42.22 3681
214 P 22.14 42.45 5360
215 P 22.28 42.42 1299
216 P 22.82 42.31 3937
217 P 22.99 42.29 3760
218 P 22.66 42.21 3435
219 P 22.40 42.22 4337
220 P 21.96 42.36 3722
221 P 22.38 42.39 1169
222 P 22.63 42.21 3693
223 P 22.50 42.16 3964
224 P 22.85 42.13 4976
225 P 23.36 42.07 4538
226 P 22.29 42.23 5143
227 P 22.05 42.18 1822
228 P 23.42 42.14 5623
229 P 22.42 42.18 4443
230 P 22.00 42.20 3886
231 P 22.20 42.15 3767
232 P 22.08 42.17 3616
233 P 22.00 42.32 3625
234 P 21.51 42.22 3155
235 P 21.96 42.24 3412
236 P 22.21 42.30 3643
237 P 22.21 42.13 3640
238 P 21.87 42.28 5233
239 P 21.48 42.27 1827
240 P 21.60 42.12 4231
241 P 22.98 42.08 4040
242 P 22.67 42.06 3683
243 P 22.88 42.09 4727
244 P 21.97 42.31 3966
245 P 22.73 42.33 1284
246 P 22.75 42.20 3581
247 P 22.73 42.17 4173
248 P 22.31 42.15 3555
249 P 22.94 42.09 3531
250 P 22.34 42.20 3790
251 P 22.71 42.20 1421
252 P 23.04 42.07 4134
253 P 21.62 42.08 3869
254 P 22.14 42.03 3543
255 P 24.06 41.61 2671
