% Nframe | type | QP | PSNR | size (Bytes) 
0 I 30.22 38.49 31758
1 P 32.38 38.41 217
2 P 32.48 38.05 1778
3 P 34.61 37.94 1909
4 P 34.82 37.89 1991
5 P 34.76 37.90 2797
6 P 34.44 37.98 2546
7 P 33.71 37.94 534
8 P 34.50 37.90 2581
9 P 34.82 37.83 2757
10 P 34.00 37.85 3639
11 P 34.55 37.84 3310
12 P 40.15 37.06 1955
13 P 42.63 36.05 1641
14 P 40.55 36.44 586
15 P 37.15 36.87 3376
16 P 36.79 37.21 2869
17 P 34.99 37.54 3499
18 P 34.26 37.76 3809
19 P 31.72 38.01 4462
20 P 31.43 38.19 4622
21 P 30.22 38.31 4707
22 P 30.40 38.48 5115
23 P 30.85 38.52 5371
24 P 28.14 38.87 10347
25 P 29.50 38.94 2145
26 P 28.50 39.11 6177
27 P 30.66 39.11 5350
28 P 29.62 39.19 5354
29 P 29.09 39.32 6661
30 P 29.07 39.43 5569
31 P 27.61 39.49 2344
32 P 28.69 39.48 5867
33 P 29.62 39.48 5762
34 P 29.53 39.58 7874
35 P 29.54 39.50 6715
36 P 30.69 39.37 6521
37 P 30.09 39.48 8413
38 P 29.68 39.47 3395
39 P 29.54 39.43 9947
40 P 29.52 39.45 8049
41 P 29.39 39.49 7598
42 P 29.37 39.58 7484
43 P 27.63 39.59 7843
44 P 29.34 39.61 7510
45 P 29.42 39.70 7384
46 P 30.28 39.71 7085
47 P 29.86 39.68 6922
48 P 30.18 39.80 9484
49 P 29.81 39.76 2994
50 P 29.51 39.74 7018
51 P 30.44 39.71 6555
52 P 29.86 39.61 6547
53 P 30.61 39.46 7341
54 P 29.13 39.55 15215
55 P 29.94 39.55 3206
56 P 29.97 39.32 6145
57 P 30.29 39.26 5883
58 P 29.49 39.23 8007
59 P 30.26 39.24 6809
60 P 30.90 39.22 6584
61 P 30.39 39.28 6878
62 P 30.34 39.23 7624
63 P 30.56 39.25 7154
64 P 30.84 39.28 6823
65 P 30.71 39.28 6570
66 P 31.37 39.15 6169
67 P 30.91 39.18 6752
68 P 31.40 39.15 6967
69 P 31.20 39.15 6858
70 P 30.83 39.13 7076
71 P 31.68 39.03 7161
72 P 30.36 39.28 9752
73 P 31.32 39.26 2460
74 P 30.39 39.06 7080
75 P 31.11 39.13 6485
76 P 31.04 39.02 6100
77 P 31.48 39.04 7558
78 P 31.29 39.14 6342
79 P 31.49 39.14 2397
80 P 31.77 38.99 5984
81 P 31.72 38.97 5361
82 P 31.60 39.01 7406
83 P 31.95 38.95 5370
84 P 32.16 38.96 5634
85 P 31.90 38.99 6013
86 P 31.86 38.96 5363
87 P 31.94 38.97 5566
88 P 32.26 38.97 5960
89 P 31.49 38.96 5031
90 P 31.96 38.99 5095
91 P 31.47 38.98 5835
92 P 31.37 39.05 6066
93 P 31.14 39.01 6066
94 P 30.82 39.02 6142
95 P 30.88 38.97 5811
96 P 30.46 39.19 8915
97 P 31.75 39.21 2284
98 P 31.06 39.14 6557
99 P 31.65 39.15 7085
100 P 31.53 39.07 7146
101 P 30.77 39.11 9120
102 P 30.79 39.15 8938
103 P 31.50 39.19 3170
104 P 31.44 39.09 6717
105 P 30.36 39.21 8757
106 P 30.47 39.18 7392
107 P 31.27 39.15 7713
108 P 31.70 39.10 6903
109 P 31.77 39.37 13281
110 P 31.45 39.27 6883
111 P 31.38 39.24 7149
112 P 31.53 39.23 6048
113 P 31.68 39.20 5846
114 P 31.36 39.18 6104
115 P 31.36 39.25 5864
116 P 31.16 39.21 6288
117 P 31.14 39.19 6588
118 P 31.05 39.11 6412
119 P 31.26 39.11 6399
120 P 31.14 39.07 5778
121 P 31.64 39.05 5623
122 P 31.61 39.00 5374
123 P 31.41 39.06 6256
124 P 31.84 39.11 5831
125 P 31.37 39.13 2011
126 P 31.76 39.10 4674
127 P 31.98 39.06 4709
128 P 31.46 39.08 5642
129 P 31.72 39.06 5093
130 P 31.19 39.17 5765
131 P 32.24 39.16 2288
132 P 32.41 39.08 5718
133 P 31.80 39.09 7048
134 P 32.62 39.12 5610
135 P 32.18 39.06 5540
136 P 32.17 39.03 5182
137 P 32.06 39.08 4749
138 P 32.75 39.12 4741
139 P 31.89 39.13 5085
140 P 31.79 39.14 4771
141 P 31.87 39.14 4937
142 P 31.68 39.26 6568
143 P 31.24 39.26 2799
144 P 31.06 39.23 5087
145 P 31.62 39.19 4260
146 P 31.64 39.14 4128
147 P 31.75 39.12 5435
148 P 31.68 39.18 4927
149 P 31.06 39.24 1632
150 P 31.65 39.18 4406
151 P 31.62 39.17 4657
152 P 31.60 39.21 5758
153 P 31.35 39.20 5450
154 P 31.26 39.26 5660
155 P 31.12 39.23 2224
156 P 31.63 39.15 5121
157 P 31.30 39.20 7472
158 P 31.30 39.23 5709
159 P 31.36 39.21 5566
160 P 30.95 39.19 5712
161 P 30.85 39.18 5893
162 P 30.82 39.19 5002
163 P 31.06 39.28 13142
164 P 30.36 39.19 6532
165 P 30.82 39.12 5730
166 P 31.05 39.30 8411
167 P 30.72 39.32 2064
168 P 30.94 39.22 6311
169 P 31.17 39.20 6325
170 P 31.33 39.18 6755
171 P 30.97 39.14 8538
172 P 30.77 39.18 7424
173 P 30.80 39.17 3833
174 P 31.35 39.15 7251
175 P 31.47 39.09 6784
176 P 30.95 39.18 9102
177 P 31.15 39.19 7209
178 P 30.88 39.25 7775
179 P 30.24 39.24 2532
180 P 30.94 39.16 6294
181 P 30.75 39.17 7607
182 P 30.96 39.15 5930
183 P 30.90 39.18 6013
184 P 30.92 39.19 5817
185 P 30.88 39.24 6502
186 P 30.81 39.24 6602
187 P 30.62 39.24 6348
188 P 30.46 39.21 6611
189 P 30.79 39.17 5885
190 P 30.58 39.23 8162
191 P 30.70 39.28 2250
192 P 30.81 39.17 5796
193 P 30.75 39.17 6255
194 P 30.55 39.16 5975
195 P 30.63 39.19 7743
196 P 30.40 39.28 7356
197 P 30.52 39.26 2747
198 P 30.33 39.16 6036
199 P 30.86 39.15 6136
200 P 30.86 39.21 8305
201 P 30.49 39.18 6909
202 P 30.87 39.19 7237
203 P 30.47 39.18 4256
204 P 30.94 39.14 8163
205 P 31.12 39.07 7917
206 P 31.41 39.13 6090
207 P 30.93 39.09 6108
208 P 31.25 39.13 6089
209 P 31.10 39.01 5135
210 P 31.09 39.55 9876
211 P 30.92 39.46 4901
212 P 30.81 39.47 5387
213 P 30.89 39.46 5653
214 P 30.44 39.65 8538
215 P 31.00 39.62 1734
216 P 30.51 39.49 5850
217 P 30.22 39.49 5932
218 P 31.00 39.45 5349
219 P 30.18 39.49 7074
220 P 30.28 39.55 5749
221 P 31.07 39.60 1541
222 P 30.53 39.55 5519
223 P 30.45 39.53 6105
224 P 30.68 39.54 7692
225 P 30.98 39.55 6745
226 P 31.08 39.58 7037
227 P 31.35 39.54 2456
228 P 30.97 39.51 8103
229 P 30.68 39.51 6352
230 P 30.56 39.53 5878
231 P 30.37 39.49 5589
232 P 30.41 39.49 5444
233 P 30.52 39.54 5268
234 P 30.51 39.54 4767
235 P 30.44 39.54 5137
236 P 30.62 39.52 5263
237 P 30.22 39.44 5357
238 P 30.33 39.54 8024
239 P 30.95 39.54 2389
240 P 30.65 39.44 6217
241 P 30.69 39.41 6320
242 P 30.89 39.37 5573
243 P 30.69 39.44 7720
244 P 30.30 39.52 5802
245 P 31.52 39.53 1961
246 P 30.86 39.49 5218
247 P 30.46 39.45 6617
248 P 30.35 39.44 5292
249 P 30.85 39.41 5276
250 P 30.75 39.42 5632
251 P 31.01 39.43 2066
252 P 30.64 39.35 6507
253 P 31.09 39.35 5727
254 P 30.87 39.34 5203
255 P 32.10 39.06 4331
