% Nframe | type | QP | PSNR | size (Bytes) 
0 I 17.79 45.02 12173
1 P 18.00 44.85 92
2 P 18.05 44.38 1258
3 P 18.61 44.44 1337
4 P 17.35 44.24 1215
5 P 19.39 44.23 1716
6 P 19.00 44.39 1522
7 P 18.67 44.33 372
8 P 18.57 44.08 1708
9 P 19.44 44.14 1819
10 P 19.25 44.09 2102
11 P 18.98 44.04 2066
12 P 21.89 42.97 1442
13 P 17.55 44.82 3531
14 P 15.03 45.90 2682
15 P 13.07 47.16 6258
16 P 11.71 48.06 6188
17 P 11.00 48.84 6306
18 P 10.22 49.57 7046
19 P 8.93 50.37 8216
20 P 8.53 50.83 7899
21 P 8.05 51.16 8177
22 P 7.85 51.39 8506
23 P 7.80 51.37 8171
24 P 7.25 52.39 10413
25 P 7.53 52.31 4214
26 P 7.18 52.30 7160
27 P 7.30 52.22 6970
28 P 7.45 52.14 6833
29 P 7.41 52.22 7533
30 P 7.19 52.33 6828
31 P 7.48 52.28 4018
32 P 7.44 52.15 7209
33 P 7.58 52.09 7193
34 P 7.70 52.06 8577
35 P 7.69 51.92 8031
36 P 7.87 51.82 8005
37 P 7.68 51.99 8803
38 P 7.25 52.00 5179
39 P 7.46 51.89 9874
40 P 7.02 51.97 9492
41 P 7.46 52.01 8884
42 P 7.07 52.22 8948
43 P 6.94 52.32 8931
44 P 7.29 52.40 9069
45 P 7.30 52.36 9064
46 P 7.28 52.37 9144
47 P 7.19 52.30 9147
48 P 7.11 52.40 9717
49 P 7.41 52.45 5414
50 P 7.19 52.35 9288
51 P 7.44 52.35 9216
52 P 7.66 52.14 8795
53 P 7.90 51.86 9350
54 P 7.31 52.52 11414
55 P 6.87 52.46 5130
56 P 7.69 51.98 8802
57 P 7.60 52.09 8556
58 P 7.54 52.15 9330
59 P 7.44 52.02 8911
60 P 7.57 52.02 8875
61 P 7.37 52.06 9215
62 P 7.71 51.93 9378
63 P 7.32 51.99 9104
64 P 7.35 52.01 8868
65 P 7.42 51.96 8497
66 P 7.80 51.99 8183
67 P 7.47 52.04 8564
68 P 7.86 51.95 8604
69 P 7.82 51.96 8370
70 P 7.68 51.96 8371
71 P 7.61 51.76 8619
72 P 7.64 52.03 9084
73 P 8.10 52.05 4904
74 P 7.81 51.80 8235
75 P 7.85 51.99 8160
76 P 7.97 51.87 7900
77 P 7.96 51.98 8225
78 P 7.69 52.14 7960
79 P 7.81 52.11 4515
80 P 7.84 51.95 7736
81 P 7.93 51.90 7396
82 P 7.95 51.90 8270
83 P 8.05 51.90 7698
84 P 8.10 51.80 7550
85 P 8.02 51.86 7797
86 P 8.10 51.80 7570
87 P 8.27 51.79 7910
88 P 8.18 51.86 8109
89 P 8.25 51.77 7679
90 P 8.25 51.78 7485
91 P 8.28 51.78 8255
92 P 8.24 51.70 8265
93 P 8.25 51.66 8486
94 P 8.19 51.80 8651
95 P 8.15 51.71 8355
96 P 7.88 51.97 9357
97 P 8.10 51.87 5045
98 P 8.11 51.67 8987
99 P 8.32 51.68 9099
100 P 8.34 51.59 8934
101 P 8.18 51.70 9708
102 P 8.06 51.86 9676
103 P 8.39 51.88 5046
104 P 8.38 51.49 8922
105 P 8.27 51.83 9367
106 P 8.02 51.75 8882
107 P 8.06 51.74 9004
108 P 8.41 51.34 8467
109 P 8.41 51.92 11415
110 P 8.26 51.60 9095
111 P 8.54 51.61 9034
112 P 8.72 51.57 8244
113 P 8.72 51.51 8320
114 P 8.70 51.53 8349
115 P 8.67 51.64 8452
116 P 8.65 51.51 8644
117 P 8.84 51.55 8505
118 P 8.70 51.50 8745
119 P 8.66 51.50 8749
120 P 8.73 51.45 8512
121 P 8.80 51.53 8256
122 P 9.04 51.40 7864
123 P 8.85 51.47 8317
124 P 8.83 51.47 7846
125 P 8.87 51.45 4521
126 P 8.92 51.41 7378
127 P 9.07 51.44 7335
128 P 9.02 51.51 7695
129 P 8.95 51.42 7195
130 P 9.10 51.48 7677
131 P 9.05 51.49 4701
132 P 9.06 51.23 7832
133 P 8.92 51.39 8736
134 P 8.82 51.45 7966
135 P 9.02 51.39 7556
136 P 9.11 51.49 7408
137 P 8.84 51.48 7020
138 P 8.88 51.54 6941
139 P 8.83 51.43 7020
140 P 8.82 51.47 7047
141 P 8.91 51.48 7166
142 P 8.68 51.64 8104
143 P 8.72 51.60 5737
144 P 8.70 51.60 7492
145 P 8.83 51.54 6413
146 P 8.72 51.50 6401
147 P 8.84 51.50 7292
148 P 8.79 51.67 6771
149 P 8.73 51.74 4131
150 P 8.84 51.49 6704
151 P 8.83 51.44 6883
152 P 8.90 51.51 7714
153 P 8.72 51.47 7767
154 P 8.73 51.59 7546
155 P 8.91 51.55 4468
156 P 8.92 51.30 7072
157 P 8.75 51.52 8760
158 P 8.77 51.46 7600
159 P 8.80 51.46 7448
160 P 8.69 51.46 7344
161 P 8.92 51.48 7667
162 P 9.02 51.26 6902
163 P 8.75 51.80 10067
164 P 8.60 51.50 7529
165 P 8.75 51.35 6945
166 P 8.66 51.71 8328
167 P 8.44 51.72 4179
168 P 8.43 51.59 8160
169 P 8.45 51.47 8054
170 P 8.54 51.39 8150
171 P 8.60 51.50 9239
172 P 8.62 51.56 8763
173 P 8.79 51.47 5877
174 P 8.60 51.37 8718
175 P 8.69 51.35 8368
176 P 8.67 51.47 9253
177 P 8.53 51.52 8724
178 P 8.44 51.58 8708
179 P 8.32 51.60 4471
180 P 8.51 51.48 7893
181 P 8.47 51.54 8174
182 P 8.68 51.49 7477
183 P 8.71 51.52 7568
184 P 8.60 51.50 7573
185 P 8.52 51.47 8057
186 P 8.49 51.42 8638
187 P 8.60 51.50 8668
188 P 8.63 51.52 8739
189 P 8.67 51.35 7798
190 P 8.63 51.59 8556
191 P 8.75 51.58 4437
192 P 8.38 51.54 7879
193 P 8.55 51.57 7970
194 P 8.69 51.38 7951
195 P 8.50 51.48 8770
196 P 8.37 51.51 8394
197 P 8.28 51.53 5129
198 P 8.49 51.44 7971
199 P 8.52 51.40 7682
200 P 8.67 51.46 8531
201 P 8.94 51.45 7950
202 P 8.82 51.43 8319
203 P 8.56 51.44 6619
204 P 8.91 51.33 8708
205 P 8.75 51.36 8603
206 P 8.97 51.44 7550
207 P 8.94 51.42 7239
208 P 8.92 51.47 7114
209 P 8.89 51.31 6678
210 P 8.75 51.74 9081
211 P 8.90 51.63 6908
212 P 9.01 51.58 7000
213 P 8.78 51.58 7552
214 P 8.43 51.80 8736
215 P 8.56 51.71 3640
216 P 8.65 51.51 7490
217 P 8.75 51.48 7421
218 P 8.72 51.54 7053
219 P 8.93 51.50 7559
220 P 8.85 51.61 7133
221 P 8.93 51.56 3854
222 P 9.17 51.42 7590
223 P 8.81 51.37 8018
224 P 8.80 51.41 8781
225 P 8.80 51.41 8738
226 P 8.73 51.58 9138
227 P 8.73 51.51 4656
228 P 8.71 51.45 9482
229 P 8.63 51.49 8615
230 P 8.64 51.53 8052
231 P 8.60 51.62 7880
232 P 8.69 51.53 7757
233 P 8.73 51.50 7516
234 P 8.55 51.64 7467
235 P 8.82 51.57 7296
236 P 8.99 51.45 7606
237 P 9.13 51.44 7782
238 P 8.80 51.69 9153
239 P 8.82 51.61 4498
240 P 9.03 51.42 8180
241 P 9.05 51.47 8093
242 P 8.88 51.41 7883
243 P 9.05 51.37 8392
244 P 8.86 51.60 7694
245 P 8.91 51.55 3881
246 P 9.12 51.48 7392
247 P 9.10 51.39 7895
248 P 8.83 51.45 7379
249 P 8.52 51.42 7287
250 P 9.03 51.51 7282
251 P 8.99 51.51 3962
252 P 9.10 51.35 7728
253 P 8.80 51.37 7684
254 P 8.86 51.33 7325
255 P 10.65 50.68 5803
