% Nframe | type | QP | PSNR | size (Bytes) 
0 I 31.82 37.40 28051
1 P 34.59 37.35 232
2 P 34.85 37.00 1421
3 P 36.06 36.94 1564
4 P 37.70 36.88 1645
5 P 37.85 36.89 2374
6 P 35.96 36.94 2155
7 P 34.54 36.87 368
8 P 35.60 36.82 2194
9 P 35.91 36.76 2405
10 P 35.88 36.82 3144
11 P 36.50 36.80 2744
12 P 41.53 36.02 1693
13 P 44.74 34.99 1402
14 P 42.32 35.43 460
15 P 41.01 35.78 2800
16 P 37.93 36.06 2376
17 P 37.55 36.34 2884
18 P 36.97 36.59 2992
19 P 33.74 36.83 3539
20 P 33.88 36.96 3500
21 P 32.22 37.12 3803
22 P 32.16 37.19 3991
23 P 32.86 37.22 4077
24 P 30.76 37.60 8839
25 P 30.90 37.79 1750
26 P 29.93 37.88 4655
27 P 31.42 37.86 4144
28 P 30.49 37.92 4250
29 P 31.50 38.04 5428
30 P 32.04 38.16 4372
31 P 32.26 38.24 1878
32 P 31.64 38.19 4575
33 P 31.61 38.22 4542
34 P 31.55 38.34 6660
35 P 31.90 38.30 5552
36 P 32.31 38.14 5055
37 P 32.17 38.27 6720
38 P 32.03 38.25 2650
39 P 30.16 38.22 8162
40 P 29.99 38.27 6537
41 P 30.25 38.31 6242
42 P 30.76 38.35 6132
43 P 29.05 38.41 6594
44 P 29.20 38.46 6299
45 P 31.31 38.56 6150
46 P 31.71 38.54 5653
47 P 31.85 38.54 5588
48 P 31.68 38.65 7910
49 P 31.72 38.65 2401
50 P 31.34 38.60 5611
51 P 31.66 38.58 5480
52 P 32.28 38.48 5372
53 P 31.98 38.37 6205
54 P 30.85 38.49 12865
55 P 31.79 38.45 2492
56 P 32.27 38.24 4940
57 P 31.72 38.12 4847
58 P 31.16 38.16 6647
59 P 32.33 38.18 5670
60 P 32.63 38.16 5315
61 P 32.25 38.19 5582
62 P 31.93 38.17 6283
63 P 32.20 38.17 5825
64 P 31.88 38.19 5836
65 P 32.37 38.18 5524
66 P 32.54 38.08 5062
67 P 33.00 38.10 5630
68 P 32.77 38.11 5894
69 P 33.09 38.08 5767
70 P 32.36 38.06 5790
71 P 32.89 37.96 5902
72 P 32.20 38.22 8154
73 P 33.25 38.19 1985
74 P 32.49 38.01 5848
75 P 32.83 38.03 5370
76 P 32.58 37.97 5159
77 P 33.02 38.00 6335
78 P 32.90 38.08 5325
79 P 33.26 38.10 2055
80 P 33.34 37.94 4987
81 P 33.63 37.88 4415
82 P 33.51 37.94 6214
83 P 33.22 37.92 4582
84 P 33.68 37.92 4678
85 P 33.25 37.92 5020
86 P 34.11 37.89 4629
87 P 34.20 37.92 4676
88 P 33.83 37.93 5062
89 P 33.51 37.93 4216
90 P 32.97 37.92 4073
91 P 33.19 37.97 4975
92 P 32.93 38.01 5081
93 P 32.94 38.03 5176
94 P 32.22 37.97 5070
95 P 32.69 37.93 4960
96 P 31.91 38.12 7514
97 P 33.65 38.13 1758
98 P 31.72 38.01 5300
99 P 32.95 38.08 6051
100 P 33.07 37.99 5903
101 P 32.71 38.04 7708
102 P 32.19 38.05 7446
103 P 32.39 38.09 2548
104 P 33.02 37.99 5669
105 P 31.62 38.13 7401
106 P 32.18 38.14 6180
107 P 32.56 38.07 6397
108 P 33.23 38.02 5716
109 P 33.30 38.28 11170
110 P 33.29 38.23 5653
111 P 33.31 38.17 5733
112 P 33.17 38.18 4959
113 P 32.90 38.14 4697
114 P 32.79 38.11 5021
115 P 32.72 38.18 4909
116 P 32.84 38.17 5394
117 P 32.57 38.14 5409
118 P 32.79 38.09 5465
119 P 32.66 38.05 5338
120 P 32.70 38.01 4830
121 P 32.99 38.02 4797
122 P 33.09 37.92 4428
123 P 32.86 38.00 5301
124 P 32.98 38.08 4877
125 P 32.89 38.06 1582
126 P 33.42 38.04 3871
127 P 33.02 38.02 3970
128 P 33.08 38.06 4825
129 P 33.49 38.01 4032
130 P 32.92 38.13 4828
131 P 33.78 38.10 1807
132 P 33.61 38.02 4671
133 P 33.24 38.05 5922
134 P 33.81 38.03 4633
135 P 33.68 37.99 4530
136 P 34.05 37.96 4284
137 P 34.19 38.03 3849
138 P 33.51 38.07 3954
139 P 33.01 38.05 3818
140 P 33.45 38.09 3922
141 P 33.24 38.08 4089
142 P 33.39 38.23 5371
143 P 32.80 38.20 2138
144 P 33.23 38.18 4174
145 P 32.94 38.15 3477
146 P 33.35 38.07 3337
147 P 33.35 38.05 4497
148 P 33.47 38.14 4078
149 P 32.42 38.20 1267
150 P 33.34 38.15 3544
151 P 33.20 38.13 3739
152 P 32.90 38.17 4928
153 P 32.52 38.21 4540
154 P 33.05 38.23 4563
155 P 33.25 38.22 1798
156 P 32.96 38.15 4127
157 P 32.74 38.21 6281
158 P 32.96 38.23 4582
159 P 32.84 38.21 4764
160 P 32.46 38.17 4674
161 P 32.36 38.17 4914
162 P 32.44 38.17 4060
163 P 32.62 38.26 11068
164 P 32.03 38.13 5161
165 P 32.45 38.08 4674
166 P 31.98 38.23 6973
167 P 32.12 38.25 1837
168 P 32.40 38.20 5278
169 P 32.29 38.17 5190
170 P 32.61 38.14 5502
171 P 32.30 38.17 7234
172 P 32.46 38.17 5962
173 P 32.21 38.15 2999
174 P 32.74 38.14 6114
175 P 32.76 38.07 5449
176 P 32.66 38.18 7555
177 P 32.55 38.16 5828
178 P 32.53 38.21 6440
179 P 32.12 38.25 2172
180 P 32.45 38.14 5028
181 P 32.25 38.20 6327
182 P 32.19 38.16 4851
183 P 32.15 38.17 4857
184 P 32.17 38.18 4787
185 P 32.14 38.21 5434
186 P 32.00 38.20 5492
187 P 31.77 38.24 5251
188 P 32.29 38.22 5544
189 P 32.59 38.12 4593
190 P 32.04 38.22 7047
191 P 32.02 38.23 1934
192 P 32.46 38.11 4617
193 P 31.87 38.17 5195
194 P 32.26 38.18 5005
195 P 32.28 38.18 6278
196 P 31.89 38.28 6063
197 P 31.79 38.27 2288
198 P 32.18 38.16 5000
199 P 32.31 38.15 5076
200 P 32.37 38.21 6838
201 P 32.15 38.19 5718
202 P 32.22 38.23 6053
203 P 31.95 38.22 3358
204 P 32.57 38.16 6845
205 P 32.56 38.07 6476
206 P 32.58 38.13 5086
207 P 32.76 38.10 5007
208 P 32.76 38.12 4957
209 P 32.74 38.04 4295
210 P 32.84 38.53 8206
211 P 32.48 38.45 4030
212 P 32.31 38.47 4523
213 P 32.23 38.45 4673
214 P 32.37 38.64 7216
215 P 32.56 38.58 1434
216 P 31.96 38.49 4910
217 P 31.99 38.48 5035
218 P 32.06 38.42 4361
219 P 32.04 38.46 5964
220 P 32.14 38.55 4890
221 P 32.93 38.60 1264
222 P 32.40 38.53 4544
223 P 32.74 38.54 5192
224 P 32.17 38.53 6448
225 P 32.59 38.56 5742
226 P 31.95 38.61 5991
227 P 32.65 38.58 1863
228 P 32.14 38.51 6963
229 P 31.80 38.51 5418
230 P 32.03 38.56 4843
231 P 31.65 38.50 4661
232 P 32.16 38.47 4678
233 P 31.57 38.55 4290
234 P 31.73 38.54 4091
235 P 31.91 38.55 4369
236 P 31.72 38.52 4431
237 P 32.03 38.45 4432
238 P 31.76 38.54 6948
239 P 32.38 38.53 1906
240 P 32.05 38.45 5233
241 P 32.35 38.39 5157
242 P 32.30 38.40 4780
243 P 32.02 38.46 6351
244 P 31.76 38.53 4789
245 P 32.65 38.53 1590
246 P 32.14 38.49 4418
247 P 32.04 38.45 5437
248 P 31.80 38.42 4401
249 P 32.01 38.38 4542
250 P 32.19 38.41 4784
251 P 32.09 38.40 1723
252 P 31.87 38.30 5271
253 P 31.72 38.30 4779
254 P 32.22 38.32 4521
255 P 32.75 38.07 3741
