% Nframe | type | QP | PSNR | size (Bytes) 
0 I 27.09 37.87 7779
1 P 27.56 37.85 68
2 P 28.74 37.37 492
3 P 29.35 37.34 567
4 P 30.00 37.29 578
5 P 30.70 37.23 819
6 P 29.08 37.44 765
7 P 29.08 37.42 106
8 P 30.92 37.16 737
9 P 30.58 37.04 774
10 P 30.08 37.11 1042
11 P 30.33 37.05 885
12 P 34.99 36.07 530
13 P 31.09 36.66 951
14 P 28.28 37.14 560
15 P 26.14 37.85 2133
16 P 24.77 38.56 2269
17 P 23.62 39.41 2678
18 P 22.22 40.15 2896
19 P 20.97 40.91 3581
20 P 19.95 41.47 3292
21 P 19.86 41.89 3327
22 P 19.78 42.21 3387
23 P 19.10 42.41 3332
24 P 18.34 43.13 5228
25 P 18.43 43.32 1426
26 P 18.05 43.45 3291
27 P 18.35 43.39 3143
28 P 19.13 43.35 2820
29 P 18.94 43.39 3235
30 P 18.95 43.56 2799
31 P 18.67 43.55 974
32 P 18.62 43.27 2743
33 P 19.48 43.10 2718
34 P 19.04 43.08 3799
35 P 19.59 43.04 3417
36 P 19.66 42.68 3308
37 P 19.38 42.95 4152
38 P 18.70 42.91 1502
39 P 19.09 42.68 4504
40 P 19.33 42.63 3864
41 P 17.82 42.70 3735
42 P 19.08 42.91 3641
43 P 18.55 43.07 3632
44 P 19.04 43.20 3842
45 P 18.98 43.22 3811
46 P 18.76 43.11 3767
47 P 19.69 43.06 3683
48 P 18.82 43.25 4314
49 P 19.32 43.23 1533
50 P 19.36 43.22 3581
51 P 18.97 43.09 3450
52 P 19.67 42.91 3324
53 P 19.83 42.64 3812
54 P 19.46 43.16 6157
55 P 19.21 43.18 1531
56 P 19.80 42.78 3419
57 P 19.84 42.62 3321
58 P 19.10 42.56 4068
59 P 19.37 42.49 3619
60 P 18.91 42.56 3621
61 P 19.44 42.62 3796
62 P 19.19 42.55 4068
63 P 19.04 42.50 3946
64 P 18.94 42.56 3699
65 P 19.35 42.55 3562
66 P 19.06 42.51 3352
67 P 19.67 42.64 3613
68 P 18.89 42.57 3672
69 P 19.80 42.48 3461
70 P 19.85 42.47 3565
71 P 19.21 42.24 3563
72 P 19.42 42.66 4275
73 P 18.67 42.61 1320
74 P 20.13 42.37 3405
75 P 19.27 42.44 3240
76 P 20.20 42.29 3157
77 P 19.45 42.37 3701
78 P 20.06 42.64 3171
79 P 19.99 42.64 1223
80 P 20.00 42.37 3100
81 P 20.03 42.16 2722
82 P 19.93 42.34 3542
83 P 20.06 42.30 2892
84 P 20.30 42.25 2916
85 P 20.12 42.15 2978
86 P 20.56 42.31 3044
87 P 20.09 42.11 2938
88 P 20.67 42.15 3202
89 P 20.77 42.11 2978
90 P 21.24 42.09 2659
91 P 20.58 42.11 3072
92 P 20.83 42.12 3376
93 P 20.96 42.09 3354
94 P 20.62 42.01 3403
95 P 20.54 41.98 3307
96 P 20.39 42.38 4194
97 P 19.48 42.43 1337
98 P 19.87 42.23 3628
99 P 20.41 42.19 3930
100 P 20.40 42.05 3918
101 P 20.54 42.14 4555
102 P 20.17 42.33 4275
103 P 19.72 42.34 1679
104 P 20.80 42.10 3733
105 P 19.80 42.27 4109
106 P 20.34 42.17 3591
107 P 21.26 42.12 3566
108 P 21.30 41.77 3430
109 P 20.82 42.51 5557
110 P 21.06 42.29 3368
111 P 21.25 42.31 3497
112 P 21.23 42.28 2902
113 P 21.20 42.09 2813
114 P 21.14 42.20 3043
115 P 21.11 42.36 2899
116 P 21.16 42.21 3234
117 P 21.02 42.10 3163
118 P 21.09 42.11 3269
119 P 21.59 42.08 3153
120 P 21.42 42.10 3042
121 P 21.75 42.11 2928
122 P 21.95 41.90 2573
123 P 21.66 42.08 3044
124 P 21.60 42.16 2771
125 P 21.34 42.15 1105
126 P 21.76 42.09 2534
127 P 21.90 42.05 2479
128 P 21.48 42.07 2613
129 P 21.91 42.08 2324
130 P 21.57 42.22 2796
131 P 20.82 42.27 1266
132 P 22.07 42.07 2845
133 P 21.88 42.09 3345
134 P 21.70 42.25 2912
135 P 21.63 42.12 2557
136 P 21.73 42.09 2717
137 P 21.61 42.18 2339
138 P 21.51 42.27 2258
139 P 21.32 42.21 2161
140 P 21.59 42.29 2289
141 P 21.12 42.21 2310
142 P 21.03 42.45 3042
143 P 20.47 42.53 1477
144 P 20.69 42.36 2479
145 P 20.77 42.41 2208
146 P 20.73 42.37 2101
147 P 21.11 42.24 2511
148 P 20.55 42.35 2316
149 P 20.02 42.41 933
150 P 20.91 42.41 2283
151 P 20.74 42.32 2353
152 P 20.88 42.47 3102
153 P 20.65 42.37 2718
154 P 20.66 42.49 2958
155 P 20.28 42.55 1287
156 P 20.72 42.42 2650
157 P 20.74 42.51 3574
158 P 20.81 42.55 2787
159 P 20.74 42.45 2854
160 P 20.38 42.51 2886
161 P 20.33 42.50 2938
162 P 20.41 42.26 2410
163 P 20.36 42.61 5160
164 P 20.28 42.50 3158
165 P 20.00 42.39 2867
166 P 20.39 42.77 3847
167 P 20.15 42.75 994
168 P 20.14 42.56 3313
169 P 20.36 42.44 3263
170 P 20.70 42.32 3271
171 P 20.81 42.43 4049
172 P 20.71 42.63 3953
173 P 20.72 42.51 1604
174 P 20.53 42.37 3666
175 P 20.49 42.43 3473
176 P 20.78 42.49 4212
177 P 20.61 42.44 3497
178 P 20.26 42.59 3619
179 P 20.03 42.62 1226
180 P 20.71 42.39 2855
181 P 20.70 42.48 3339
182 P 20.86 42.51 2772
183 P 20.20 42.47 2841
184 P 20.61 42.50 2901
185 P 20.57 42.42 3157
186 P 20.68 42.51 3417
187 P 19.94 42.56 3457
188 P 20.71 42.45 3492
189 P 20.62 42.34 3018
190 P 20.63 42.54 3692
191 P 20.52 42.58 1236
192 P 20.60 42.37 2849
193 P 20.54 42.45 3047
194 P 20.99 42.43 2970
195 P 20.62 42.54 3699
196 P 20.18 42.67 3550
197 P 19.88 42.70 1535
198 P 20.41 42.45 2999
199 P 19.97 42.45 3042
200 P 20.48 42.51 3712
201 P 20.59 42.56 3246
202 P 19.76 42.70 3724
203 P 20.20 42.57 1968
204 P 20.57 42.48 3977
205 P 20.27 42.43 3456
206 P 20.57 42.39 2885
207 P 20.30 42.43 2851
208 P 20.45 42.56 2841
209 P 20.39 42.29 2396
210 P 20.66 43.02 4323
211 P 20.76 42.75 2557
212 P 20.64 42.77 2845
213 P 20.46 42.76 2947
214 P 19.88 43.06 3939
215 P 19.84 43.02 907
216 P 20.24 42.84 2887
217 P 20.35 42.76 2928
218 P 20.20 42.83 2779
219 P 20.24 42.86 3221
220 P 20.35 42.90 2774
221 P 20.07 42.91 886
222 P 20.50 42.66 2856
223 P 20.62 42.54 3054
224 P 20.78 42.66 3937
225 P 20.75 42.65 3651
226 P 20.52 42.82 3882
227 P 19.97 42.80 1301
228 P 20.89 42.66 4194
229 P 20.48 42.64 3311
230 P 19.96 42.79 3127
231 P 19.99 42.79 3044
232 P 20.14 42.76 2816
233 P 20.51 42.76 2595
234 P 19.90 42.87 2588
235 P 20.40 42.88 2740
236 P 20.31 42.85 2931
237 P 20.65 42.67 2897
238 P 19.73 42.87 4088
239 P 19.97 42.85 1351
240 P 20.43 42.63 3189
241 P 20.88 42.51 3259
242 P 20.22 42.47 2952
243 P 20.39 42.69 3848
244 P 20.61 42.91 3190
245 P 20.29 42.90 1013
246 P 20.43 42.73 2940
247 P 20.49 42.69 3280
248 P 20.49 42.72 2830
249 P 20.37 42.72 2980
250 P 20.36 42.70 2752
251 P 20.08 42.77 1196
252 P 20.48 42.59 3296
253 P 20.48 42.62 2810
254 P 20.18 42.61 2808
255 P 22.46 42.05 2279
