% Nframe | type | QP | PSNR | size (Bytes) 
0 I 37.05 32.77 11359
1 P 42.39 32.78 70
2 P 42.42 32.45 428
3 P 41.24 32.34 459
4 P 43.16 32.27 480
5 P 42.74 32.31 801
6 P 41.25 32.40 697
7 P 41.52 32.34 100
8 P 42.59 32.25 747
9 P 42.35 32.13 737
10 P 42.08 32.27 1101
11 P 42.39 32.20 956
12 P 47.46 31.58 621
13 P 49.36 30.69 524
14 P 44.92 30.77 176
15 P 46.69 31.39 1122
16 P 43.06 31.71 869
17 P 40.19 32.00 1010
18 P 41.27 32.14 1089
19 P 39.41 32.42 1387
20 P 39.25 32.68 1362
21 P 38.28 32.87 1502
22 P 37.83 32.99 1557
23 P 35.89 33.01 1490
24 P 34.29 33.44 3661
25 P 36.64 33.52 591
26 P 34.91 33.57 1634
27 P 37.17 33.59 1482
28 P 35.24 33.65 1582
29 P 35.28 33.85 2230
30 P 35.74 33.93 1625
31 P 35.36 33.99 582
32 P 36.39 34.00 1748
33 P 34.10 34.06 1719
34 P 35.45 34.11 2822
35 P 34.35 34.09 2205
36 P 37.36 33.94 1827
37 P 35.98 34.04 2541
38 P 36.16 34.08 969
39 P 33.65 34.06 3374
40 P 32.44 34.10 2522
41 P 33.71 34.17 2466
42 P 34.11 34.22 2310
43 P 32.17 34.35 2692
44 P 34.39 34.39 2436
45 P 34.79 34.45 2407
46 P 36.20 34.48 2254
47 P 36.28 34.44 2163
48 P 35.30 34.63 3111
49 P 35.17 34.60 850
50 P 35.27 34.55 2172
51 P 34.59 34.49 2065
52 P 36.01 34.39 1981
53 P 35.56 34.23 2348
54 P 34.47 34.42 5596
55 P 35.66 34.42 918
56 P 35.47 34.19 1816
57 P 34.95 34.13 1925
58 P 34.68 34.14 2522
59 P 35.41 34.14 2077
60 P 35.90 34.09 1938
61 P 35.42 34.12 2163
62 P 34.40 34.14 2427
63 P 35.59 34.12 2203
64 P 35.13 34.14 2299
65 P 35.81 34.12 2173
66 P 35.58 34.05 1962
67 P 36.40 34.07 2255
68 P 36.72 34.04 2275
69 P 36.62 34.05 2136
70 P 36.43 33.98 2290
71 P 35.78 33.93 2393
72 P 35.87 34.21 3253
73 P 35.18 34.21 762
74 P 36.14 34.03 2319
75 P 36.02 34.08 2286
76 P 35.85 34.06 2058
77 P 36.31 34.07 2514
78 P 36.78 34.15 2152
79 P 37.14 34.15 669
80 P 36.60 34.01 1982
81 P 36.88 34.00 1707
82 P 36.16 34.06 2474
83 P 36.91 34.01 1728
84 P 36.90 33.98 1819
85 P 35.92 34.02 2032
86 P 37.18 33.97 1744
87 P 36.61 34.00 1828
88 P 36.65 33.99 2094
89 P 37.27 34.04 1663
90 P 36.92 34.06 1664
91 P 37.30 33.98 1911
92 P 35.71 34.05 2001
93 P 36.28 34.02 2025
94 P 35.48 34.01 2166
95 P 34.59 33.95 2012
96 P 35.43 34.16 3191
97 P 36.30 34.18 697
98 P 36.03 34.11 2238
99 P 35.90 34.14 2444
100 P 36.05 34.04 2357
101 P 36.10 34.10 3221
102 P 35.97 34.17 2936
103 P 35.51 34.16 864
104 P 37.04 34.07 2297
105 P 34.59 34.23 3049
106 P 34.21 34.23 2520
107 P 35.32 34.21 2574
108 P 35.19 34.08 2332
109 P 36.81 34.39 4732
110 P 37.38 34.26 2147
111 P 36.69 34.26 2329
112 P 36.84 34.26 1884
113 P 36.82 34.23 1761
114 P 37.23 34.18 1781
115 P 36.56 34.27 1964
116 P 36.50 34.25 2111
117 P 36.45 34.17 2059
118 P 37.05 34.11 2019
119 P 36.58 34.02 2025
120 P 37.20 34.07 1906
121 P 36.66 34.00 1748
122 P 36.82 33.99 1646
123 P 36.46 33.95 1890
124 P 36.38 34.12 2039
125 P 36.51 34.11 538
126 P 36.86 34.12 1542
127 P 37.13 34.12 1486
128 P 36.80 34.17 1773
129 P 36.70 34.16 1433
130 P 36.48 34.26 1818
131 P 37.41 34.26 593
132 P 37.43 34.12 1784
133 P 36.98 34.22 2306
134 P 37.33 34.21 1659
135 P 37.11 34.18 1694
136 P 37.46 34.12 1540
137 P 37.07 34.20 1497
138 P 37.81 34.24 1450
139 P 37.33 34.24 1442
140 P 36.33 34.26 1355
141 P 37.01 34.26 1469
142 P 36.16 34.39 1996
143 P 35.81 34.41 691
144 P 36.09 34.34 1527
145 P 37.04 34.33 1308
146 P 36.96 34.27 1275
147 P 37.79 34.21 1674
148 P 36.76 34.31 1544
149 P 36.07 34.38 418
150 P 36.27 34.35 1304
151 P 36.74 34.29 1214
152 P 35.91 34.37 1855
153 P 36.87 34.37 1568
154 P 36.39 34.42 1728
155 P 36.05 34.44 690
156 P 36.56 34.35 1516
157 P 36.64 34.43 2506
158 P 36.22 34.44 1751
159 P 36.30 34.40 1718
160 P 35.91 34.38 1834
161 P 36.01 34.44 2021
162 P 35.71 34.48 1612
163 P 36.40 34.50 4781
164 P 35.79 34.43 2035
165 P 35.79 34.40 1828
166 P 35.88 34.56 2836
167 P 35.39 34.57 603
168 P 35.99 34.50 2116
169 P 36.20 34.46 2053
170 P 35.83 34.40 2146
171 P 35.94 34.44 2996
172 P 36.00 34.50 2414
173 P 35.53 34.49 1099
174 P 36.18 34.43 2371
175 P 36.32 34.39 2166
176 P 35.99 34.50 3072
177 P 36.20 34.47 2266
178 P 35.74 34.58 2534
179 P 34.93 34.59 712
180 P 35.84 34.46 1923
181 P 36.10 34.49 2457
182 P 35.20 34.46 1848
183 P 35.80 34.47 1920
184 P 35.76 34.51 1880
185 P 35.97 34.55 2147
186 P 35.45 34.52 2148
187 P 35.92 34.55 2063
188 P 35.48 34.52 2060
189 P 35.08 34.43 1761
190 P 34.84 34.51 2736
191 P 35.12 34.53 665
192 P 35.47 34.48 1793
193 P 35.21 34.48 2014
194 P 35.69 34.44 1904
195 P 35.43 34.50 2548
196 P 34.94 34.57 2275
197 P 34.83 34.60 862
198 P 35.14 34.53 1912
199 P 35.27 34.47 1879
200 P 35.28 34.53 2664
201 P 35.57 34.47 2198
202 P 35.14 34.47 2312
203 P 35.35 34.48 1172
204 P 35.49 34.50 2668
205 P 35.96 34.43 2269
206 P 35.85 34.48 1864
207 P 35.90 34.44 1799
208 P 35.81 34.45 1865
209 P 35.67 34.41 1609
210 P 36.14 34.88 3743
211 P 35.52 34.85 1594
212 P 36.25 34.85 1822
213 P 35.51 34.81 1816
214 P 34.54 35.03 3150
215 P 35.61 34.98 428
216 P 34.19 34.88 2081
217 P 35.48 34.83 2031
218 P 35.19 34.81 1858
219 P 35.02 34.82 2496
220 P 34.53 34.92 1993
221 P 35.83 34.96 490
222 P 35.77 34.92 1766
223 P 36.09 34.87 1998
224 P 34.95 34.90 2759
225 P 36.01 34.97 2371
226 P 35.91 34.99 2449
227 P 35.26 34.98 694
228 P 35.81 34.95 2991
229 P 34.79 34.90 2203
230 P 35.18 34.89 1911
231 P 35.33 34.90 1859
232 P 35.00 34.86 1860
233 P 34.66 34.89 1775
234 P 34.99 34.89 1633
235 P 35.56 34.94 1819
236 P 34.92 34.93 1726
237 P 35.64 34.78 1806
238 P 34.62 34.88 2912
239 P 34.57 34.87 757
240 P 34.87 34.80 2161
241 P 35.54 34.71 2243
242 P 35.36 34.71 2039
243 P 35.09 34.80 2788
244 P 34.28 34.88 2016
245 P 35.43 34.88 604
246 P 35.73 34.84 1750
247 P 34.80 34.81 2354
248 P 35.25 34.79 1823
249 P 35.32 34.78 1863
250 P 34.91 34.72 1875
251 P 35.82 34.75 714
252 P 34.62 34.69 2216
253 P 35.06 34.64 1863
254 P 35.57 34.64 1824
255 P 37.17 34.37 1523
