% Nframe | type | QP | PSNR | size (Bytes) 
0 I 33.62 36.20 24132
1 P 37.92 36.17 119
2 P 38.40 35.84 1108
3 P 38.24 35.79 1295
4 P 37.03 35.71 1325
5 P 38.69 35.73 1947
6 P 37.92 35.76 1680
7 P 36.78 35.68 318
8 P 39.24 35.63 1815
9 P 37.99 35.54 1822
10 P 38.50 35.60 2571
11 P 38.83 35.58 2261
12 P 47.78 33.91 960
13 P 47.31 33.61 1323
14 P 44.15 33.86 380
15 P 43.48 34.48 2429
16 P 40.49 34.80 1860
17 P 41.38 35.08 2202
18 P 40.52 35.25 2230
19 P 37.27 35.49 2710
20 P 36.89 35.63 2563
21 P 35.80 35.79 2884
22 P 35.55 35.89 3198
23 P 35.50 35.91 3074
24 P 32.56 36.22 6702
25 P 33.67 36.25 980
26 P 32.93 36.30 3150
27 P 36.43 36.27 2941
28 P 33.52 36.31 3250
29 P 35.54 36.42 3960
30 P 32.70 36.55 3464
31 P 33.16 36.58 1230
32 P 33.18 36.61 3657
33 P 32.34 36.62 3508
34 P 33.54 36.69 4965
35 P 32.89 36.65 4328
36 P 34.57 36.53 3992
37 P 33.40 36.64 5303
38 P 33.27 36.68 2026
39 P 30.91 36.68 6596
40 P 31.01 36.75 5208
41 P 32.66 36.82 5059
42 P 32.42 36.86 4806
43 P 30.70 36.97 5479
44 P 31.39 37.07 5104
45 P 31.78 37.14 4808
46 P 33.33 37.19 4640
47 P 34.17 37.14 4398
48 P 33.82 37.28 6437
49 P 33.28 37.27 1929
50 P 33.23 37.26 4498
51 P 33.62 37.24 4305
52 P 33.22 37.10 4102
53 P 33.69 36.98 4832
54 P 32.75 37.14 10551
55 P 33.47 37.09 1841
56 P 33.75 36.87 3936
57 P 33.29 36.75 3703
58 P 33.03 36.77 5239
59 P 34.70 36.84 4381
60 P 34.22 36.77 4146
61 P 33.94 36.89 4594
62 P 33.69 36.86 4995
63 P 34.17 36.86 4607
64 P 33.71 36.87 4633
65 P 34.14 36.85 4350
66 P 34.43 36.70 3941
67 P 34.83 36.72 4485
68 P 34.26 36.75 4638
69 P 34.45 36.71 4428
70 P 34.32 36.66 4607
71 P 34.79 36.62 4781
72 P 34.22 36.87 6594
73 P 34.46 36.85 1465
74 P 34.21 36.66 4575
75 P 34.22 36.70 4195
76 P 34.71 36.63 4095
77 P 34.38 36.65 4941
78 P 35.18 36.76 4183
79 P 35.41 36.75 1507
80 P 35.30 36.59 4055
81 P 35.72 36.58 3550
82 P 35.60 36.61 4863
83 P 35.49 36.55 3584
84 P 36.04 36.58 3591
85 P 35.12 36.59 3955
86 P 35.32 36.58 3632
87 P 35.18 36.61 3777
88 P 35.65 36.64 4133
89 P 35.79 36.61 3306
90 P 35.49 36.62 3346
91 P 35.16 36.65 4033
92 P 34.97 36.67 4025
93 P 34.63 36.65 4079
94 P 33.63 36.63 4084
95 P 34.40 36.62 3997
96 P 33.42 36.80 6122
97 P 34.67 36.83 1407
98 P 34.33 36.77 4415
99 P 35.05 36.78 4902
100 P 34.46 36.67 4700
101 P 34.60 36.72 6137
102 P 34.28 36.73 5918
103 P 35.47 36.74 2019
104 P 34.96 36.65 4432
105 P 33.44 36.81 6026
106 P 33.89 36.83 4954
107 P 34.75 36.75 5087
108 P 34.76 36.71 4759
109 P 35.37 36.94 9049
110 P 35.49 36.87 4466
111 P 34.80 36.85 4682
112 P 34.70 36.87 3998
113 P 35.13 36.83 3742
114 P 34.64 36.77 3890
115 P 35.02 36.83 3890
116 P 34.80 36.80 4311
117 P 34.67 36.78 4458
118 P 34.74 36.73 4297
119 P 34.78 36.67 4145
120 P 34.92 36.68 3907
121 P 34.45 36.63 3732
122 P 35.14 36.59 3579
123 P 34.78 36.64 4139
124 P 35.03 36.72 3979
125 P 35.25 36.72 1301
126 P 35.54 36.71 3130
127 P 35.09 36.68 3200
128 P 35.00 36.72 3780
129 P 35.41 36.69 3105
130 P 34.85 36.79 3764
131 P 35.69 36.81 1430
132 P 36.06 36.73 3848
133 P 34.99 36.76 4679
134 P 35.15 36.69 3583
135 P 35.72 36.68 3672
136 P 35.46 36.68 3385
137 P 35.68 36.69 3041
138 P 35.77 36.74 3007
139 P 35.34 36.72 3051
140 P 35.61 36.79 2995
141 P 35.16 36.76 3129
142 P 35.71 36.84 4243
143 P 35.25 36.85 1635
144 P 34.91 36.82 3312
145 P 35.15 36.82 2799
146 P 35.32 36.72 2603
147 P 35.46 36.71 3530
148 P 35.03 36.80 3197
149 P 35.95 36.84 956
150 P 34.61 36.80 2797
151 P 34.62 36.79 2816
152 P 34.79 36.85 3731
153 P 34.37 36.84 3495
154 P 34.77 36.91 3511
155 P 34.92 36.92 1473
156 P 34.46 36.83 3239
157 P 34.92 36.88 4833
158 P 34.66 36.92 3644
159 P 34.81 36.91 3721
160 P 34.15 36.89 3704
161 P 33.96 36.89 3976
162 P 34.40 36.88 3189
163 P 34.44 36.95 8992
164 P 34.11 36.85 4158
165 P 34.31 36.82 3794
166 P 34.13 36.97 5599
167 P 34.32 37.00 1242
168 P 34.35 36.92 4068
169 P 34.13 36.90 4191
170 P 34.22 36.89 4470
171 P 34.65 36.86 5726
172 P 34.26 36.90 4673
173 P 33.77 36.88 2370
174 P 34.29 36.83 4748
175 P 34.79 36.80 4410
176 P 34.53 36.88 6000
177 P 34.38 36.88 4567
178 P 34.11 36.96 5122
179 P 33.83 36.97 1635
180 P 34.30 36.89 4041
181 P 33.83 36.88 4920
182 P 34.10 36.85 3855
183 P 34.06 36.88 3835
184 P 34.06 36.90 3821
185 P 34.05 36.96 4234
186 P 34.03 36.94 4295
187 P 33.93 36.97 4192
188 P 33.95 36.93 4258
189 P 34.24 36.86 3754
190 P 33.39 36.91 5416
191 P 33.76 36.93 1486
192 P 33.86 36.87 3740
193 P 34.15 36.88 3994
194 P 33.74 36.87 3922
195 P 33.81 36.89 4960
196 P 33.40 36.96 4753
197 P 33.72 36.95 1864
198 P 33.86 36.91 3992
199 P 33.76 36.90 4020
200 P 34.25 36.92 5227
201 P 34.04 36.92 4474
202 P 33.94 36.89 4636
203 P 33.62 36.92 2613
204 P 34.17 36.87 5388
205 P 34.33 36.81 5004
206 P 34.31 36.87 3979
207 P 34.52 36.86 3757
208 P 34.16 36.85 3828
209 P 34.49 36.79 3308
210 P 34.76 37.28 6795
211 P 34.42 37.20 3073
212 P 34.13 37.21 3598
213 P 34.38 37.20 3685
214 P 33.67 37.36 5819
215 P 34.75 37.34 1116
216 P 33.98 37.26 4064
217 P 33.85 37.24 4020
218 P 33.90 37.19 3639
219 P 33.69 37.23 4914
220 P 33.15 37.30 3981
221 P 34.56 37.34 1041
222 P 34.17 37.30 3749
223 P 34.27 37.26 4201
224 P 33.84 37.31 5343
225 P 34.35 37.32 4560
226 P 34.10 37.38 4892
227 P 33.85 37.35 1483
228 P 33.37 37.28 5564
229 P 33.91 37.33 4388
230 P 33.56 37.33 3884
231 P 33.49 37.28 3752
232 P 33.51 37.26 3719
233 P 33.19 37.32 3580
234 P 33.75 37.30 3231
235 P 33.08 37.28 3499
236 P 33.77 37.30 3622
237 P 33.70 37.25 3619
238 P 33.02 37.27 5503
239 P 34.11 37.30 1572
240 P 33.59 37.21 4144
241 P 33.91 37.20 4331
242 P 34.28 37.19 3898
243 P 33.64 37.24 5330
244 P 33.09 37.29 3864
245 P 34.44 37.32 1280
246 P 33.92 37.28 3517
247 P 33.63 37.22 4523
248 P 33.31 37.21 3668
249 P 33.65 37.16 3557
250 P 33.73 37.14 3815
251 P 34.47 37.18 1353
252 P 33.99 37.09 4327
253 P 34.12 37.07 3708
254 P 33.97 37.08 3695
255 P 33.88 36.77 2979
