% Nframe | type | QP | PSNR | size (Bytes) 
0 I 33.22 34.08 7332
1 P 34.00 34.07 47
2 P 37.08 33.72 327
3 P 37.78 33.57 345
4 P 37.07 33.55 396
5 P 36.49 33.49 583
6 P 36.69 33.60 519
7 P 32.93 33.56 77
8 P 37.14 33.43 541
9 P 37.18 33.40 551
10 P 35.04 33.50 858
11 P 37.60 33.41 670
12 P 41.92 32.57 430
13 P 41.77 32.45 509
14 P 39.49 32.71 182
15 P 37.46 33.32 1185
16 P 34.94 33.75 1015
17 P 32.48 34.33 1537
18 P 31.94 34.67 1570
19 P 29.85 35.26 2212
20 P 29.88 35.81 2175
21 P 28.71 36.25 2289
22 P 28.72 36.42 1924
23 P 29.49 36.61 1977
24 P 27.69 37.20 4073
25 P 27.46 37.43 963
26 P 26.68 37.60 2267
27 P 28.29 37.65 2010
28 P 28.23 37.73 1898
29 P 28.47 37.80 2190
30 P 28.18 37.96 1728
31 P 28.46 37.97 477
32 P 28.83 37.81 1695
33 P 28.65 37.68 1733
34 P 28.99 37.74 2689
35 P 28.81 37.60 2004
36 P 29.61 37.37 1990
37 P 29.20 37.56 2561
38 P 27.75 37.49 791
39 P 27.33 37.36 3063
40 P 28.60 37.42 2428
41 P 28.54 37.58 2449
42 P 28.05 37.60 2269
43 P 27.23 37.79 2513
44 P 27.66 37.78 2358
45 P 28.41 37.83 2444
46 P 29.10 37.86 2363
47 P 28.32 37.82 2287
48 P 28.81 37.87 2886
49 P 28.41 37.92 940
50 P 28.80 37.88 2204
51 P 29.16 37.80 2082
52 P 29.32 37.77 2083
53 P 29.25 37.53 2438
54 P 28.03 37.76 5179
55 P 28.52 37.77 980
56 P 29.19 37.48 2056
57 P 28.42 37.42 1994
58 P 29.19 37.45 2750
59 P 28.73 37.41 2256
60 P 28.30 37.39 2235
61 P 29.04 37.40 2363
62 P 28.69 37.48 2723
63 P 29.05 37.41 2499
64 P 28.47 37.44 2505
65 P 29.12 37.42 2253
66 P 29.03 37.36 2079
67 P 29.64 37.37 2470
68 P 28.66 37.32 2331
69 P 28.64 37.23 2282
70 P 29.02 37.14 2381
71 P 29.94 37.08 2319
72 P 28.41 37.37 3086
73 P 29.55 37.35 745
74 P 29.04 37.23 2347
75 P 29.30 37.22 2228
76 P 30.02 37.18 2148
77 P 28.81 37.25 2388
78 P 29.74 37.31 2053
79 P 29.25 37.30 672
80 P 29.85 37.13 2000
81 P 29.46 37.16 1801
82 P 29.99 37.17 2406
83 P 29.74 37.19 1764
84 P 30.45 37.16 1902
85 P 30.14 37.14 2010
86 P 29.86 37.15 1826
87 P 30.18 37.15 1788
88 P 29.93 37.16 2102
89 P 30.07 37.16 1702
90 P 30.54 37.16 1657
91 P 30.34 37.09 1863
92 P 30.14 37.13 1969
93 P 29.99 37.18 2125
94 P 29.80 37.18 2087
95 P 29.47 37.14 1932
96 P 29.60 37.39 2984
97 P 30.34 37.39 600
98 P 29.51 37.20 2272
99 P 29.94 37.28 2447
100 P 29.46 37.13 2427
101 P 29.75 37.29 3150
102 P 29.02 37.31 2805
103 P 28.00 37.30 1013
104 P 29.66 37.12 2376
105 P 28.66 37.29 2975
106 P 28.96 37.34 2495
107 P 29.52 37.33 2432
108 P 29.77 37.09 2128
109 P 29.86 37.73 4548
110 P 29.88 37.49 2112
111 P 29.84 37.49 2222
112 P 29.96 37.49 1822
113 P 30.03 37.40 1655
114 P 29.79 37.37 1762
115 P 29.85 37.55 1989
116 P 29.92 37.44 1903
117 P 29.81 37.41 2046
118 P 29.59 37.30 2047
119 P 28.88 37.27 2058
120 P 29.70 37.25 1833
121 P 29.88 37.28 1815
122 P 29.99 37.20 1614
123 P 29.89 37.28 1904
124 P 29.51 37.49 1988
125 P 30.42 37.45 529
126 P 30.27 37.37 1385
127 P 29.80 37.41 1514
128 P 30.39 37.44 1722
129 P 30.36 37.44 1501
130 P 30.27 37.50 1712
131 P 30.29 37.49 650
132 P 30.54 37.42 1824
133 P 30.17 37.39 2322
134 P 30.14 37.42 1776
135 P 30.38 37.41 1770
136 P 30.15 37.34 1602
137 P 30.05 37.52 1524
138 P 30.38 37.57 1503
139 P 29.92 37.49 1396
140 P 29.40 37.56 1460
141 P 29.49 37.58 1482
142 P 29.30 37.76 2082
143 P 29.33 37.74 751
144 P 29.39 37.71 1528
145 P 29.40 37.62 1298
146 P 29.70 37.59 1326
147 P 29.79 37.55 1665
148 P 29.22 37.71 1698
149 P 29.45 37.77 491
150 P 29.49 37.68 1398
151 P 29.68 37.60 1359
152 P 29.64 37.78 2162
153 P 29.65 37.59 1606
154 P 29.54 37.72 1888
155 P 29.42 37.74 774
156 P 29.45 37.61 1694
157 P 29.41 37.71 2455
158 P 29.56 37.77 1864
159 P 29.62 37.76 1899
160 P 29.59 37.71 2008
161 P 29.27 37.72 1945
162 P 29.09 37.71 1611
163 P 29.05 37.80 4359
164 P 28.66 37.65 2086
165 P 28.88 37.61 1952
166 P 28.93 37.92 2928
167 P 28.27 37.91 601
168 P 28.96 37.70 2082
169 P 29.03 37.68 2068
170 P 28.75 37.64 2271
171 P 28.94 37.67 2793
172 P 28.99 37.84 2452
173 P 28.56 37.80 1019
174 P 28.83 37.68 2390
175 P 29.54 37.63 2294
176 P 29.11 37.68 2975
177 P 29.12 37.73 2396
178 P 28.88 37.81 2474
179 P 28.91 37.81 717
180 P 28.82 37.68 2019
181 P 28.66 37.76 2417
182 P 28.85 37.67 1852
183 P 28.49 37.71 1994
184 P 29.07 37.69 1978
185 P 28.91 37.72 2158
186 P 29.35 37.73 2242
187 P 28.83 37.73 2185
188 P 28.66 37.72 2281
189 P 29.00 37.66 1958
190 P 28.41 37.79 2773
191 P 28.22 37.82 700
192 P 28.71 37.63 1821
193 P 28.79 37.63 1879
194 P 29.09 37.67 1962
195 P 28.95 37.71 2592
196 P 28.55 37.82 2311
197 P 28.72 37.81 870
198 P 28.86 37.68 2043
199 P 29.13 37.66 1947
200 P 29.09 37.76 2633
201 P 29.30 37.75 2251
202 P 29.11 37.77 2410
203 P 28.30 37.75 1256
204 P 28.82 37.70 2780
205 P 28.95 37.67 2329
206 P 29.04 37.70 1978
207 P 28.67 37.77 2005
208 P 28.96 37.83 1977
209 P 29.20 37.61 1624
210 P 29.29 38.31 3479
211 P 28.14 38.23 1639
212 P 28.78 38.18 1734
213 P 28.45 38.18 1932
214 P 27.87 38.46 2904
215 P 28.51 38.40 502
216 P 28.27 38.30 2024
217 P 28.13 38.17 1844
218 P 28.20 38.14 1889
219 P 28.37 38.15 2285
220 P 28.18 38.30 1828
221 P 28.51 38.31 422
222 P 28.56 38.16 1785
223 P 28.37 38.13 2011
224 P 28.53 38.15 2640
225 P 29.03 38.11 2355
226 P 29.00 38.22 2604
227 P 28.79 38.16 749
228 P 28.83 38.04 2984
229 P 28.29 38.05 2138
230 P 28.31 38.10 1889
231 P 28.48 38.11 1815
232 P 28.55 38.10 1809
233 P 28.24 38.15 1720
234 P 28.48 38.20 1600
235 P 28.36 38.18 1660
236 P 28.33 38.16 1785
237 P 28.92 38.05 1796
238 P 28.09 38.14 2686
239 P 29.58 38.18 794
240 P 28.64 38.09 2206
241 P 28.76 38.08 2188
242 P 29.24 38.03 1998
243 P 28.28 38.05 2538
244 P 28.53 38.16 2015
245 P 29.38 38.17 585
246 P 28.51 38.12 1891
247 P 28.50 38.09 2197
248 P 28.46 38.11 1805
249 P 28.67 38.09 1758
250 P 28.53 38.14 1846
251 P 29.41 38.16 607
252 P 27.96 38.08 2231
253 P 28.86 37.98 1727
254 P 28.99 38.02 1830
255 P 31.30 37.54 1269
