% Nframe | type | QP | PSNR | size (Bytes) 
0 I 30.67 35.03 5679
1 P 30.07 35.02 63
2 P 34.81 34.66 278
3 P 34.55 34.60 325
4 P 33.57 34.57 364
5 P 33.80 34.58 552
6 P 34.00 34.64 471
7 P 33.65 34.62 70
8 P 35.05 34.51 468
9 P 34.64 34.36 466
10 P 34.00 34.37 705
11 P 33.08 34.28 589
12 P 38.83 33.48 383
13 P 36.75 33.91 605
14 P 33.21 34.26 288
15 P 30.38 34.94 1311
16 P 28.62 35.66 1502
17 P 27.74 36.39 1710
18 P 26.84 37.02 1930
19 P 25.19 37.78 2406
20 P 24.32 38.32 2144
21 P 24.53 38.76 2200
22 P 24.79 39.05 2024
23 P 23.96 39.21 2208
24 P 22.16 39.96 3648
25 P 23.18 40.15 868
26 P 21.64 40.40 2385
27 P 23.81 40.33 1962
28 P 24.62 40.25 1731
29 P 24.20 40.37 2164
30 P 23.64 40.57 1775
31 P 23.78 40.54 452
32 P 24.00 40.24 1674
33 P 24.69 40.12 1793
34 P 24.19 40.14 2597
35 P 24.32 39.91 2026
36 P 25.00 39.73 2171
37 P 24.68 39.85 2615
38 P 23.98 39.94 971
39 P 23.60 39.74 3042
40 P 23.91 39.78 2581
41 P 22.85 39.82 2415
42 P 24.63 39.91 2322
43 P 23.79 40.18 2495
44 P 24.31 40.18 2500
45 P 24.00 40.29 2543
46 P 23.51 40.27 2485
47 P 24.61 40.22 2383
48 P 23.44 40.31 2897
49 P 22.91 40.31 919
50 P 24.55 40.33 2312
51 P 24.41 40.25 2238
52 P 24.73 40.10 2166
53 P 24.78 39.78 2457
54 P 24.11 40.28 4472
55 P 24.38 40.24 828
56 P 24.55 39.88 2105
57 P 24.58 39.79 2097
58 P 23.74 39.77 2814
59 P 24.15 39.75 2378
60 P 24.22 39.61 2293
61 P 23.72 39.74 2478
62 P 24.08 39.69 2642
63 P 24.91 39.72 2582
64 P 24.09 39.83 2561
65 P 24.61 39.67 2247
66 P 24.83 39.62 2218
67 P 23.87 39.80 2450
68 P 24.85 39.66 2351
69 P 23.81 39.61 2330
70 P 25.08 39.51 2294
71 P 25.17 39.34 2340
72 P 23.85 39.88 3039
73 P 24.03 39.84 789
74 P 25.00 39.42 2107
75 P 25.10 39.66 2287
76 P 25.06 39.51 2090
77 P 24.03 39.47 2519
78 P 24.30 39.72 2106
79 P 25.33 39.63 658
80 P 24.68 39.52 2030
81 P 25.39 39.45 1793
82 P 25.09 39.53 2422
83 P 24.65 39.48 1882
84 P 25.63 39.45 1870
85 P 25.03 39.47 2080
86 P 25.62 39.34 1844
87 P 25.69 39.36 1906
88 P 25.24 39.38 2113
89 P 25.18 39.38 1937
90 P 25.95 39.38 1744
91 P 25.79 39.44 2048
92 P 24.79 39.28 2129
93 P 25.73 39.37 2255
94 P 25.36 39.32 2259
95 P 25.69 39.26 2116
96 P 25.34 39.76 3059
97 P 24.88 39.75 727
98 P 24.41 39.48 2383
99 P 25.00 39.54 2695
100 P 25.50 39.37 2576
101 P 24.96 39.32 3136
102 P 25.29 39.56 2933
103 P 24.53 39.60 1042
104 P 25.71 39.30 2498
105 P 24.00 39.54 2775
106 P 25.58 39.51 2413
107 P 25.91 39.44 2390
108 P 25.89 39.08 2287
109 P 25.55 39.74 3973
110 P 25.43 39.65 2269
111 P 25.69 39.60 2216
112 P 25.83 39.53 1828
113 P 26.25 39.43 1796
114 P 25.93 39.49 1925
115 P 25.50 39.65 1873
116 P 25.73 39.53 2034
117 P 25.42 39.47 2071
118 P 25.19 39.44 2028
119 P 25.37 39.44 2078
120 P 25.84 39.51 2002
121 P 25.89 39.49 1853
122 P 25.92 39.24 1629
123 P 25.88 39.32 1848
124 P 25.80 39.41 1736
125 P 26.01 39.40 590
126 P 25.80 39.46 1619
127 P 25.82 39.39 1476
128 P 25.95 39.50 1820
129 P 26.07 39.47 1395
130 P 25.98 39.65 1923
131 P 25.61 39.62 675
132 P 26.23 39.38 1827
133 P 25.96 39.38 2169
134 P 26.09 39.56 1850
135 P 25.85 39.50 1678
136 P 26.01 39.46 1621
137 P 25.96 39.57 1476
138 P 25.93 39.59 1363
139 P 25.53 39.62 1392
140 P 25.33 39.73 1400
141 P 25.77 39.61 1480
142 P 25.48 39.83 1973
143 P 25.29 39.92 878
144 P 25.52 39.76 1506
145 P 25.42 39.74 1408
146 P 25.66 39.72 1317
147 P 25.41 39.69 1665
148 P 25.42 39.72 1477
149 P 24.57 39.82 572
150 P 25.31 39.84 1572
151 P 25.33 39.76 1459
152 P 25.00 39.87 2099
153 P 25.22 39.79 1821
154 P 25.52 39.92 1947
155 P 25.28 39.97 773
156 P 25.52 39.84 1755
157 P 25.24 39.90 2418
158 P 25.00 39.94 1844
159 P 25.32 39.86 1906
160 P 24.88 39.93 1936
161 P 24.89 39.92 1963
162 P 25.11 39.83 1635
163 P 24.60 40.04 3754
164 P 24.88 39.88 2052
165 P 24.86 39.79 1924
166 P 24.67 40.15 2754
167 P 24.64 40.16 568
168 P 24.68 39.91 2140
169 P 24.69 39.82 2225
170 P 24.52 39.76 2264
171 P 24.89 39.77 2795
172 P 24.84 39.95 2699
173 P 24.64 39.90 958
174 P 24.95 39.79 2570
175 P 25.16 39.76 2309
176 P 25.00 39.83 2905
177 P 24.91 39.92 2407
178 P 24.54 40.10 2538
179 P 23.99 40.08 690
180 P 24.64 39.88 1879
181 P 24.49 39.93 2373
182 P 24.36 39.95 1841
183 P 24.67 39.89 1888
184 P 24.69 40.01 2018
185 P 24.57 39.94 2155
186 P 24.82 39.92 2242
187 P 24.37 39.94 2271
188 P 24.84 39.83 2276
189 P 24.72 39.75 2026
190 P 24.71 39.93 2493
191 P 24.39 40.05 782
192 P 24.46 39.91 1882
193 P 24.69 39.92 2013
194 P 24.49 39.91 1990
195 P 24.74 40.01 2480
196 P 24.60 40.12 2352
197 P 23.96 40.10 998
198 P 24.78 39.92 1969
199 P 24.52 39.90 2040
200 P 24.82 40.04 2557
201 P 24.77 39.95 2104
202 P 24.45 40.04 2489
203 P 24.18 40.02 1263
204 P 24.46 39.86 2610
205 P 24.56 39.81 2261
206 P 24.20 39.86 1926
207 P 24.71 39.83 1852
208 P 24.92 39.95 1931
209 P 24.73 39.70 1523
210 P 25.43 40.45 3205
211 P 24.83 40.27 1681
212 P 23.81 40.23 1890
213 P 24.47 40.23 2008
214 P 24.32 40.59 2819
215 P 24.72 40.56 471
216 P 24.05 40.36 2004
217 P 24.23 40.29 1956
218 P 24.45 40.36 1925
219 P 24.47 40.24 2119
220 P 24.06 40.39 1999
221 P 24.10 40.39 438
222 P 24.62 40.16 1793
223 P 25.19 40.05 1995
224 P 24.97 40.15 2733
225 P 25.12 40.14 2475
226 P 24.76 40.38 2841
227 P 24.95 40.30 793
228 P 25.03 40.11 2837
229 P 24.59 40.15 2206
230 P 23.87 40.23 2008
231 P 23.86 40.10 1929
232 P 24.40 40.11 1896
233 P 24.25 40.24 1812
234 P 24.20 40.28 1716
235 P 24.38 40.25 1777
236 P 24.58 40.29 1991
237 P 24.77 40.16 1916
238 P 24.50 40.30 2713
239 P 24.50 40.23 790
240 P 24.52 40.10 2167
241 P 24.81 40.08 2225
242 P 24.85 39.96 1990
243 P 24.97 40.14 2676
244 P 24.98 40.32 2167
245 P 24.62 40.30 583
246 P 24.69 40.16 1911
247 P 24.89 40.10 2324
248 P 24.76 40.06 1863
249 P 24.48 40.12 2034
250 P 24.59 40.17 1870
251 P 24.79 40.27 702
252 P 24.27 40.14 2318
253 P 24.40 40.08 1821
254 P 24.74 40.03 1897
255 P 26.82 39.59 1552
