% Nframe | type | QP | PSNR | size (Bytes) 
0 I 25.69 38.59 6450
1 P 26.96 38.58 57
2 P 27.96 38.24 452
3 P 27.45 38.12 490
4 P 27.70 37.92 438
5 P 27.36 37.99 710
6 P 27.49 38.14 635
7 P 27.33 38.06 83
8 P 27.83 37.91 619
9 P 28.17 37.98 701
10 P 27.90 37.87 823
11 P 27.50 37.88 814
12 P 32.48 36.95 505
13 P 28.03 37.86 1077
14 P 24.80 38.41 736
15 P 22.84 39.59 2531
16 P 21.41 40.69 2678
17 P 20.44 41.41 2532
18 P 19.39 42.18 2786
19 P 17.95 43.14 3474
20 P 17.49 43.66 3116
21 P 16.96 44.17 3136
22 P 16.83 44.42 3272
23 P 16.61 44.55 3202
24 P 15.96 45.51 4958
25 P 15.88 45.54 1287
26 P 15.86 45.54 2983
27 P 16.50 45.36 2584
28 P 16.86 45.16 2548
29 P 16.85 45.37 3024
30 P 16.52 45.49 2646
31 P 16.31 45.51 999
32 P 16.63 45.33 2761
33 P 17.02 45.24 2634
34 P 16.55 45.25 3586
35 P 16.76 45.08 3152
36 P 17.15 44.70 3113
37 P 17.08 45.06 3781
38 P 16.17 45.00 1480
39 P 16.54 44.84 4432
40 P 15.78 44.98 4139
41 P 16.65 45.10 3821
42 P 15.88 45.25 3626
43 P 15.47 45.39 3758
44 P 16.21 45.44 3854
45 P 16.00 45.57 3898
46 P 16.37 45.53 3765
47 P 16.38 45.39 3735
48 P 16.01 45.65 4385
49 P 16.44 45.61 1569
50 P 16.19 45.59 3906
51 P 16.58 45.47 3794
52 P 16.67 45.25 3715
53 P 16.86 44.94 4059
54 P 16.35 45.63 5683
55 P 16.22 45.59 1640
56 P 16.74 45.00 3491
57 P 15.82 44.98 3415
58 P 16.64 45.01 3978
59 P 16.15 45.10 3816
60 P 16.84 44.87 3564
61 P 16.02 44.97 3898
62 P 16.83 44.98 3990
63 P 16.08 44.88 3889
64 P 16.22 45.02 3853
65 P 16.25 44.83 3512
66 P 16.47 44.85 3343
67 P 16.30 44.93 3513
68 P 16.38 44.92 3623
69 P 17.50 44.90 3433
70 P 16.60 44.76 3478
71 P 17.49 44.55 3499
72 P 17.52 44.98 4012
73 P 16.12 45.00 1413
74 P 17.01 44.66 3343
75 P 16.75 44.73 3339
76 P 17.31 44.64 3107
77 P 16.98 44.66 3477
78 P 16.10 45.09 3320
79 P 17.07 45.01 1225
80 P 17.47 44.67 3066
81 P 17.34 44.67 2920
82 P 17.69 44.65 3438
83 P 16.91 44.53 2808
84 P 17.77 44.61 3016
85 P 17.18 44.57 3096
86 P 17.98 44.58 3015
87 P 18.00 44.54 3109
88 P 16.76 44.67 3243
89 P 18.13 44.54 2903
90 P 16.92 44.46 2793
91 P 17.67 44.48 3301
92 P 17.87 44.43 3374
93 P 17.89 44.43 3402
94 P 17.98 44.44 3449
95 P 16.82 44.32 3195
96 P 16.94 44.77 4143
97 P 16.74 44.84 1551
98 P 17.55 44.44 3620
99 P 17.80 44.51 3877
100 P 17.26 44.31 3711
101 P 17.64 44.44 4360
102 P 17.23 44.65 4205
103 P 17.26 44.68 1699
104 P 18.40 44.29 3731
105 P 17.15 44.54 4038
106 P 16.98 44.54 3639
107 P 17.71 44.50 3673
108 P 18.41 44.06 3363
109 P 17.68 44.90 5212
110 P 17.80 44.51 3412
111 P 17.74 44.52 3483
112 P 17.84 44.41 2956
113 P 18.05 44.39 3046
114 P 18.16 44.42 3030
115 P 17.97 44.49 3071
116 P 18.17 44.52 3385
117 P 18.18 44.46 3194
118 P 18.12 44.38 3343
119 P 17.74 44.41 3277
120 P 17.71 44.31 3017
121 P 18.02 44.34 2989
122 P 18.02 44.32 2712
123 P 18.09 44.34 3072
124 P 17.94 44.45 2808
125 P 18.01 44.49 1153
126 P 17.88 44.37 2571
127 P 17.95 44.42 2670
128 P 17.91 44.41 2868
129 P 17.79 44.44 2545
130 P 17.77 44.49 2628
131 P 17.88 44.50 1270
132 P 18.23 44.28 2766
133 P 18.07 44.32 3285
134 P 18.00 44.40 2949
135 P 17.91 44.35 2672
136 P 18.15 44.42 2652
137 P 17.72 44.49 2403
138 P 18.07 44.51 2304
139 P 17.76 44.55 2353
140 P 17.62 44.60 2355
141 P 17.64 44.47 2411
142 P 17.47 44.69 3095
143 P 17.35 44.68 1492
144 P 17.52 44.68 2537
145 P 17.61 44.66 2221
146 P 17.64 44.63 2160
147 P 17.73 44.52 2566
148 P 17.47 44.77 2437
149 P 17.33 44.83 992
150 P 17.57 44.68 2217
151 P 17.71 44.66 2227
152 P 17.49 44.69 2909
153 P 17.64 44.54 2627
154 P 17.54 44.66 2618
155 P 17.30 44.65 1276
156 P 17.70 44.50 2601
157 P 17.59 44.73 3496
158 P 17.48 44.61 2734
159 P 17.74 44.64 2741
160 P 17.40 44.61 2784
161 P 17.35 44.79 3071
162 P 17.65 44.45 2564
163 P 17.35 45.01 4810
164 P 17.27 44.67 2942
165 P 17.23 44.59 2792
166 P 17.02 44.94 3636
167 P 17.05 44.89 1073
168 P 17.31 44.78 3207
169 P 17.48 44.58 3167
170 P 17.23 44.47 3341
171 P 17.44 44.50 3782
172 P 17.40 44.76 3664
173 P 17.50 44.76 1688
174 P 17.44 44.72 3645
175 P 17.49 44.54 3362
176 P 17.57 44.56 3991
177 P 17.23 44.59 3558
178 P 17.31 44.71 3528
179 P 16.96 44.86 1439
180 P 17.26 44.57 2972
181 P 17.15 44.81 3513
182 P 17.16 44.77 2881
183 P 17.23 44.66 2889
184 P 17.21 44.64 2803
185 P 17.06 44.73 3320
186 P 17.01 44.84 3594
187 P 16.95 44.93 3540
188 P 17.12 44.78 3395
189 P 17.26 44.64 3031
190 P 17.11 44.84 3566
191 P 16.93 44.92 1306
192 P 17.13 44.90 3024
193 P 17.18 44.84 2974
194 P 17.21 44.73 3115
195 P 17.18 44.90 3677
196 P 17.05 45.00 3492
197 P 17.03 45.04 1599
198 P 17.19 44.84 3125
199 P 17.07 44.72 2952
200 P 17.15 44.83 3522
201 P 17.10 44.76 3115
202 P 17.17 44.83 3466
203 P 17.17 44.77 2184
204 P 17.12 44.84 3929
205 P 17.25 44.88 3456
206 P 17.06 44.83 3008
207 P 17.30 44.68 2786
208 P 17.25 44.84 2893
209 P 17.43 44.56 2457
210 P 17.34 44.77 4149
211 P 17.25 44.75 2528
212 P 16.92 44.86 2620
213 P 17.19 44.92 2768
214 P 17.04 45.34 3887
215 P 16.47 45.25 905
216 P 16.67 45.09 3121
217 P 16.54 44.90 2807
218 P 16.70 44.99 2713
219 P 16.82 44.96 3039
220 P 16.62 45.07 2758
221 P 16.41 45.11 936
222 P 17.35 44.95 2935
223 P 17.35 44.74 3228
224 P 17.32 44.85 3815
225 P 17.33 44.88 3605
226 P 17.41 44.92 3813
227 P 17.42 44.93 1495
228 P 17.72 44.93 4127
229 P 17.41 44.86 3484
230 P 16.83 45.09 3157
231 P 17.15 45.02 2995
232 P 16.77 45.00 3033
233 P 17.12 45.15 2818
234 P 16.64 45.16 2724
235 P 17.27 45.09 2729
236 P 17.33 44.95 2930
237 P 17.67 45.04 3145
238 P 17.45 45.25 4050
239 P 16.88 45.21 1434
240 P 17.07 45.09 3464
241 P 17.51 45.09 3345
242 P 17.26 44.94 3118
243 P 17.42 44.89 3582
244 P 17.11 45.28 3210
245 P 17.03 45.21 1021
246 P 17.01 44.92 2802
247 P 17.12 44.98 3412
248 P 17.29 44.95 2756
249 P 17.65 45.04 2965
250 P 17.16 45.04 2855
251 P 16.66 45.05 1099
252 P 17.46 44.82 3224
253 P 17.60 44.90 3033
254 P 17.27 44.87 2901
255 P 19.30 44.29 2351
