% Nframe | type | QP | PSNR | size (Bytes) 
0 I 39.06 29.83 4420
1 P 42.95 29.86 41
2 P 43.45 29.48 105
3 P 44.24 29.37 156
4 P 42.89 29.33 175
5 P 44.09 29.35 270
6 P 42.55 29.55 295
7 P 43.00 29.52 28
8 P 42.80 29.40 264
9 P 44.15 29.27 233
10 P 43.16 29.29 450
11 P 44.05 29.24 344
12 P 47.33 28.58 183
13 P 48.77 28.22 211
14 P 45.18 28.51 84
15 P 44.85 28.97 539
16 P 39.65 29.34 410
17 P 40.08 29.72 592
18 P 40.40 29.93 631
19 P 38.36 30.40 956
20 P 36.92 30.74 926
21 P 36.48 31.14 1058
22 P 36.91 31.41 941
23 P 35.28 31.55 920
24 P 34.44 32.14 2139
25 P 33.32 32.40 516
26 P 33.50 32.58 1082
27 P 35.86 32.61 801
28 P 34.25 32.74 883
29 P 35.50 32.91 1185
30 P 33.82 33.02 881
31 P 34.63 33.07 259
32 P 35.23 32.96 755
33 P 35.17 32.85 792
34 P 35.02 32.93 1349
35 P 35.01 32.85 1015
36 P 35.67 32.61 921
37 P 35.07 32.65 1188
38 P 33.86 32.67 306
39 P 33.56 32.61 1517
40 P 33.13 32.68 1219
41 P 33.83 32.73 1116
42 P 34.66 32.72 1079
43 P 33.82 32.97 1350
44 P 35.03 33.00 1128
45 P 33.96 33.08 1195
46 P 34.19 33.09 1126
47 P 34.25 33.02 1020
48 P 33.83 33.25 1479
49 P 34.74 33.25 371
50 P 34.75 33.21 1098
51 P 34.58 33.16 947
52 P 35.14 33.03 889
53 P 35.55 32.89 1206
54 P 33.99 33.17 2781
55 P 34.57 33.18 412
56 P 35.17 32.96 903
57 P 35.02 32.79 891
58 P 35.01 32.85 1319
59 P 35.38 32.86 1042
60 P 34.79 32.78 1030
61 P 35.10 32.81 1074
62 P 35.08 32.86 1284
63 P 35.48 32.86 1153
64 P 34.21 32.86 1130
65 P 34.80 32.79 1087
66 P 35.97 32.72 937
67 P 35.72 32.82 1211
68 P 35.27 32.78 1140
69 P 34.91 32.78 1144
70 P 35.74 32.71 1125
71 P 35.09 32.66 1246
72 P 34.22 32.93 1564
73 P 35.74 32.93 347
74 P 35.40 32.80 1176
75 P 33.47 32.79 1111
76 P 36.00 32.76 1110
77 P 34.72 32.82 1256
78 P 35.05 33.01 1065
79 P 34.94 33.03 313
80 P 35.79 32.77 949
81 P 35.28 32.75 881
82 P 35.25 32.78 1225
83 P 35.45 32.80 899
84 P 36.48 32.78 973
85 P 35.83 32.69 952
86 P 35.98 32.76 910
87 P 36.08 32.80 910
88 P 35.78 32.78 1036
89 P 35.39 32.77 819
90 P 36.74 32.79 795
91 P 36.20 32.72 924
92 P 36.50 32.84 1057
93 P 36.62 32.82 1054
94 P 35.25 32.80 1001
95 P 35.00 32.76 973
96 P 35.72 33.06 1611
97 P 34.56 33.01 265
98 P 35.20 32.93 1103
99 P 35.41 32.89 1228
100 P 35.65 32.75 1152
101 P 35.00 32.88 1571
102 P 34.51 32.94 1406
103 P 34.88 32.89 384
104 P 34.62 32.72 1154
105 P 33.65 33.03 1559
106 P 35.30 32.98 1151
107 P 34.84 32.95 1286
108 P 36.04 32.77 1040
109 P 35.69 33.20 2364
110 P 36.39 33.12 1052
111 P 35.37 33.12 1116
112 P 35.28 33.12 842
113 P 35.76 33.06 818
114 P 36.25 33.05 823
115 P 35.47 33.10 884
116 P 35.53 33.06 928
117 P 35.57 33.00 959
118 P 36.05 32.95 945
119 P 35.62 32.86 973
120 P 35.91 32.90 908
121 P 35.89 32.92 790
122 P 35.49 32.85 764
123 P 35.38 32.90 935
124 P 36.03 33.01 914
125 P 34.76 33.09 287
126 P 35.99 33.05 686
127 P 35.99 33.03 663
128 P 35.52 33.13 871
129 P 35.92 33.06 676
130 P 35.55 33.18 845
131 P 35.00 33.19 250
132 P 36.41 32.99 815
133 P 35.61 33.02 1096
134 P 35.20 33.03 807
135 P 36.47 33.05 828
136 P 36.49 33.02 758
137 P 35.68 33.12 694
138 P 35.04 33.29 721
139 P 35.05 33.21 626
140 P 36.10 33.23 633
141 P 35.53 33.24 723
142 P 35.62 33.38 950
143 P 35.24 33.41 301
144 P 34.28 33.34 661
145 P 35.35 33.32 588
146 P 35.72 33.20 541
147 P 36.33 33.21 765
148 P 35.07 33.33 774
149 P 34.04 33.40 229
150 P 35.12 33.35 654
151 P 35.27 33.37 622
152 P 35.34 33.40 899
153 P 34.55 33.31 750
154 P 34.89 33.40 919
155 P 34.98 33.42 311
156 P 34.77 33.36 816
157 P 34.89 33.48 1276
158 P 34.69 33.48 902
159 P 35.06 33.43 912
160 P 34.66 33.41 951
161 P 34.33 33.53 1004
162 P 34.42 33.46 737
163 P 33.70 33.58 2555
164 P 33.90 33.49 1025
165 P 33.17 33.46 1003
166 P 34.15 33.69 1499
167 P 32.44 33.71 326
168 P 34.29 33.54 1021
169 P 35.02 33.54 1032
170 P 34.57 33.47 1064
171 P 34.03 33.53 1505
172 P 34.51 33.63 1256
173 P 34.22 33.62 481
174 P 34.89 33.51 1169
175 P 35.44 33.47 1091
176 P 34.50 33.60 1576
177 P 34.71 33.48 1104
178 P 34.48 33.68 1280
179 P 33.34 33.69 312
180 P 34.21 33.53 913
181 P 34.46 33.60 1216
182 P 33.95 33.58 972
183 P 34.31 33.58 964
184 P 35.25 33.55 944
185 P 34.69 33.54 1046
186 P 34.58 33.56 1079
187 P 34.31 33.55 1027
188 P 34.64 33.52 1084
189 P 34.08 33.47 926
190 P 34.51 33.55 1471
191 P 34.35 33.60 317
192 P 34.06 33.42 872
193 P 34.45 33.48 1016
194 P 34.26 33.48 967
195 P 34.54 33.52 1250
196 P 34.15 33.63 1202
197 P 33.71 33.64 421
198 P 34.15 33.52 961
199 P 34.75 33.53 977
200 P 34.07 33.67 1386
201 P 34.28 33.61 1094
202 P 34.75 33.68 1153
203 P 34.02 33.67 495
204 P 34.63 33.62 1344
205 P 34.13 33.53 1031
206 P 34.79 33.55 933
207 P 34.50 33.60 997
208 P 35.18 33.56 904
209 P 34.61 33.47 773
210 P 34.78 34.09 2032
211 P 34.13 34.03 793
212 P 33.46 34.03 913
213 P 34.36 34.07 1008
214 P 33.94 34.30 1601
215 P 33.90 34.27 248
216 P 34.47 34.16 1087
217 P 33.47 34.07 1010
218 P 33.04 34.07 1007
219 P 32.46 34.08 1255
220 P 31.48 34.11 922
221 P 33.24 34.15 206
222 P 34.64 34.07 928
223 P 34.64 34.05 1032
224 P 33.94 34.08 1402
225 P 34.86 34.05 1224
226 P 34.63 34.10 1307
227 P 34.66 34.13 341
228 P 34.21 34.03 1520
229 P 34.42 34.05 1065
230 P 34.76 34.09 908
231 P 34.12 34.04 873
232 P 34.75 33.98 874
233 P 34.18 34.05 851
234 P 34.40 34.05 764
235 P 34.42 34.07 872
236 P 34.81 34.08 849
237 P 33.90 33.97 879
238 P 33.82 33.98 1420
239 P 34.59 34.04 342
240 P 33.62 33.93 1107
241 P 33.93 33.88 1129
242 P 34.78 33.81 998
243 P 34.31 33.91 1399
244 P 33.77 34.02 1086
245 P 34.49 34.03 265
246 P 33.30 33.97 991
247 P 33.95 33.99 1221
248 P 34.17 33.95 831
249 P 34.52 33.90 859
250 P 33.88 33.86 901
251 P 33.97 33.87 310
252 P 33.95 33.85 1117
253 P 33.50 33.80 880
254 P 34.47 33.79 911
255 P 36.27 33.52 748
