% Nframe | type | QP | PSNR | size (Bytes) 
0 I 35.96 34.54 20043
1 P 40.48 34.54 109
2 P 39.55 34.18 825
3 P 40.57 34.09 924
4 P 40.27 34.10 1049
5 P 41.97 34.13 1532
6 P 41.36 34.21 1349
7 P 39.85 34.11 183
8 P 40.05 34.02 1427
9 P 38.50 33.94 1444
10 P 41.26 33.94 1994
11 P 41.24 33.99 1827
12 P 49.60 32.52 854
13 P 49.16 32.13 1000
14 P 47.50 32.02 249
15 P 46.85 32.64 1868
16 P 45.58 32.94 1447
17 P 43.24 33.27 1679
18 P 43.55 33.43 1664
19 P 42.19 33.64 1892
20 P 40.67 33.81 1911
21 P 39.54 33.93 1995
22 P 39.43 34.04 2234
23 P 39.69 34.03 2205
24 P 38.22 34.26 4974
25 P 38.16 34.30 614
26 P 37.54 34.39 2073
27 P 39.70 34.32 1895
28 P 38.98 34.30 1940
29 P 38.74 34.44 2727
30 P 36.58 34.50 2155
31 P 37.96 34.56 888
32 P 38.23 34.55 2446
33 P 36.29 34.52 2363
34 P 38.24 34.62 3471
35 P 37.41 34.61 3039
36 P 38.11 34.49 2644
37 P 36.96 34.57 3572
38 P 35.09 34.65 1474
39 P 34.17 34.66 4494
40 P 35.68 34.72 3713
41 P 35.73 34.81 3602
42 P 35.75 34.89 3591
43 P 33.88 35.01 3925
44 P 33.72 35.05 3577
45 P 34.95 35.11 3612
46 P 36.61 35.18 3419
47 P 36.21 35.18 3391
48 P 36.35 35.28 4654
49 P 35.94 35.30 1452
50 P 36.22 35.27 3421
51 P 36.69 35.26 3180
52 P 36.38 35.15 3072
53 P 36.44 35.07 3742
54 P 35.48 35.20 7878
55 P 36.34 35.16 1322
56 P 35.49 34.99 2959
57 P 36.01 34.88 2697
58 P 35.35 34.88 3856
59 P 37.49 34.95 3365
60 P 36.69 34.91 3218
61 P 36.84 34.99 3224
62 P 36.80 34.96 3635
63 P 36.55 34.94 3268
64 P 36.61 34.95 3516
65 P 36.52 34.97 3171
66 P 36.72 34.85 2885
67 P 37.36 34.87 3329
68 P 36.77 34.87 3369
69 P 37.07 34.88 3260
70 P 37.09 34.81 3459
71 P 37.81 34.77 3497
72 P 35.54 34.96 4870
73 P 37.32 34.96 1201
74 P 36.54 34.82 3466
75 P 37.34 34.86 3156
76 P 37.01 34.81 3060
77 P 36.72 34.85 3802
78 P 37.35 34.91 2970
79 P 37.31 34.91 1043
80 P 37.59 34.78 2979
81 P 37.33 34.77 2578
82 P 37.69 34.82 3670
83 P 38.55 34.81 2629
84 P 38.85 34.79 2743
85 P 38.28 34.77 2938
86 P 37.05 34.74 2725
87 P 37.82 34.81 2882
88 P 38.33 34.84 3073
89 P 37.68 34.88 2530
90 P 37.65 34.81 2462
91 P 38.35 34.85 2958
92 P 37.57 34.91 3122
93 P 36.20 34.88 3111
94 P 36.46 34.86 3178
95 P 37.12 34.85 2935
96 P 36.09 34.98 4623
97 P 37.51 34.99 1004
98 P 36.49 34.94 3408
99 P 37.03 34.95 3799
100 P 37.56 34.85 3513
101 P 37.05 34.87 4721
102 P 36.51 34.92 4500
103 P 36.70 34.92 1467
104 P 37.40 34.88 3509
105 P 35.60 34.97 4437
106 P 36.08 35.03 3742
107 P 36.85 34.97 3897
108 P 37.65 34.88 3384
109 P 37.74 35.17 7146
110 P 37.45 35.07 3374
111 P 37.53 35.01 3435
112 P 37.13 34.97 2877
113 P 37.34 34.96 2834
114 P 37.38 34.97 2936
115 P 37.21 35.03 3006
116 P 37.18 35.00 3206
117 P 37.25 34.92 3263
118 P 37.55 34.89 3264
119 P 37.71 34.81 3114
120 P 36.90 34.81 2982
121 P 38.21 34.77 2735
122 P 38.26 34.68 2630
123 P 37.57 34.72 3087
124 P 37.50 34.79 3047
125 P 37.85 34.83 1010
126 P 37.79 34.80 2374
127 P 38.28 34.83 2418
128 P 37.69 34.86 2824
129 P 37.66 34.82 2281
130 P 37.26 34.92 2908
131 P 38.61 34.96 1076
132 P 37.92 34.88 2915
133 P 38.24 34.89 3488
134 P 38.23 34.93 2653
135 P 38.30 34.88 2596
136 P 38.22 34.85 2568
137 P 38.64 34.93 2222
138 P 38.50 34.99 2238
139 P 37.95 34.93 2232
140 P 38.21 35.01 2291
141 P 38.28 35.01 2327
142 P 38.02 35.05 3088
143 P 37.03 35.07 1107
144 P 38.17 34.99 2301
145 P 37.74 35.00 2035
146 P 38.36 34.95 1868
147 P 38.39 34.86 2529
148 P 37.36 34.98 2395
149 P 36.94 35.03 718
150 P 37.37 35.01 1952
151 P 38.43 35.00 2108
152 P 37.23 35.00 2637
153 P 37.47 35.04 2468
154 P 37.84 35.08 2592
155 P 36.64 35.10 1114
156 P 37.34 35.02 2427
157 P 37.17 35.06 3549
158 P 37.20 35.14 2822
159 P 36.85 35.10 2704
160 P 37.26 35.11 2803
161 P 36.44 35.07 2889
162 P 37.12 35.14 2424
163 P 37.11 35.17 6794
164 P 36.38 35.11 3007
165 P 37.02 35.07 2699
166 P 36.93 35.21 4138
167 P 36.84 35.19 868
168 P 37.13 35.21 3203
169 P 36.90 35.19 3068
170 P 37.32 35.15 3182
171 P 37.05 35.15 4251
172 P 36.92 35.19 3395
173 P 36.57 35.17 1670
174 P 37.23 35.14 3575
175 P 36.97 35.08 3140
176 P 37.41 35.18 4465
177 P 36.94 35.14 3374
178 P 36.66 35.23 3646
179 P 36.14 35.23 1081
180 P 36.90 35.17 2912
181 P 36.65 35.17 3723
182 P 36.45 35.15 2805
183 P 36.62 35.19 2888
184 P 37.00 35.20 2814
185 P 36.86 35.25 3063
186 P 36.88 35.26 3207
187 P 36.49 35.25 3041
188 P 36.63 35.25 3153
189 P 36.88 35.17 2765
190 P 35.98 35.22 3950
191 P 36.31 35.26 1103
192 P 36.22 35.19 2726
193 P 36.40 35.21 3002
194 P 36.58 35.17 2870
195 P 36.30 35.20 3683
196 P 35.84 35.27 3390
197 P 36.16 35.26 1273
198 P 36.59 35.20 2966
199 P 36.59 35.18 2898
200 P 36.69 35.25 3873
201 P 36.40 35.24 3286
202 P 36.40 35.24 3475
203 P 36.20 35.26 1926
204 P 36.67 35.16 3817
205 P 36.24 35.14 3619
206 P 37.00 35.15 2790
207 P 36.87 35.13 2866
208 P 37.44 35.16 2907
209 P 36.78 35.10 2373
210 P 37.22 35.63 5327
211 P 36.40 35.59 2310
212 P 36.87 35.54 2663
213 P 36.63 35.56 2898
214 P 36.33 35.73 4628
215 P 36.75 35.70 815
216 P 36.08 35.63 3171
217 P 36.45 35.60 3220
218 P 36.57 35.54 2773
219 P 36.63 35.56 3547
220 P 36.33 35.63 3033
221 P 36.53 35.66 779
222 P 36.58 35.58 2909
223 P 36.92 35.55 3271
224 P 36.03 35.63 4295
225 P 37.04 35.67 3672
226 P 36.63 35.68 3855
227 P 37.77 35.67 1129
228 P 36.29 35.62 4371
229 P 36.09 35.60 3317
230 P 36.24 35.64 2993
231 P 35.90 35.60 2901
232 P 36.16 35.60 2983
233 P 35.85 35.63 2731
234 P 35.89 35.63 2528
235 P 36.18 35.62 2641
236 P 35.97 35.58 2691
237 P 36.26 35.52 2869
238 P 35.76 35.57 4308
239 P 36.58 35.56 1145
240 P 36.22 35.51 3338
241 P 36.45 35.44 3325
242 P 36.36 35.44 3038
243 P 36.59 35.51 3911
244 P 35.66 35.59 3012
245 P 36.35 35.57 907
246 P 36.34 35.53 2725
247 P 35.82 35.53 3484
248 P 36.72 35.49 2860
249 P 36.36 35.39 2781
250 P 36.21 35.38 2925
251 P 36.86 35.39 995
252 P 36.46 35.33 3331
253 P 36.36 35.36 2800
254 P 36.76 35.35 2814
255 P 37.86 35.10 2322
