% Nframe | type | QP | PSNR | size (Bytes) 
0 I 35.31 31.26 2845
1 P 37.47 31.25 27
2 P 37.98 30.93 80
3 P 38.20 30.82 114
4 P 37.78 30.80 111
5 P 37.74 30.74 205
6 P 38.32 30.81 174
7 P 37.00 30.78 29
8 P 37.34 30.77 210
9 P 38.34 30.66 184
10 P 37.87 30.80 292
11 P 37.90 30.66 223
12 P 41.52 29.84 160
13 P 39.88 30.26 276
14 P 37.55 30.64 157
15 P 35.38 31.27 618
16 P 32.38 32.02 783
17 P 31.12 32.81 913
18 P 30.83 33.44 983
19 P 28.52 34.30 1304
20 P 29.06 34.90 1120
21 P 27.62 35.30 1064
22 P 27.36 35.72 1149
23 P 27.15 36.05 1142
24 P 26.29 36.91 2108
25 P 25.63 37.04 375
26 P 25.53 37.10 1005
27 P 26.71 37.06 834
28 P 27.33 36.93 830
29 P 27.50 37.06 985
30 P 26.53 37.16 760
31 P 25.45 37.18 198
32 P 27.17 36.96 719
33 P 26.96 36.92 775
34 P 26.92 36.89 1198
35 P 28.09 36.56 885
36 P 28.50 36.31 951
37 P 27.62 36.54 1225
38 P 27.46 36.52 322
39 P 27.15 36.35 1566
40 P 26.58 36.35 1346
41 P 26.53 36.46 1196
42 P 27.09 36.68 1209
43 P 26.15 36.84 1229
44 P 27.42 36.85 1253
45 P 27.07 36.85 1214
46 P 27.65 37.02 1198
47 P 27.42 37.01 1206
48 P 27.04 37.20 1542
49 P 27.31 37.17 391
50 P 26.57 37.28 1328
51 P 27.17 37.12 1158
52 P 27.49 36.89 1094
53 P 28.24 36.75 1352
54 P 26.94 37.37 2314
55 P 26.41 37.28 326
56 P 27.61 36.81 912
57 P 26.52 36.71 1013
58 P 26.90 36.72 1480
59 P 26.64 36.70 1171
60 P 26.94 36.59 1186
61 P 26.98 36.73 1235
62 P 26.48 36.64 1264
63 P 27.35 36.64 1232
64 P 26.64 36.70 1228
65 P 27.08 36.60 1115
66 P 28.09 36.57 1080
67 P 27.98 36.61 1218
68 P 27.91 36.65 1262
69 P 28.26 36.60 1219
70 P 27.91 36.48 1140
71 P 27.81 36.30 1166
72 P 28.02 36.83 1488
73 P 28.25 36.94 398
74 P 28.02 36.46 1064
75 P 27.15 36.62 1120
76 P 28.14 36.42 1007
77 P 27.41 36.60 1353
78 P 26.96 36.81 1041
79 P 27.53 36.81 292
80 P 28.07 36.51 1047
81 P 26.95 36.46 956
82 P 28.33 36.42 1235
83 P 28.34 36.46 922
84 P 28.63 36.38 936
85 P 28.36 36.42 1048
86 P 28.18 36.45 974
87 P 27.14 36.46 1012
88 P 26.85 36.48 1085
89 P 29.13 36.43 896
90 P 27.84 36.43 866
91 P 27.84 36.35 1040
92 P 28.61 36.38 1038
93 P 28.37 36.34 1062
94 P 28.35 36.50 1184
95 P 28.26 36.27 1036
96 P 28.43 36.59 1524
97 P 27.41 36.63 310
98 P 28.76 36.42 1141
99 P 27.81 36.25 1241
100 P 28.40 36.21 1191
101 P 28.77 36.20 1536
102 P 27.43 36.39 1466
103 P 28.47 36.37 405
104 P 27.73 36.05 1255
105 P 27.18 36.42 1545
106 P 27.06 36.25 1140
107 P 28.36 36.30 1250
108 P 28.90 36.06 1111
109 P 28.37 36.77 1973
110 P 28.11 36.73 1111
111 P 28.29 36.74 1151
112 P 28.25 36.74 960
113 P 28.73 36.61 894
114 P 28.36 36.58 853
115 P 28.30 36.70 978
116 P 28.05 36.64 962
117 P 28.18 36.58 973
118 P 28.68 36.53 977
119 P 28.64 36.51 939
120 P 28.48 36.33 799
121 P 28.52 36.45 860
122 P 28.55 36.40 794
123 P 28.82 36.42 886
124 P 28.50 36.56 817
125 P 28.90 36.67 302
126 P 28.39 36.55 682
127 P 28.55 36.61 713
128 P 28.62 36.74 838
129 P 28.53 36.64 703
130 P 28.66 36.72 803
131 P 28.92 36.71 263
132 P 28.62 36.65 841
133 P 28.45 36.52 1033
134 P 29.08 36.60 856
135 P 28.80 36.60 816
136 P 28.02 36.66 749
137 P 28.60 36.82 701
138 P 27.67 36.84 707
139 P 28.24 36.90 677
140 P 27.66 36.87 643
141 P 28.92 36.86 730
142 P 27.52 37.02 952
143 P 27.53 37.00 286
144 P 28.13 36.97 695
145 P 27.89 36.94 617
146 P 27.72 36.85 560
147 P 27.61 36.93 820
148 P 27.81 37.08 757
149 P 27.44 37.11 204
150 P 27.90 37.01 656
151 P 28.12 36.97 650
152 P 27.90 37.00 920
153 P 27.83 36.90 778
154 P 27.75 36.99 875
155 P 27.51 37.00 328
156 P 28.08 36.87 809
157 P 27.73 37.01 1176
158 P 26.74 37.06 930
159 P 27.50 37.03 938
160 P 27.33 36.98 875
161 P 27.47 37.12 977
162 P 27.54 36.95 870
163 P 26.83 37.31 1958
164 P 26.54 37.07 954
165 P 26.91 36.94 928
166 P 27.10 37.15 1352
167 P 26.95 37.17 239
168 P 27.00 37.35 1164
169 P 27.69 37.03 932
170 P 27.29 36.98 1120
171 P 27.30 36.87 1330
172 P 26.99 37.19 1346
173 P 26.96 37.17 408
174 P 27.73 37.03 1115
175 P 27.56 37.07 1187
176 P 27.29 37.10 1475
177 P 27.25 37.08 1166
178 P 27.40 37.17 1229
179 P 26.88 37.26 354
180 P 27.30 37.05 889
181 P 26.71 37.14 1190
182 P 26.79 37.09 892
183 P 27.39 37.05 880
184 P 27.60 37.03 946
185 P 27.24 37.05 1037
186 P 26.99 37.09 1102
187 P 27.33 37.14 1072
188 P 27.08 37.14 1118
189 P 27.22 36.95 839
190 P 27.08 37.06 1182
191 P 26.78 37.23 433
192 P 26.72 37.10 931
193 P 27.23 37.08 979
194 P 27.25 36.98 970
195 P 27.17 37.12 1216
196 P 26.85 37.39 1169
197 P 27.06 37.39 420
198 P 26.90 37.16 944
199 P 26.98 37.30 1022
200 P 27.12 37.37 1309
201 P 27.08 37.19 990
202 P 27.35 37.30 1205
203 P 27.42 37.25 527
204 P 27.04 37.14 1263
205 P 27.06 37.22 1066
206 P 26.91 37.26 940
207 P 26.95 37.15 923
208 P 27.07 37.30 1002
209 P 26.98 37.05 784
210 P 27.35 37.55 1795
211 P 27.03 37.62 892
212 P 26.70 37.64 950
213 P 26.57 37.68 978
214 P 26.52 37.88 1493
215 P 25.72 37.89 263
216 P 26.35 37.70 1109
217 P 25.75 37.49 924
218 P 26.38 37.59 983
219 P 26.54 37.52 1068
220 P 26.34 37.66 881
221 P 26.15 37.71 206
222 P 27.12 37.55 896
223 P 26.50 37.38 1114
224 P 27.15 37.49 1371
225 P 27.18 37.41 1244
226 P 27.38 37.62 1411
227 P 27.42 37.58 375
228 P 26.81 37.43 1508
229 P 26.70 37.44 1077
230 P 26.80 37.44 981
231 P 26.87 37.55 972
232 P 27.10 37.59 1000
233 P 26.84 37.62 861
234 P 27.08 37.62 818
235 P 26.78 37.60 832
236 P 26.40 37.46 912
237 P 26.78 37.53 1062
238 P 26.24 37.68 1510
239 P 26.93 37.67 383
240 P 26.58 37.43 1109
241 P 26.65 37.44 1134
242 P 27.48 37.36 1074
243 P 26.87 37.47 1308
244 P 26.70 37.60 1061
245 P 27.64 37.62 277
246 P 27.02 37.45 947
247 P 27.05 37.55 1226
248 P 27.12 37.56 911
249 P 26.71 37.48 882
250 P 26.76 37.52 882
251 P 27.03 37.58 345
252 P 27.40 37.42 1071
253 P 27.14 37.47 942
254 P 27.25 37.41 949
255 P 27.07 36.95 744
