% Nframe | type | QP | PSNR | size (Bytes) 
0 I 46.38 27.05 3770
1 P 51.00 27.05 17
2 P 51.00 26.89 58
3 P 50.12 26.78 109
4 P 47.93 26.63 129
5 P 49.54 26.69 204
6 P 49.97 26.75 202
7 P 42.79 26.74 35
8 P 50.54 26.71 216
9 P 50.42 26.65 222
10 P 49.93 26.80 364
11 P 50.40 26.75 284
12 P 51.00 26.60 256
13 P 51.00 26.35 200
14 P 51.00 26.34 34
15 P 51.00 26.28 340
16 P 50.81 26.45 298
17 P 50.84 26.40 253
18 P 50.90 26.52 280
19 P 50.47 26.49 269
20 P 50.41 26.50 265
21 P 50.44 26.63 305
22 P 50.20 26.69 352
23 P 50.09 26.64 293
24 P 48.32 26.77 930
25 P 50.99 26.76 33
26 P 50.76 26.66 222
27 P 50.75 26.56 255
28 P 50.87 26.55 280
29 P 50.29 26.62 384
30 P 50.27 26.52 226
31 P 45.92 26.53 68
32 P 50.52 26.58 282
33 P 50.57 26.51 269
34 P 49.50 26.51 582
35 P 49.19 26.40 404
36 P 49.19 26.29 383
37 P 49.26 26.31 403
38 P 49.33 26.34 99
39 P 46.76 26.33 556
40 P 46.20 26.35 458
41 P 48.02 26.47 519
42 P 46.30 26.50 513
43 P 46.42 26.47 513
44 P 44.87 26.53 500
45 P 46.91 26.63 471
46 P 47.13 26.64 443
47 P 47.14 26.63 419
48 P 46.69 26.71 597
49 P 46.84 26.73 116
50 P 47.61 26.85 507
51 P 45.26 26.89 509
52 P 47.02 26.75 419
53 P 45.83 26.77 522
54 P 45.89 26.76 1272
55 P 46.03 26.77 135
56 P 48.08 26.61 280
57 P 46.52 26.50 357
58 P 46.76 26.60 530
59 P 46.71 26.64 433
60 P 45.68 26.56 420
61 P 45.29 26.65 515
62 P 47.00 26.64 452
63 P 46.63 26.63 451
64 P 45.52 26.66 509
65 P 45.83 26.71 462
66 P 45.45 26.66 439
67 P 46.02 26.65 501
68 P 46.16 26.75 514
69 P 46.91 26.80 468
70 P 46.11 26.71 519
71 P 46.71 26.69 545
72 P 45.66 26.93 721
73 P 46.39 26.95 121
74 P 46.96 26.76 502
75 P 46.38 26.85 494
76 P 44.77 26.85 483
77 P 45.89 26.91 576
78 P 45.91 26.90 368
79 P 46.10 26.90 119
80 P 46.56 26.78 383
81 P 47.93 26.80 384
82 P 45.43 26.90 578
83 P 47.21 26.87 386
84 P 46.90 26.84 413
85 P 44.87 26.94 497
86 P 47.95 26.98 432
87 P 45.47 26.87 430
88 P 46.57 26.94 489
89 P 46.42 27.00 354
90 P 46.69 26.98 369
91 P 45.32 27.05 515
92 P 46.37 27.07 550
93 P 45.10 27.13 555
94 P 46.71 27.15 524
95 P 46.00 27.00 552
96 P 45.61 27.26 777
97 P 45.87 27.26 130
98 P 44.79 27.04 558
99 P 44.81 27.09 605
100 P 46.19 27.05 628
101 P 45.31 26.93 777
102 P 46.08 27.07 759
103 P 43.15 27.08 201
104 P 46.07 27.11 630
105 P 44.29 27.19 818
106 P 45.22 27.20 626
107 P 44.88 27.15 656
108 P 45.49 27.09 590
109 P 46.58 27.41 1265
110 P 46.64 27.31 476
111 P 45.92 27.37 596
112 P 45.10 27.31 418
113 P 46.13 27.24 389
114 P 45.94 27.19 443
115 P 46.61 27.29 472
116 P 46.07 27.24 474
117 P 46.23 27.23 491
118 P 46.66 27.19 470
119 P 46.43 27.10 453
120 P 46.54 27.09 432
121 P 46.60 27.05 398
122 P 46.63 26.95 383
123 P 47.58 27.00 460
124 P 45.32 27.14 489
125 P 47.51 27.20 126
126 P 46.92 27.24 383
127 P 46.98 27.22 336
128 P 45.99 27.26 435
129 P 46.58 27.24 314
130 P 45.98 27.29 385
131 P 45.54 27.35 146
132 P 46.08 27.24 373
133 P 46.51 27.35 572
134 P 46.05 27.29 369
135 P 46.83 27.28 370
136 P 47.34 27.26 327
137 P 47.04 27.33 286
138 P 47.53 27.40 320
139 P 45.87 27.37 266
140 P 46.88 27.36 320
141 P 46.83 27.37 312
142 P 46.54 27.53 433
143 P 43.10 27.55 128
144 P 46.38 27.44 243
145 P 46.26 27.43 266
146 P 44.10 27.42 245
147 P 45.33 27.40 376
148 P 46.39 27.49 352
149 P 42.00 27.56 105
150 P 46.68 27.55 261
151 P 47.54 27.54 248
152 P 45.60 27.58 370
153 P 46.72 27.57 305
154 P 44.35 27.64 423
155 P 45.46 27.69 141
156 P 46.05 27.62 361
157 P 45.83 27.70 618
158 P 43.64 27.71 394
159 P 45.59 27.69 413
160 P 45.62 27.65 418
161 P 45.07 27.61 459
162 P 44.89 27.69 409
163 P 44.12 27.76 1335
164 P 44.83 27.70 439
165 P 43.30 27.73 407
166 P 44.37 27.97 827
167 P 41.85 27.95 72
168 P 44.00 27.88 461
169 P 45.19 27.87 452
170 P 44.88 27.84 511
171 P 45.99 27.90 745
172 P 44.33 27.99 618
173 P 44.28 27.95 170
174 P 45.21 27.88 534
175 P 44.48 27.83 458
176 P 45.04 27.92 720
177 P 44.59 27.94 536
178 P 44.57 28.03 625
179 P 44.01 28.07 151
180 P 45.22 28.03 428
181 P 44.25 27.99 532
182 P 44.48 27.93 390
183 P 44.31 28.00 464
184 P 44.38 28.01 414
185 P 45.34 27.96 395
186 P 44.51 27.92 438
187 P 44.81 28.04 513
188 P 44.83 27.97 423
189 P 43.59 27.91 396
190 P 44.50 28.00 674
191 P 43.02 28.11 124
192 P 43.89 28.03 363
193 P 44.31 28.02 455
194 P 44.93 27.99 417
195 P 43.56 28.10 612
196 P 44.89 28.09 457
197 P 44.51 28.06 158
198 P 44.03 28.10 499
199 P 44.44 28.04 451
200 P 43.77 28.19 628
201 P 43.96 28.11 407
202 P 44.11 28.09 506
203 P 43.03 28.11 237
204 P 44.09 28.12 575
205 P 44.76 28.07 464
206 P 45.03 28.10 426
207 P 43.25 28.11 416
208 P 44.76 28.18 441
209 P 44.27 28.09 313
210 P 43.24 28.59 1185
211 P 45.47 28.53 432
212 P 45.51 28.56 517
213 P 45.08 28.58 605
214 P 42.91 28.73 1014
215 P 42.64 28.71 110
216 P 44.15 28.65 659
217 P 44.39 28.53 581
218 P 45.08 28.59 639
219 P 44.27 28.56 754
220 P 44.31 28.64 550
221 P 42.71 28.67 67
222 P 46.13 28.58 492
223 P 44.45 28.55 627
224 P 44.04 28.53 818
225 P 44.62 28.58 679
226 P 43.69 28.63 829
227 P 44.32 28.60 159
228 P 43.36 28.66 959
229 P 43.63 28.57 634
230 P 43.43 28.53 614
231 P 45.13 28.41 487
232 P 43.22 28.43 552
233 P 44.14 28.46 494
234 P 44.02 28.45 458
235 P 43.17 28.42 461
236 P 43.98 28.39 468
237 P 43.50 28.30 457
238 P 43.41 28.42 841
239 P 43.68 28.41 163
240 P 44.72 28.32 616
241 P 43.75 28.31 689
242 P 44.87 28.23 598
243 P 44.66 28.27 873
244 P 43.41 28.33 564
245 P 43.97 28.31 140
246 P 43.78 28.25 515
247 P 43.85 28.27 705
248 P 44.28 28.28 543
249 P 43.96 28.26 503
250 P 44.24 28.24 502
251 P 44.15 28.20 146
252 P 44.55 28.20 596
253 P 44.49 28.13 446
254 P 44.17 28.07 440
255 P 46.24 27.81 371
