% Nframe | type | QP | PSNR | size (Bytes) 
0 I 29.31 35.79 4816
1 P 30.88 35.79 41
2 P 31.77 35.33 232
3 P 31.47 35.37 318
4 P 31.81 35.27 284
5 P 31.16 35.22 448
6 P 31.43 35.31 396
7 P 30.54 35.31 73
8 P 31.09 35.19 416
9 P 31.45 35.12 440
10 P 31.86 35.14 588
11 P 31.30 35.07 512
12 P 35.62 34.06 326
13 P 32.88 34.97 700
14 P 29.39 35.49 413
15 P 26.92 36.20 1507
16 P 25.36 37.31 1791
17 P 24.47 38.08 1731
18 P 23.48 38.80 1858
19 P 22.17 39.67 2402
20 P 21.56 40.23 1998
21 P 21.01 40.79 2249
22 P 20.87 41.13 2249
23 P 20.67 41.31 2163
24 P 19.79 42.14 3498
25 P 19.39 42.24 713
26 P 19.81 42.41 2153
27 P 20.29 42.28 1836
28 P 20.40 42.14 1677
29 P 20.60 42.28 1998
30 P 19.34 42.45 1725
31 P 19.36 42.43 524
32 P 20.30 42.20 1707
33 P 20.87 42.16 1711
34 P 20.12 42.07 2406
35 P 20.83 41.94 2045
36 P 20.62 41.60 2077
37 P 20.67 41.90 2547
38 P 20.04 41.88 891
39 P 20.52 41.68 3020
40 P 19.51 41.75 2763
41 P 20.29 41.92 2569
42 P 20.38 42.03 2452
43 P 18.77 42.17 2420
44 P 20.33 42.27 2605
45 P 19.69 42.33 2647
46 P 20.43 42.35 2509
47 P 20.22 42.21 2527
48 P 19.94 42.47 2981
49 P 19.97 42.46 1042
50 P 20.11 42.38 2609
51 P 20.11 42.25 2505
52 P 20.61 42.12 2467
53 P 20.93 41.79 2725
54 P 20.06 42.36 4121
55 P 19.73 42.32 978
56 P 20.87 41.89 2266
57 P 20.37 41.79 2182
58 P 20.41 41.75 2777
59 P 19.80 41.81 2447
60 P 20.77 41.80 2503
61 P 19.90 41.79 2548
62 P 19.90 41.69 2704
63 P 20.50 41.64 2536
64 P 19.76 41.76 2586
65 P 20.89 41.63 2299
66 P 20.45 41.63 2208
67 P 21.48 41.75 2386
68 P 21.26 41.63 2402
69 P 20.21 41.60 2345
70 P 20.11 41.44 2269
71 P 21.60 41.40 2371
72 P 20.60 41.84 2782
73 P 20.45 41.81 806
74 P 20.92 41.40 2225
75 P 20.70 41.53 2274
76 P 20.33 41.33 2000
77 P 20.96 41.44 2396
78 P 20.84 41.80 2209
79 P 21.19 41.78 754
80 P 21.21 41.51 2084
81 P 21.36 41.35 1925
82 P 21.21 41.28 2342
83 P 21.30 41.36 1920
84 P 21.51 41.32 1943
85 P 21.67 41.31 2108
86 P 21.60 41.25 1941
87 P 21.86 41.24 2025
88 P 21.55 41.35 2055
89 P 21.75 41.31 1979
90 P 20.97 41.21 1845
91 P 21.33 41.26 2149
92 P 21.55 41.22 2128
93 P 21.79 41.16 2284
94 P 21.73 41.35 2423
95 P 21.67 41.10 2114
96 P 21.54 41.45 2860
97 P 20.98 41.55 843
98 P 21.62 41.26 2395
99 P 21.44 41.25 2535
100 P 21.54 41.11 2429
101 P 21.82 41.17 2899
102 P 20.71 41.37 2884
103 P 20.65 41.37 1017
104 P 21.97 40.97 2436
105 P 20.56 41.36 2845
106 P 20.75 41.21 2340
107 P 21.52 41.22 2450
108 P 22.16 40.82 2216
109 P 21.53 41.55 3551
110 P 21.62 41.33 2228
111 P 21.69 41.37 2239
112 P 21.82 41.29 1867
113 P 21.67 41.28 1962
114 P 21.89 41.15 1816
115 P 21.50 41.39 2029
116 P 21.44 41.31 2110
117 P 21.83 41.23 2103
118 P 21.79 41.23 2113
119 P 21.81 41.13 2010
120 P 21.92 41.17 1895
121 P 22.30 41.19 1787
122 P 22.33 41.12 1696
123 P 21.93 41.17 1959
124 P 21.87 41.21 1697
125 P 21.68 41.25 723
126 P 21.92 41.19 1548
127 P 22.15 41.15 1539
128 P 21.83 41.25 1783
129 P 22.25 41.25 1511
130 P 21.85 41.39 1746
131 P 21.28 41.40 782
132 P 22.17 41.10 1735
133 P 21.88 41.16 2111
134 P 21.92 41.21 1883
135 P 21.83 41.21 1808
136 P 21.90 41.24 1653
137 P 21.67 41.34 1557
138 P 21.38 41.53 1556
139 P 21.43 41.57 1513
140 P 21.34 41.63 1485
141 P 21.36 41.52 1565
142 P 21.22 41.70 2035
143 P 21.00 41.68 843
144 P 21.40 41.64 1601
145 P 21.24 41.59 1368
146 P 21.76 41.53 1346
147 P 21.26 41.60 1758
148 P 21.29 41.68 1499
149 P 20.86 41.60 471
150 P 21.22 41.64 1495
151 P 21.23 41.64 1515
152 P 21.18 41.82 2002
153 P 21.44 41.54 1635
154 P 21.20 41.73 1802
155 P 21.43 41.74 713
156 P 21.32 41.48 1639
157 P 21.21 41.78 2398
158 P 21.06 41.69 1811
159 P 21.33 41.70 1796
160 P 21.24 41.53 1807
161 P 21.19 41.75 2026
162 P 21.40 41.58 1714
163 P 20.95 41.87 3370
164 P 20.78 41.67 2010
165 P 20.80 41.50 1845
166 P 20.77 41.95 2580
167 P 20.75 41.92 588
168 P 20.88 41.80 2164
169 P 21.03 41.72 2186
170 P 20.78 41.56 2292
171 P 21.02 41.75 2740
172 P 20.98 41.77 2485
173 P 20.97 41.69 987
174 P 21.05 41.64 2416
175 P 21.29 41.51 2247
176 P 21.21 41.62 2783
177 P 21.21 41.56 2316
178 P 20.94 41.78 2392
179 P 20.85 41.85 771
180 P 20.92 41.80 1978
181 P 20.53 41.73 2201
182 P 20.55 41.62 1890
183 P 21.10 41.77 1926
184 P 20.80 41.61 1851
185 P 21.00 41.78 2260
186 P 20.80 41.75 2299
187 P 20.81 41.76 2279
188 P 20.94 41.72 2283
189 P 21.00 41.49 1903
190 P 20.74 41.96 2564
191 P 20.57 42.00 717
192 P 20.49 41.80 1950
193 P 20.75 41.74 1964
194 P 20.76 41.60 1970
195 P 20.70 41.89 2546
196 P 20.56 41.85 2266
197 P 20.71 41.81 914
198 P 20.77 41.76 2000
199 P 20.85 41.77 2030
200 P 20.88 41.93 2454
201 P 20.87 41.90 2142
202 P 20.84 41.91 2360
203 P 20.73 41.91 1279
204 P 20.85 41.80 2580
205 P 20.70 41.78 2212
206 P 20.79 41.82 1961
207 P 20.52 41.78 1910
208 P 20.77 41.82 1883
209 P 21.10 41.55 1642
210 P 20.91 42.07 2988
211 P 20.38 42.03 1652
212 P 20.06 42.20 1719
213 P 20.52 42.14 1898
214 P 20.28 42.31 2705
215 P 20.04 42.37 596
216 P 20.36 42.09 2042
217 P 20.40 42.07 1930
218 P 20.53 42.09 1864
219 P 20.38 42.01 2039
220 P 20.36 42.21 1871
221 P 19.93 42.22 546
222 P 20.69 42.01 1866
223 P 20.50 41.87 2187
224 P 20.90 41.79 2512
225 P 20.86 41.78 2405
226 P 21.16 42.04 2665
227 P 20.34 41.98 894
228 P 20.99 41.81 2902
229 P 20.92 41.87 2367
230 P 20.66 42.05 2057
231 P 20.10 42.05 1943
232 P 20.20 42.05 1954
233 P 20.35 42.13 1858
234 P 20.57 42.14 1700
235 P 20.26 42.20 1877
236 P 20.25 41.95 1938
237 P 20.71 41.98 2060
238 P 20.34 42.26 2824
239 P 20.22 42.26 835
240 P 20.52 42.05 2258
241 P 20.50 41.99 2203
242 P 20.69 41.97 2145
243 P 20.49 41.99 2515
244 P 20.37 42.28 2131
245 P 20.15 42.23 644
246 P 21.01 42.04 1962
247 P 20.84 42.07 2364
248 P 20.53 42.05 1821
249 P 20.66 41.93 1828
250 P 20.40 42.07 1900
251 P 20.75 42.01 688
252 P 20.52 41.98 2220
253 P 20.97 41.98 1915
254 P 20.84 41.91 1809
255 P 21.98 41.32 1552
