% Nframe | type | QP | PSNR | size (Bytes) 
0 I 50.37 29.40 10619
1 P 51.00 29.40 19
2 P 51.00 29.10 166
3 P 51.00 28.88 287
4 P 51.00 28.69 288
5 P 51.00 28.73 523
6 P 50.95 28.64 390
7 P 51.00 28.59 25
8 P 51.00 28.56 588
9 P 50.97 28.46 559
10 P 50.97 28.53 870
11 P 51.00 28.39 580
12 P 51.00 27.00 235
13 P 51.00 25.12 12
14 P 51.00 24.96 12
15 P 51.00 23.53 12
16 P 51.00 23.08 12
17 P 51.00 23.04 12
18 P 51.00 22.73 12
19 P 51.00 22.33 12
20 P 51.00 23.07 165
21 P 51.00 23.16 80
22 P 51.00 23.20 74
23 P 51.00 23.59 171
24 P 51.00 23.31 507
25 P 51.00 24.13 424
26 P 51.00 24.80 693
27 P 51.00 25.35 486
28 P 51.00 25.97 622
29 P 51.00 26.51 772
30 P 51.00 26.92 739
31 P 51.00 27.04 239
32 P 51.00 27.09 678
33 P 51.00 27.15 668
34 P 51.00 27.29 1102
35 P 51.00 27.20 819
36 P 51.00 27.12 829
37 P 51.00 27.03 765
38 P 51.00 27.02 180
39 P 51.00 27.01 1096
40 P 51.00 26.84 775
41 P 51.00 26.75 765
42 P 51.00 26.61 715
43 P 51.00 26.65 778
44 P 51.00 26.61 696
45 P 51.00 26.59 659
46 P 51.00 26.36 481
47 P 51.00 26.21 583
48 P 51.00 26.11 764
49 P 51.00 25.99 73
50 P 51.00 25.92 616
51 P 51.00 25.60 484
52 P 51.00 25.34 546
53 P 51.00 25.16 544
54 P 51.00 25.02 1504
55 P 51.00 24.93 70
56 P 51.00 24.63 270
57 P 51.00 24.56 347
58 P 51.00 24.56 516
59 P 51.00 24.48 349
60 P 51.00 24.42 387
61 P 51.00 24.42 381
62 P 51.00 24.43 432
63 P 51.00 24.30 402
64 P 51.00 24.25 407
65 P 51.00 24.15 329
66 P 51.00 23.98 298
67 P 51.00 23.96 368
68 P 51.00 24.00 424
69 P 51.00 23.97 361
70 P 51.00 23.97 366
71 P 51.00 23.90 343
72 P 51.00 23.98 588
73 P 51.00 23.97 79
74 P 51.00 23.87 382
75 P 51.00 23.96 369
76 P 51.00 23.99 407
77 P 51.00 23.99 456
78 P 51.00 24.15 390
79 P 51.00 24.16 75
80 P 51.00 24.06 293
81 P 51.00 24.10 335
82 P 51.00 24.24 547
83 P 51.00 24.23 342
84 P 51.00 24.19 352
85 P 51.00 24.29 450
86 P 51.00 24.31 381
87 P 51.00 24.33 461
88 P 51.00 24.46 497
89 P 51.00 24.45 376
90 P 51.00 24.52 447
91 P 51.00 24.67 586
92 P 51.00 24.75 548
93 P 51.00 24.86 551
94 P 51.00 24.85 556
95 P 51.00 24.86 544
96 P 51.00 25.18 921
97 P 51.00 25.23 61
98 P 51.00 25.22 590
99 P 51.00 25.29 654
100 P 51.00 25.30 640
101 P 51.00 25.41 919
102 P 51.00 25.44 700
103 P 51.00 25.44 108
104 P 51.00 25.44 663
105 P 51.00 25.61 787
106 P 51.00 25.55 652
107 P 51.00 25.55 674
108 P 51.00 25.40 564
109 P 51.00 25.80 1666
110 P 51.00 25.65 408
111 P 51.00 25.62 515
112 P 51.00 25.55 359
113 P 51.00 25.38 313
114 P 51.00 25.26 330
115 P 51.00 25.26 401
116 P 51.00 25.09 340
117 P 51.00 24.96 372
118 P 51.00 24.88 353
119 P 51.00 24.77 276
120 P 51.00 24.73 293
121 P 51.00 24.62 129
122 P 51.00 24.48 200
123 P 51.00 24.48 234
124 P 51.00 24.55 269
125 P 51.00 24.54 43
126 P 51.00 24.55 161
127 P 51.00 24.59 137
128 P 51.00 24.63 275
129 P 51.00 24.53 198
130 P 51.00 24.75 378
131 P 51.00 24.81 74
132 P 51.00 24.78 262
133 P 51.00 24.89 434
134 P 51.00 24.98 300
135 P 51.00 25.03 323
136 P 51.00 25.12 303
137 P 51.00 25.25 296
138 P 51.00 25.42 314
139 P 51.00 25.43 280
140 P 51.00 25.48 271
141 P 51.00 25.55 305
142 P 51.00 25.74 388
143 P 51.00 25.77 134
144 P 51.00 25.73 247
145 P 51.00 25.74 289
146 P 51.00 25.74 231
147 P 51.00 25.72 333
148 P 51.00 25.80 329
149 P 51.00 25.87 102
150 P 51.00 25.90 282
151 P 51.00 25.93 263
152 P 51.00 26.03 413
153 P 51.00 26.10 348
154 P 51.00 26.18 454
155 P 51.00 26.22 144
156 P 51.00 26.18 358
157 P 51.00 26.27 629
158 P 51.00 26.28 427
159 P 51.00 26.24 470
160 P 51.00 26.27 474
161 P 51.00 26.26 581
162 P 51.00 26.22 451
163 P 51.00 26.95 2268
164 P 51.00 26.85 545
165 P 51.00 26.78 462
166 P 51.00 26.78 760
167 P 51.00 26.84 103
168 P 51.00 26.75 554
169 P 51.00 26.72 624
170 P 51.00 26.74 738
171 P 51.00 26.69 877
172 P 51.00 26.68 684
173 P 51.00 26.63 155
174 P 51.00 26.62 620
175 P 51.00 26.48 430
176 P 51.00 26.61 714
177 P 51.00 26.62 498
178 P 51.00 26.61 557
179 P 51.00 26.60 90
180 P 51.00 26.54 495
181 P 51.00 26.59 651
182 P 51.00 26.57 427
183 P 51.00 26.52 421
184 P 51.00 26.51 437
185 P 51.00 26.47 454
186 P 51.00 26.45 437
187 P 51.00 26.46 493
188 P 51.00 26.42 496
189 P 51.00 26.34 352
190 P 51.00 26.40 691
191 P 51.00 26.46 103
192 P 51.00 26.38 432
193 P 51.00 26.31 436
194 P 51.00 26.25 457
195 P 51.00 26.23 592
196 P 51.00 26.24 528
197 P 51.00 26.20 142
198 P 51.00 26.14 478
199 P 51.00 26.12 472
200 P 51.00 26.15 588
201 P 51.00 26.13 436
202 P 51.00 26.13 527
203 P 51.00 26.15 270
204 P 51.00 26.12 637
205 P 51.00 26.01 528
206 P 51.00 26.03 481
207 P 51.00 26.05 449
208 P 51.00 26.02 422
209 P 51.00 26.02 337
210 P 51.00 26.69 2133
211 P 51.00 26.41 574
212 P 51.00 26.31 706
213 P 51.00 26.19 694
214 P 51.00 26.33 1359
215 P 51.00 26.32 79
216 P 51.00 26.14 930
217 P 51.00 26.20 865
218 P 51.00 26.13 739
219 P 51.00 26.20 997
220 P 51.00 26.20 629
221 P 51.00 26.25 47
222 P 51.00 26.13 577
223 P 51.00 26.12 710
224 P 51.00 26.34 1135
225 P 51.00 26.25 908
226 P 51.00 26.22 853
227 P 51.00 26.23 127
228 P 51.00 26.30 1125
229 P 51.00 26.22 685
230 P 51.00 26.24 597
231 P 51.00 26.18 446
232 P 51.00 26.20 493
233 P 51.00 26.26 511
234 P 51.00 26.31 477
235 P 51.00 26.32 454
236 P 51.00 26.38 400
237 P 51.00 26.24 331
238 P 51.00 26.32 785
239 P 51.00 26.29 99
240 P 51.00 26.18 523
241 P 51.00 26.12 606
242 P 51.00 25.92 446
243 P 51.00 26.01 762
244 P 51.00 26.14 664
245 P 51.00 26.14 116
246 P 51.00 26.02 599
247 P 51.00 25.97 750
248 P 51.00 25.87 444
249 P 51.00 25.82 486
250 P 51.00 25.76 405
251 P 51.00 25.79 126
252 P 51.00 25.74 460
253 P 51.00 25.71 331
254 P 51.00 25.67 354
255 P 51.00 25.46 264
