% Nframe | type | QP | PSNR | size (Bytes) 
0 I 24.34 41.15 24473
1 P 23.89 41.04 315
2 P 24.50 40.67 1882
3 P 23.93 40.62 2012
4 P 24.50 40.51 1839
5 P 25.07 40.56 2799
6 P 24.13 40.68 2554
7 P 23.79 40.65 614
8 P 26.34 40.48 2625
9 P 26.36 40.42 2805
10 P 25.84 40.46 3514
11 P 26.24 40.40 3155
12 P 33.65 39.39 1824
13 P 32.41 39.62 2530
14 P 29.68 39.93 1256
15 P 25.80 40.55 5106
16 P 23.56 41.03 5223
17 P 23.33 41.52 6073
18 P 21.85 42.03 6800
19 P 21.06 42.55 8659
20 P 20.15 42.95 8709
21 P 19.93 43.30 9309
22 P 19.25 43.51 9705
23 P 19.10 43.62 9303
24 P 17.67 44.17 14047
25 P 18.61 44.34 5206
26 P 18.25 44.51 10218
27 P 18.09 44.42 9067
28 P 18.16 44.43 8483
29 P 17.98 44.52 10031
30 P 17.84 44.59 8254
31 P 17.42 44.61 4444
32 P 18.26 44.40 8045
33 P 18.76 44.27 7998
34 P 18.85 44.24 10607
35 P 19.14 44.08 9055
36 P 19.61 43.89 9023
37 P 19.64 43.95 10486
38 P 19.10 43.88 5279
39 P 18.26 43.69 11985
40 P 18.46 43.69 9872
41 P 19.16 43.75 9408
42 P 18.37 43.79 9009
43 P 19.15 43.89 9525
44 P 18.65 43.92 9505
45 P 19.54 43.94 9636
46 P 19.97 43.91 9123
47 P 19.89 43.82 8917
48 P 18.11 43.93 10848
49 P 19.16 43.92 5014
50 P 20.10 43.86 8931
51 P 19.91 43.78 8714
52 P 19.49 43.61 8513
53 P 20.40 43.45 9219
54 P 19.21 43.61 15515
55 P 19.15 43.64 4820
56 P 20.19 43.37 7994
57 P 19.85 43.31 7923
58 P 19.68 43.28 9782
59 P 19.42 43.23 8774
60 P 19.44 43.14 8526
61 P 19.87 43.18 8676
62 P 19.25 43.15 9450
63 P 19.01 43.19 9089
64 P 19.21 43.24 8820
65 P 19.60 43.22 8140
66 P 19.49 43.06 7654
67 P 20.34 43.10 8283
68 P 20.24 43.15 8438
69 P 19.75 43.11 8593
70 P 19.86 43.03 8538
71 P 20.05 42.93 8340
72 P 19.90 43.22 10772
73 P 19.65 43.24 4128
74 P 20.07 42.98 8373
75 P 20.32 43.00 8183
76 P 20.28 42.99 7939
77 P 21.05 42.99 8743
78 P 20.88 43.14 7623
79 P 19.97 43.11 3400
80 P 21.33 42.92 7392
81 P 21.30 42.86 6673
82 P 21.13 42.91 8496
83 P 21.58 42.96 6576
84 P 21.82 42.88 6614
85 P 21.36 42.94 7574
86 P 22.31 42.92 6683
87 P 22.23 42.88 6660
88 P 22.17 42.91 7026
89 P 22.76 42.88 6089
90 P 22.69 42.89 5939
91 P 22.46 42.91 6973
92 P 21.67 42.94 7590
93 P 21.99 42.96 7444
94 P 22.31 42.88 7294
95 P 21.64 42.83 7453
96 P 21.78 43.14 10005
97 P 20.86 43.10 3688
98 P 21.78 42.96 8216
99 P 21.82 42.96 9074
100 P 21.84 42.91 9065
101 P 21.86 42.91 10641
102 P 21.38 43.03 10483
103 P 20.70 43.03 4694
104 P 21.84 42.93 8578
105 P 20.80 43.08 10234
106 P 20.96 43.18 8795
107 P 22.14 43.11 8965
108 P 21.91 42.92 8269
109 P 22.49 43.30 14583
110 P 22.54 43.19 8772
111 P 22.49 43.22 8778
112 P 22.11 43.23 7643
113 P 22.57 43.13 7418
114 P 22.68 43.09 7409
115 P 22.40 43.20 7480
116 P 22.35 43.11 7920
117 P 22.35 43.04 7849
118 P 22.53 43.07 8206
119 P 22.54 42.99 7611
120 P 22.43 42.93 7026
121 P 22.71 42.94 7018
122 P 22.50 42.89 6701
123 P 23.00 42.99 7298
124 P 22.28 43.09 7035
125 P 22.13 43.07 3132
126 P 22.38 43.00 6031
127 P 22.63 42.97 6044
128 P 22.50 43.05 6831
129 P 22.56 43.09 6224
130 P 22.12 43.13 6858
131 P 22.03 43.11 3341
132 P 22.85 42.97 7053
133 P 22.80 42.97 8397
134 P 22.73 43.04 7186
135 P 22.73 43.02 6976
136 P 23.33 43.00 6595
137 P 23.13 43.10 6122
138 P 22.72 43.14 5928
139 P 22.79 43.15 6143
140 P 22.37 43.15 5801
141 P 22.21 43.18 6363
142 P 22.19 43.33 8178
143 P 22.02 43.31 4419
144 P 22.32 43.22 6816
145 P 22.14 43.25 5901
146 P 22.35 43.21 5569
147 P 22.90 43.18 6704
148 P 22.36 43.28 6652
149 P 21.46 43.34 2812
150 P 22.51 43.22 6089
151 P 22.51 43.20 6263
152 P 22.34 43.24 7974
153 P 22.31 43.17 7547
154 P 22.13 43.26 7616
155 P 21.89 43.23 3769
156 P 22.60 43.11 6775
157 P 22.39 43.21 9458
158 P 21.44 43.27 7460
159 P 21.60 43.17 7114
160 P 21.20 43.16 7562
161 P 21.43 43.20 7343
162 P 21.11 43.16 6309
163 P 21.08 43.23 13785
164 P 20.40 43.13 8200
165 P 20.73 43.09 7239
166 P 20.65 43.27 10045
167 P 20.15 43.31 3392
168 P 20.78 43.14 8015
169 P 20.93 43.14 8078
170 P 20.77 43.09 8384
171 P 21.17 43.08 10059
172 P 21.15 43.20 9240
173 P 21.10 43.11 5032
174 P 21.31 43.06 9071
175 P 21.39 43.02 8747
176 P 20.97 43.14 10722
177 P 21.11 43.09 8925
178 P 20.78 43.21 9152
179 P 20.33 43.21 3724
180 P 20.92 43.12 7747
181 P 21.12 43.19 8906
182 P 20.80 43.09 7070
183 P 20.76 43.11 7580
184 P 21.51 43.14 7572
185 P 20.75 43.09 8191
186 P 21.27 43.09 8460
187 P 20.61 43.15 8641
188 P 21.89 43.10 8526
189 P 21.49 43.02 7540
190 P 21.63 43.16 9676
191 P 20.23 43.21 3836
192 P 21.43 43.04 7400
193 P 21.57 43.09 7962
194 P 21.71 43.04 7672
195 P 21.89 43.10 9261
196 P 21.60 43.17 8777
197 P 21.56 43.19 4019
198 P 21.58 43.08 7916
199 P 21.94 43.02 7584
200 P 21.80 43.08 9518
201 P 21.68 43.04 8674
202 P 21.60 43.10 9262
203 P 21.88 43.09 5906
204 P 21.98 43.01 10057
205 P 22.37 43.01 9487
206 P 22.08 43.12 7779
207 P 22.40 43.10 7476
208 P 22.25 43.11 7367
209 P 21.87 42.98 6630
210 P 22.39 43.55 10965
211 P 21.79 43.46 6496
212 P 21.82 43.47 6764
213 P 21.84 43.45 7041
214 P 21.32 43.64 9968
215 P 21.10 43.63 3011
216 P 21.60 43.51 7349
217 P 21.49 43.49 7392
218 P 21.70 43.46 6585
219 P 21.33 43.42 7953
220 P 21.09 43.58 7144
221 P 20.93 43.60 2595
222 P 21.53 43.44 6902
223 P 21.68 43.38 7247
224 P 21.81 43.34 9054
225 P 22.03 43.36 8715
226 P 22.16 43.46 8904
227 P 21.87 43.40 3588
228 P 21.94 43.33 10069
229 P 21.54 43.39 8257
230 P 21.56 43.44 7531
231 P 21.43 43.40 7015
232 P 21.40 43.42 6947
233 P 21.58 43.44 6440
234 P 21.49 43.49 6363
235 P 21.39 43.46 6688
236 P 21.32 43.48 6986
237 P 21.91 43.34 6984
238 P 21.79 43.44 9753
239 P 21.28 43.43 3701
240 P 21.17 43.35 7784
241 P 21.66 43.29 7567
242 P 21.57 43.24 6752
243 P 21.48 43.32 8728
244 P 21.04 43.46 7142
245 P 21.08 43.50 2879
246 P 21.45 43.42 6275
247 P 21.76 43.42 7961
248 P 21.81 43.39 6386
249 P 21.85 43.39 6757
250 P 21.67 43.44 6774
251 P 21.24 43.43 2950
252 P 21.68 43.31 7728
253 P 21.97 43.26 6985
254 P 21.61 43.29 6444
255 P 23.51 42.84 4789
