% Nframe | type | QP | PSNR | size (Bytes) 
0 I 32.10 35.63 12623
1 P 35.05 35.61 58
2 P 35.62 35.31 629
3 P 34.54 35.25 709
4 P 38.05 35.16 640
5 P 34.26 35.16 1100
6 P 36.51 35.24 919
7 P 34.28 35.18 167
8 P 36.32 35.04 953
9 P 34.99 35.03 994
10 P 35.95 35.09 1414
11 P 37.10 35.00 1246
12 P 41.47 34.19 722
13 P 42.22 33.84 808
14 P 40.02 34.11 289
15 P 37.82 34.65 1598
16 P 35.52 34.99 1437
17 P 34.12 35.34 1712
18 P 32.47 35.67 1985
19 P 30.38 36.07 2841
20 P 29.33 36.44 2819
21 P 30.06 36.82 3035
22 P 29.13 37.02 3051
23 P 30.04 37.19 2774
24 P 27.55 37.73 5867
25 P 28.20 37.89 1295
26 P 26.95 38.08 3306
27 P 27.84 38.14 2905
28 P 27.01 38.21 2789
29 P 28.86 38.40 3568
30 P 26.89 38.52 2829
31 P 28.19 38.55 976
32 P 29.11 38.49 2707
33 P 29.18 38.41 2593
34 P 29.06 38.45 4109
35 P 29.07 38.41 3399
36 P 29.89 38.20 3114
37 P 29.30 38.31 3940
38 P 29.18 38.27 1505
39 P 28.50 38.16 4882
40 P 27.90 38.19 3851
41 P 29.15 38.24 3567
42 P 27.52 38.34 3650
43 P 27.95 38.43 3879
44 P 28.41 38.48 3637
45 P 27.53 38.57 3918
46 P 29.51 38.58 3507
47 P 29.41 38.58 3500
48 P 28.93 38.63 4542
49 P 28.47 38.59 1533
50 P 29.23 38.60 3549
51 P 29.58 38.56 3367
52 P 28.98 38.42 3292
53 P 29.25 38.26 3621
54 P 28.28 38.50 7938
55 P 29.60 38.43 1415
56 P 29.28 38.23 2987
57 P 29.01 38.11 3044
58 P 29.19 38.16 4172
59 P 29.20 38.08 3427
60 P 29.76 38.01 3269
61 P 29.94 38.09 3577
62 P 29.12 38.10 3816
63 P 29.04 38.05 3585
64 P 29.20 38.08 3640
65 P 29.30 38.08 3299
66 P 30.12 37.95 3005
67 P 29.87 37.94 3342
68 P 30.41 37.96 3558
69 P 30.52 37.98 3524
70 P 30.02 37.91 3533
71 P 30.42 37.77 3480
72 P 30.08 38.00 4710
73 P 29.85 38.02 1301
74 P 29.19 37.81 3556
75 P 30.41 37.90 3417
76 P 29.93 37.84 3114
77 P 30.26 37.88 3716
78 P 30.28 37.98 3043
79 P 30.84 37.97 1076
80 P 30.10 37.77 2955
81 P 30.19 37.75 2595
82 P 29.67 37.80 3637
83 P 30.07 37.83 2776
84 P 30.54 37.77 2730
85 P 30.43 37.83 3092
86 P 30.65 37.83 2709
87 P 30.37 37.76 2694
88 P 31.09 37.80 2995
89 P 30.95 37.81 2468
90 P 30.85 37.81 2482
91 P 30.81 37.85 2843
92 P 30.79 37.85 2959
93 P 30.57 37.82 2998
94 P 30.83 37.79 2989
95 P 30.14 37.74 2960
96 P 30.51 37.98 4399
97 P 29.86 38.00 1025
98 P 30.00 37.87 3177
99 P 29.96 37.84 3696
100 P 30.73 37.78 3644
101 P 30.11 37.80 4705
102 P 29.96 37.91 4304
103 P 29.93 37.93 1567
104 P 29.70 37.76 3456
105 P 29.87 37.94 4590
106 P 28.96 37.94 3568
107 P 30.30 37.91 3852
108 P 30.51 37.75 3313
109 P 30.64 38.21 6897
110 P 30.85 38.08 3419
111 P 30.44 38.07 3472
112 P 30.41 38.09 2939
113 P 30.61 38.01 2753
114 P 30.54 37.91 2732
115 P 30.11 38.04 2955
116 P 30.52 38.00 3021
117 P 30.34 37.87 3071
118 P 30.55 37.88 3297
119 P 30.37 37.85 3017
120 P 30.57 37.80 2733
121 P 30.95 37.75 2640
122 P 30.76 37.74 2609
123 P 30.51 37.81 2937
124 P 30.63 37.90 2792
125 P 30.94 37.91 954
126 P 31.04 37.85 2146
127 P 30.72 37.84 2265
128 P 30.61 37.96 2698
129 P 31.39 37.84 2284
130 P 30.66 37.95 2690
131 P 30.65 37.96 1128
132 P 31.06 37.84 2739
133 P 31.00 37.88 3392
134 P 31.04 37.95 2788
135 P 31.24 37.89 2611
136 P 30.99 37.89 2546
137 P 30.91 37.97 2324
138 P 31.20 38.02 2305
139 P 30.61 38.02 2291
140 P 30.20 38.07 2274
141 P 30.01 38.06 2308
142 P 30.25 38.20 3090
143 P 30.16 38.23 1216
144 P 30.27 38.17 2426
145 P 30.11 38.14 1930
146 P 30.50 38.13 2044
147 P 30.90 38.10 2635
148 P 30.04 38.21 2508
149 P 30.12 38.23 706
150 P 30.50 38.13 2024
151 P 30.21 38.08 2061
152 P 30.02 38.16 3091
153 P 30.33 38.16 2714
154 P 30.26 38.19 2732
155 P 29.60 38.17 1192
156 P 30.63 38.06 2541
157 P 30.18 38.12 3816
158 P 30.40 38.14 2834
159 P 30.19 38.14 2872
160 P 29.90 38.09 2902
161 P 30.09 38.15 3034
162 P 30.31 38.12 2415
163 P 30.29 38.21 6627
164 P 29.56 38.11 3242
165 P 30.00 38.09 3012
166 P 29.71 38.30 4336
167 P 29.78 38.30 1026
168 P 29.69 38.15 3225
169 P 29.94 38.13 3194
170 P 29.80 38.10 3388
171 P 29.62 38.11 4299
172 P 30.00 38.25 3913
173 P 29.47 38.18 1545
174 P 29.95 38.10 3660
175 P 30.32 38.04 3441
176 P 30.44 38.13 4586
177 P 30.03 38.14 3755
178 P 29.94 38.27 3833
179 P 29.29 38.31 1204
180 P 29.66 38.18 2929
181 P 29.63 38.21 3693
182 P 29.28 38.13 2748
183 P 29.70 38.13 2871
184 P 30.22 38.18 2968
185 P 29.98 38.16 3279
186 P 29.83 38.12 3394
187 P 29.63 38.17 3339
188 P 29.65 38.13 3302
189 P 29.35 38.07 2838
190 P 29.03 38.18 4202
191 P 29.29 38.25 1263
192 P 29.77 38.12 2783
193 P 29.51 38.13 3086
194 P 29.89 38.10 2962
195 P 29.72 38.17 3997
196 P 29.72 38.22 3441
197 P 29.47 38.21 1384
198 P 29.54 38.12 3093
199 P 29.91 38.10 3009
200 P 29.80 38.17 4072
201 P 29.72 38.14 3456
202 P 29.71 38.18 3621
203 P 29.33 38.12 1843
204 P 29.47 38.12 4326
205 P 29.95 38.06 3609
206 P 29.81 38.14 3022
207 P 30.03 38.11 2918
208 P 30.19 38.17 2907
209 P 30.00 38.09 2636
210 P 30.54 38.56 5073
211 P 29.56 38.51 2536
212 P 29.38 38.53 2825
213 P 30.34 38.49 2750
214 P 28.52 38.73 4381
215 P 29.70 38.71 822
216 P 29.12 38.59 3023
217 P 29.23 38.59 3068
218 P 29.49 38.55 2720
219 P 29.20 38.52 3472
220 P 28.41 38.65 2925
221 P 29.59 38.64 648
222 P 29.55 38.57 2644
223 P 30.33 38.56 2797
224 P 29.34 38.51 3870
225 P 29.80 38.49 3565
226 P 30.26 38.58 3520
227 P 29.71 38.58 1153
228 P 30.30 38.51 4288
229 P 29.51 38.50 3199
230 P 29.46 38.51 2835
231 P 29.16 38.51 2809
232 P 29.42 38.50 2712
233 P 28.92 38.54 2518
234 P 29.19 38.55 2363
235 P 29.11 38.58 2711
236 P 29.35 38.57 2599
237 P 29.12 38.48 2837
238 P 29.13 38.55 4110
239 P 29.58 38.55 1227
240 P 29.17 38.43 3139
241 P 29.80 38.38 3162
242 P 29.58 38.36 2923
243 P 29.34 38.46 3863
244 P 28.95 38.53 2996
245 P 29.63 38.56 967
246 P 29.46 38.51 2597
247 P 29.14 38.46 3234
248 P 29.85 38.47 2541
249 P 29.49 38.43 2681
250 P 28.83 38.45 2730
251 P 29.90 38.43 927
252 P 29.84 38.35 3187
253 P 29.46 38.34 2753
254 P 29.73 38.30 2549
255 P 31.68 37.98 2069
