% Nframe | type | QP | PSNR | size (Bytes) 
0 I 29.73 36.54 9894
1 P 27.79 36.53 70
2 P 33.82 36.21 549
3 P 32.88 36.08 582
4 P 34.05 35.99 594
5 P 33.90 36.01 910
6 P 33.36 36.09 780
7 P 32.22 36.07 142
8 P 31.90 35.93 814
9 P 33.21 35.93 864
10 P 33.47 35.99 1231
11 P 33.66 35.89 1036
12 P 38.14 34.95 617
13 P 37.38 35.22 919
14 P 35.29 35.46 319
15 P 32.34 36.09 1892
16 P 28.98 36.51 1765
17 P 27.80 37.11 2446
18 P 27.00 37.65 2716
19 P 25.52 38.24 3360
20 P 25.12 38.78 3281
21 P 24.72 39.16 3294
22 P 24.93 39.44 3366
23 P 24.38 39.61 3081
24 P 23.02 40.26 5750
25 P 22.69 40.44 1435
26 P 22.73 40.67 3557
27 P 23.44 40.62 3029
28 P 22.32 40.69 3020
29 P 23.95 40.81 3413
30 P 23.97 40.94 2826
31 P 23.71 40.94 996
32 P 24.37 40.71 2671
33 P 24.96 40.56 2698
34 P 24.80 40.56 4018
35 P 24.56 40.50 3212
36 P 25.17 40.30 3236
37 P 24.57 40.47 4024
38 P 24.51 40.39 1453
39 P 23.46 40.24 4504
40 P 23.83 40.25 3743
41 P 24.48 40.41 3670
42 P 23.98 40.42 3514
43 P 23.06 40.59 3767
44 P 24.74 40.57 3646
45 P 24.20 40.61 3703
46 P 24.32 40.61 3586
47 P 24.43 40.56 3521
48 P 24.10 40.67 4356
49 P 24.13 40.69 1488
50 P 24.96 40.69 3532
51 P 25.41 40.63 3322
52 P 25.24 40.47 3107
53 P 25.38 40.21 3726
54 P 24.44 40.49 7110
55 P 24.46 40.44 1564
56 P 24.92 40.19 3191
57 P 24.43 40.08 3085
58 P 24.65 40.13 4159
59 P 24.47 40.05 3521
60 P 24.38 40.02 3498
61 P 25.20 40.07 3682
62 P 25.13 39.95 3898
63 P 24.65 40.01 3808
64 P 24.55 40.13 3719
65 P 24.87 40.13 3470
66 P 25.02 40.04 3081
67 P 24.60 40.02 3618
68 P 25.14 39.97 3468
69 P 24.15 39.94 3533
70 P 25.97 39.79 3456
71 P 26.07 39.75 3564
72 P 24.72 40.13 4567
73 P 25.28 40.04 1216
74 P 24.90 39.86 3514
75 P 23.74 39.92 3296
76 P 24.57 39.78 3127
77 P 25.38 39.83 3490
78 P 25.07 39.98 3094
79 P 25.74 39.95 1007
80 P 25.92 39.79 3063
81 P 25.74 39.83 2760
82 P 25.98 39.89 3594
83 P 25.48 39.84 2702
84 P 26.06 39.84 2949
85 P 26.24 39.78 2997
86 P 26.28 39.79 2786
87 P 26.07 39.79 2828
88 P 26.27 39.79 3026
89 P 26.49 39.80 2586
90 P 26.30 39.76 2595
91 P 26.45 39.79 2965
92 P 26.26 39.70 2905
93 P 25.91 39.72 3219
94 P 25.33 39.73 3120
95 P 26.01 39.66 2979
96 P 26.15 39.99 4268
97 P 25.28 39.93 1083
98 P 25.54 39.86 3566
99 P 26.06 39.85 3737
100 P 25.87 39.77 3742
101 P 25.97 39.83 4548
102 P 26.19 39.87 4176
103 P 23.77 39.88 1605
104 P 26.44 39.67 3529
105 P 24.92 39.90 4481
106 P 24.96 39.87 3514
107 P 25.65 39.91 3722
108 P 26.69 39.72 3367
109 P 26.39 40.27 6315
110 P 26.47 40.12 3311
111 P 26.41 40.11 3389
112 P 26.36 40.06 2796
113 P 26.39 39.95 2714
114 P 26.38 39.89 2815
115 P 26.46 40.00 2816
116 P 26.37 39.98 2909
117 P 25.73 39.88 3081
118 P 26.04 39.88 3271
119 P 26.16 39.88 3152
120 P 26.42 39.79 2821
121 P 26.73 39.79 2785
122 P 26.23 39.75 2658
123 P 26.39 39.86 2817
124 P 26.40 39.93 2698
125 P 26.42 39.96 961
126 P 26.53 39.90 2321
127 P 26.84 39.90 2382
128 P 26.65 39.95 2671
129 P 26.62 39.95 2392
130 P 26.57 40.07 2712
131 P 26.60 40.05 1137
132 P 26.72 39.84 2744
133 P 26.26 39.91 3394
134 P 26.25 39.90 2732
135 P 26.22 39.94 2763
136 P 26.89 39.92 2567
137 P 26.27 40.03 2310
138 P 25.82 40.14 2377
139 P 26.53 40.07 2306
140 P 26.56 40.11 2254
141 P 25.94 40.08 2394
142 P 25.80 40.27 3221
143 P 25.91 40.27 1327
144 P 25.84 40.25 2574
145 P 25.75 40.20 2057
146 P 25.82 40.06 1986
147 P 25.85 40.07 2685
148 P 25.77 40.24 2530
149 P 25.07 40.31 915
150 P 25.98 40.20 2253
151 P 25.99 40.11 2266
152 P 25.74 40.24 3090
153 P 25.74 40.16 2734
154 P 25.62 40.19 2800
155 P 25.82 40.24 1273
156 P 26.28 40.20 2660
157 P 25.82 40.23 3657
158 P 26.02 40.28 2862
159 P 25.64 40.25 2831
160 P 25.65 40.14 2817
161 P 24.96 40.24 2982
162 P 25.75 40.15 2318
163 P 25.70 40.27 6101
164 P 25.34 40.17 3153
165 P 25.36 40.05 2841
166 P 24.72 40.34 4066
167 P 24.86 40.32 921
168 P 25.36 40.14 3140
169 P 25.56 40.07 3109
170 P 25.30 40.08 3392
171 P 25.38 40.14 4135
172 P 25.27 40.25 3564
173 P 24.95 40.14 1629
174 P 25.59 40.13 3574
175 P 26.00 40.04 3360
176 P 25.47 40.14 4388
177 P 25.81 40.11 3603
178 P 25.10 40.26 3814
179 P 25.17 40.25 1175
180 P 25.21 40.11 2996
181 P 25.45 40.20 3541
182 P 25.41 40.14 2833
183 P 25.28 40.12 2908
184 P 25.63 40.14 2980
185 P 25.31 40.12 3223
186 P 25.46 40.17 3495
187 P 25.33 40.11 3359
188 P 25.19 40.14 3454
189 P 25.27 40.07 2944
190 P 25.32 40.20 4116
191 P 24.50 40.23 1196
192 P 25.06 40.09 2910
193 P 25.51 40.11 3042
194 P 25.54 40.06 2987
195 P 25.28 40.16 3919
196 P 25.14 40.28 3448
197 P 24.88 40.32 1523
198 P 25.44 40.16 3098
199 P 25.54 40.11 2994
200 P 25.45 40.20 3943
201 P 25.19 40.17 3476
202 P 25.28 40.20 3676
203 P 24.98 40.21 2134
204 P 24.99 40.18 4223
205 P 25.08 40.08 3577
206 P 25.34 40.13 3031
207 P 25.25 40.16 2991
208 P 25.56 40.15 2830
209 P 25.77 39.99 2560
210 P 25.94 40.73 4807
211 P 25.35 40.66 2373
212 P 24.88 40.63 2611
213 P 25.35 40.65 2890
214 P 24.83 40.84 4102
215 P 24.82 40.82 927
216 P 24.86 40.70 2982
217 P 25.00 40.60 2837
218 P 24.60 40.61 2758
219 P 24.63 40.65 3397
220 P 24.72 40.72 2632
221 P 24.67 40.80 824
222 P 25.31 40.63 2782
223 P 25.12 40.57 2962
224 P 24.44 40.56 3811
225 P 25.34 40.46 3499
226 P 25.36 40.65 3956
227 P 25.33 40.62 1248
228 P 25.14 40.47 4349
229 P 25.02 40.55 3364
230 P 24.67 40.57 2817
231 P 24.79 40.48 2757
232 P 24.70 40.50 2725
233 P 24.85 40.61 2645
234 P 25.05 40.61 2329
235 P 24.92 40.58 2506
236 P 24.85 40.65 2798
237 P 25.21 40.50 2696
238 P 24.83 40.60 3905
239 P 25.05 40.59 1199
240 P 24.82 40.49 3138
241 P 25.41 40.42 3044
242 P 25.67 40.39 2882
243 P 25.65 40.48 3761
244 P 25.19 40.60 2882
245 P 25.50 40.63 960
246 P 25.03 40.56 2817
247 P 25.18 40.56 3253
248 P 25.41 40.55 2627
249 P 25.36 40.49 2662
250 P 25.15 40.56 2800
251 P 25.27 40.58 1013
252 P 25.16 40.47 3211
253 P 25.66 40.48 2844
254 P 24.99 40.41 2648
255 P 27.08 40.02 2049
