% Nframe | type | QP | PSNR | size (Bytes) 
0 I 33.66 35.05 15002
1 P 36.00 35.03 98
2 P 38.24 34.69 681
3 P 37.92 34.59 767
4 P 37.00 34.52 727
5 P 36.80 34.55 1161
6 P 38.77 34.63 974
7 P 34.51 34.55 157
8 P 38.47 34.46 1079
9 P 37.78 34.45 1177
10 P 39.03 34.47 1521
11 P 37.77 34.44 1367
12 P 42.73 33.84 863
13 P 45.93 33.00 723
14 P 42.92 33.32 267
15 P 41.44 33.89 1741
16 P 39.92 34.13 1256
17 P 38.28 34.41 1542
18 P 35.71 34.65 1746
19 P 33.85 34.93 2326
20 P 32.68 35.13 2304
21 P 33.30 35.39 2546
22 P 33.17 35.57 2613
23 P 33.52 35.70 2659
24 P 29.94 36.14 5724
25 P 31.14 36.27 1237
26 P 30.89 36.45 3082
27 P 32.12 36.45 2563
28 P 31.94 36.53 2747
29 P 31.30 36.71 3533
30 P 31.39 36.86 2979
31 P 30.69 36.96 1109
32 P 32.12 36.93 2759
33 P 30.79 36.94 2802
34 P 32.21 37.01 4408
35 P 30.84 37.00 3475
36 P 32.68 36.84 3055
37 P 31.89 36.89 3954
38 P 31.95 36.89 1443
39 P 31.38 36.87 4983
40 P 30.79 36.92 3917
41 P 30.78 36.95 3591
42 P 31.36 36.99 3473
43 P 29.63 37.08 3925
44 P 30.83 37.14 3813
45 P 31.14 37.16 3628
46 P 32.31 37.14 3347
47 P 32.20 37.13 3375
48 P 31.86 37.26 4507
49 P 31.75 37.24 1449
50 P 32.24 37.19 3404
51 P 32.03 37.14 3192
52 P 32.22 37.03 3201
53 P 32.40 36.90 3777
54 P 31.18 37.08 8091
55 P 31.36 37.05 1493
56 P 32.46 36.81 2817
57 P 31.51 36.74 2859
58 P 31.95 36.78 3977
59 P 32.17 36.74 3214
60 P 32.42 36.70 3094
61 P 31.94 36.77 3461
62 P 32.69 36.73 3657
63 P 31.67 36.75 3536
64 P 32.08 36.76 3573
65 P 32.45 36.74 3225
66 P 32.75 36.58 2946
67 P 32.65 36.65 3467
68 P 33.64 36.66 3530
69 P 33.15 36.63 3434
70 P 32.58 36.57 3531
71 P 32.77 36.51 3600
72 P 32.18 36.74 4809
73 P 31.79 36.72 1168
74 P 32.17 36.58 3548
75 P 32.41 36.61 3347
76 P 33.00 36.54 3043
77 P 32.79 36.62 3855
78 P 33.00 36.66 3121
79 P 33.35 36.66 1063
80 P 33.09 36.50 2968
81 P 32.95 36.51 2644
82 P 32.97 36.55 3718
83 P 33.10 36.54 2706
84 P 33.58 36.53 2776
85 P 33.17 36.53 3005
86 P 33.34 36.53 2720
87 P 33.83 36.46 2731
88 P 33.77 36.52 3087
89 P 32.86 36.52 2428
90 P 33.91 36.54 2553
91 P 32.81 36.50 2855
92 P 33.30 36.56 2991
93 P 33.11 36.56 3042
94 P 32.53 36.53 3098
95 P 32.07 36.49 2866
96 P 32.20 36.71 4567
97 P 31.75 36.71 982
98 P 32.30 36.58 3242
99 P 32.95 36.62 3609
100 P 32.59 36.52 3511
101 P 32.78 36.58 4855
102 P 32.08 36.64 4353
103 P 33.00 36.66 1445
104 P 33.24 36.56 3397
105 P 31.57 36.76 4602
106 P 31.96 36.68 3538
107 P 32.66 36.67 3831
108 P 32.78 36.58 3495
109 P 33.73 36.88 6887
110 P 33.76 36.81 3324
111 P 33.34 36.75 3334
112 P 33.37 36.77 2772
113 P 33.12 36.70 2690
114 P 33.01 36.72 2923
115 P 33.23 36.78 2879
116 P 33.06 36.78 3025
117 P 32.99 36.72 3176
118 P 33.32 36.66 3135
119 P 33.40 36.56 2871
120 P 33.55 36.59 2855
121 P 33.26 36.55 2671
122 P 33.90 36.54 2667
123 P 33.53 36.59 2912
124 P 33.32 36.64 2690
125 P 33.24 36.67 904
126 P 33.44 36.64 2228
127 P 33.44 36.63 2257
128 P 33.56 36.70 2722
129 P 33.96 36.64 2190
130 P 33.75 36.75 2754
131 P 33.21 36.74 1039
132 P 33.91 36.64 2778
133 P 33.61 36.68 3480
134 P 33.98 36.64 2616
135 P 34.13 36.67 2780
136 P 33.43 36.60 2441
137 P 34.44 36.68 2242
138 P 33.94 36.74 2305
139 P 33.38 36.75 2329
140 P 33.20 36.78 2286
141 P 33.68 36.76 2291
142 P 33.24 36.88 3096
143 P 32.68 36.91 1180
144 P 32.97 36.87 2348
145 P 33.59 36.82 1920
146 P 33.06 36.76 1987
147 P 33.60 36.77 2653
148 P 32.46 36.83 2338
149 P 33.44 36.87 721
150 P 32.60 36.79 1889
151 P 33.19 36.83 2123
152 P 32.86 36.87 2865
153 P 33.11 36.83 2528
154 P 33.06 36.89 2826
155 P 32.82 36.91 1137
156 P 32.96 36.78 2334
157 P 32.98 36.89 3797
158 P 33.04 36.89 2710
159 P 33.04 36.85 2685
160 P 32.71 36.84 2882
161 P 32.46 36.85 2904
162 P 32.92 36.86 2414
163 P 32.70 36.98 6994
164 P 32.43 36.86 3182
165 P 32.56 36.81 2869
166 P 32.75 36.99 4367
167 P 32.47 37.02 971
168 P 32.73 36.93 3236
169 P 32.86 36.88 3112
170 P 32.37 36.83 3323
171 P 33.03 36.86 4477
172 P 32.67 36.94 3796
173 P 32.15 36.90 1696
174 P 32.46 36.87 3688
175 P 33.32 36.84 3405
176 P 32.92 36.88 4671
177 P 33.03 36.89 3654
178 P 32.27 36.98 3777
179 P 32.29 37.02 1126
180 P 32.59 36.89 3036
181 P 32.37 36.96 3785
182 P 32.02 36.90 2855
183 P 32.39 36.96 2964
184 P 32.46 36.98 2846
185 P 32.43 36.95 3132
186 P 32.75 36.92 3292
187 P 32.45 36.97 3203
188 P 32.22 36.99 3442
189 P 31.87 36.91 2801
190 P 32.03 36.95 4068
191 P 32.08 36.98 1081
192 P 32.23 36.87 2758
193 P 32.68 36.89 3057
194 P 32.36 36.87 2882
195 P 32.26 36.94 3826
196 P 31.60 36.96 3482
197 P 32.03 36.99 1440
198 P 31.67 36.89 2945
199 P 32.01 36.87 2936
200 P 32.19 36.94 4161
201 P 32.21 36.91 3433
202 P 32.31 36.90 3669
203 P 32.05 36.91 1845
204 P 32.63 36.87 4094
205 P 32.55 36.80 3578
206 P 32.73 36.88 2974
207 P 32.54 36.87 2889
208 P 32.47 36.87 2934
209 P 32.69 36.76 2477
210 P 32.63 37.31 5408
211 P 31.77 37.27 2540
212 P 32.85 37.23 2623
213 P 32.71 37.22 2600
214 P 32.00 37.39 4376
215 P 32.15 37.40 880
216 P 32.33 37.27 2908
217 P 31.60 37.26 3012
218 P 32.31 37.21 2703
219 P 32.02 37.21 3573
220 P 32.19 37.33 2961
221 P 32.32 37.37 655
222 P 31.51 37.29 2721
223 P 32.18 37.31 3001
224 P 32.41 37.30 3892
225 P 32.42 37.35 3427
226 P 32.94 37.39 3603
227 P 32.11 37.38 1082
228 P 32.24 37.27 4279
229 P 31.82 37.26 3156
230 P 32.22 37.27 2816
231 P 31.89 37.27 2813
232 P 32.14 37.27 2734
233 P 31.86 37.31 2568
234 P 31.79 37.29 2369
235 P 32.30 37.28 2601
236 P 32.04 37.24 2585
237 P 31.96 37.18 2688
238 P 31.74 37.27 4155
239 P 32.10 37.27 1167
240 P 32.17 37.19 3140
241 P 32.05 37.15 3304
242 P 32.42 37.12 2878
243 P 32.09 37.18 3892
244 P 31.47 37.27 2830
245 P 32.32 37.28 851
246 P 32.39 37.22 2620
247 P 31.92 37.21 3433
248 P 31.45 37.20 2705
249 P 32.46 37.17 2705
250 P 31.83 37.19 2689
251 P 32.57 37.18 1029
252 P 31.65 37.11 3310
253 P 32.26 37.10 2795
254 P 32.37 37.07 2640
255 P 33.99 36.74 2184
