% Nframe | type | QP | PSNR | size (Bytes) 
0 I 29.68 37.37 15575
1 P 31.25 37.33 121
2 P 33.84 36.97 813
3 P 32.24 36.88 980
4 P 33.18 36.81 945
5 P 33.74 36.80 1415
6 P 32.61 36.91 1275
7 P 30.82 36.89 241
8 P 32.50 36.75 1331
9 P 32.41 36.74 1393
10 P 33.04 36.76 1797
11 P 34.43 36.69 1616
12 P 38.93 35.82 981
13 P 39.33 35.60 1107
14 P 36.14 35.85 396
15 P 34.24 36.51 2430
16 P 30.83 36.84 2084
17 P 29.55 37.31 2642
18 P 29.76 37.61 2897
19 P 27.66 38.13 4359
20 P 26.59 38.56 4025
21 P 26.55 38.91 4236
22 P 26.41 39.07 4058
23 P 25.93 39.25 4022
24 P 23.64 39.77 7623
25 P 24.89 39.93 2013
26 P 23.68 40.19 4951
27 P 25.35 40.20 4057
28 P 24.72 40.27 3946
29 P 24.07 40.43 4862
30 P 24.71 40.56 3943
31 P 22.81 40.61 1415
32 P 24.45 40.47 3710
33 P 24.65 40.43 3699
34 P 24.87 40.41 5463
35 P 25.03 40.37 4506
36 P 25.16 40.12 4390
37 P 24.81 40.24 5392
38 P 24.59 40.19 2156
39 P 23.89 40.08 6504
40 P 23.78 40.07 5098
41 P 24.31 40.17 4950
42 P 23.56 40.20 4675
43 P 24.31 40.35 5088
44 P 24.17 40.42 5008
45 P 24.51 40.46 5058
46 P 25.45 40.45 4754
47 P 23.98 40.39 4606
48 P 24.94 40.44 5953
49 P 23.77 40.40 2332
50 P 25.40 40.45 4717
51 P 25.64 40.38 4600
52 P 25.01 40.24 4413
53 P 25.30 40.13 4922
54 P 24.76 40.24 9830
55 P 24.19 40.21 2178
56 P 25.36 39.97 4158
57 P 24.71 39.90 4173
58 P 25.02 39.92 5442
59 P 25.24 39.87 4668
60 P 25.37 39.78 4483
61 P 25.50 39.82 4746
62 P 25.09 39.84 5211
63 P 24.47 39.85 4907
64 P 24.67 39.89 4890
65 P 25.00 39.92 4506
66 P 26.28 39.73 4061
67 P 26.06 39.71 4521
68 P 26.06 39.78 4796
69 P 26.15 39.70 4523
70 P 25.95 39.65 4704
71 P 26.14 39.56 4673
72 P 26.08 39.83 6233
73 P 26.24 39.81 1722
74 P 25.54 39.55 4657
75 P 25.24 39.60 4447
76 P 28.02 39.54 4164
77 P 27.68 39.52 4760
78 P 27.60 39.69 4142
79 P 28.31 39.70 1576
80 P 28.27 39.53 3881
81 P 28.39 39.49 3436
82 P 27.82 39.53 4723
83 P 27.71 39.56 3658
84 P 28.06 39.57 3814
85 P 27.57 39.58 4030
86 P 28.02 39.53 3594
87 P 27.78 39.46 3693
88 P 28.56 39.53 3972
89 P 28.39 39.51 3195
90 P 28.58 39.54 3209
91 P 28.30 39.54 3733
92 P 27.95 39.57 3937
93 P 28.09 39.53 3870
94 P 28.71 39.55 3936
95 P 27.87 39.46 3903
96 P 28.19 39.77 5789
97 P 28.34 39.71 1360
98 P 28.29 39.59 4347
99 P 27.54 39.59 4728
100 P 27.77 39.52 4834
101 P 27.48 39.50 6063
102 P 26.05 39.58 5718
103 P 25.17 39.65 2276
104 P 26.51 39.54 4698
105 P 25.65 39.70 5896
106 P 25.50 39.72 4776
107 P 26.33 39.72 4993
108 P 27.89 39.50 4414
109 P 27.26 39.93 8638
110 P 27.01 39.80 4609
111 P 26.95 39.83 4720
112 P 28.16 39.83 3984
113 P 28.33 39.77 3672
114 P 28.12 39.74 3987
115 P 28.12 39.79 3793
116 P 27.99 39.78 4232
117 P 27.94 39.68 4175
118 P 27.94 39.64 4377
119 P 27.75 39.59 4131
120 P 27.98 39.61 3906
121 P 28.06 39.52 3574
122 P 28.08 39.49 3526
123 P 27.90 39.58 3934
124 P 28.00 39.66 3733
125 P 28.33 39.69 1423
126 P 28.28 39.62 2998
127 P 28.27 39.63 3095
128 P 28.42 39.67 3561
129 P 28.36 39.69 3208
130 P 28.28 39.76 3589
131 P 28.13 39.75 1509
132 P 28.54 39.56 3615
133 P 28.54 39.60 4529
134 P 28.55 39.62 3642
135 P 28.70 39.64 3791
136 P 28.74 39.62 3549
137 P 28.61 39.72 3212
138 P 28.37 39.75 3057
139 P 28.05 39.76 3133
140 P 27.52 39.80 2996
141 P 27.77 39.81 3218
142 P 27.85 39.94 4187
143 P 27.31 39.95 1921
144 P 27.56 39.93 3370
145 P 27.62 39.87 2871
146 P 27.99 39.83 2823
147 P 28.56 39.82 3579
148 P 27.74 39.93 3355
149 P 27.07 39.94 990
150 P 27.66 39.88 2958
151 P 27.77 39.84 2980
152 P 27.82 39.91 4107
153 P 26.64 39.83 3731
154 P 26.69 39.91 3903
155 P 26.14 39.88 1602
156 P 27.06 39.80 3536
157 P 26.89 39.88 5115
158 P 26.78 39.89 3911
159 P 26.79 39.87 3835
160 P 26.58 39.83 3846
161 P 26.62 39.85 3931
162 P 26.55 39.84 3380
163 P 26.69 39.93 8380
164 P 25.99 39.82 4378
165 P 25.98 39.80 3968
166 P 25.83 40.01 5627
167 P 25.45 40.08 1577
168 P 26.16 39.90 4257
169 P 26.56 39.89 4348
170 P 26.18 39.83 4542
171 P 26.83 39.82 5612
172 P 26.50 39.94 5205
173 P 26.01 39.86 2206
174 P 26.57 39.77 4871
175 P 26.49 39.69 4651
176 P 26.66 39.89 6158
177 P 26.03 39.82 4831
178 P 26.13 39.94 4970
179 P 25.47 39.95 1699
180 P 26.23 39.79 3909
181 P 26.53 39.89 4961
182 P 26.45 39.86 3767
183 P 26.34 39.87 3987
184 P 26.77 39.86 3883
185 P 25.89 39.87 4369
186 P 26.38 39.85 4490
187 P 26.00 39.89 4484
188 P 26.41 39.86 4613
189 P 26.18 39.82 3893
190 P 26.00 39.90 5391
191 P 25.76 39.94 1653
192 P 25.96 39.82 3883
193 P 25.82 39.79 4044
194 P 26.00 39.81 4094
195 P 25.82 39.91 5204
196 P 25.74 39.96 4659
197 P 26.09 39.91 1791
198 P 25.69 39.85 4199
199 P 26.20 39.77 3966
200 P 26.60 39.88 5356
201 P 26.36 39.82 4517
202 P 26.03 39.85 4974
203 P 26.05 39.79 2678
204 P 26.10 39.79 5698
205 P 26.19 39.71 5032
206 P 26.77 39.75 4070
207 P 26.39 39.85 4136
208 P 26.65 39.88 3888
209 P 26.47 39.73 3456
210 P 27.11 40.30 6575
211 P 26.76 40.22 3302
212 P 26.36 40.25 3691
213 P 26.25 40.18 3601
214 P 25.80 40.44 5729
215 P 26.21 40.40 1199
216 P 25.84 40.26 3860
217 P 25.79 40.24 3958
218 P 25.80 40.19 3551
219 P 25.98 40.20 4452
220 P 25.57 40.33 3687
221 P 25.57 40.38 1103
222 P 26.18 40.25 3524
223 P 26.03 40.18 3757
224 P 26.23 40.17 5053
225 P 26.54 40.14 4621
226 P 26.89 40.25 4690
227 P 26.47 40.20 1627
228 P 26.29 40.12 5617
229 P 26.20 40.17 4393
230 P 26.17 40.22 3951
231 P 25.93 40.20 3686
232 P 25.83 40.21 3566
233 P 25.69 40.21 3222
234 P 25.70 40.25 3204
235 P 26.06 40.23 3480
236 P 25.93 40.19 3599
237 P 26.21 40.13 3703
238 P 25.94 40.22 5559
239 P 26.24 40.20 1689
240 P 26.10 40.12 4249
241 P 26.19 40.07 4238
242 P 26.21 40.00 3743
243 P 26.03 40.12 5025
244 P 25.91 40.18 3808
245 P 25.89 40.20 1256
246 P 26.04 40.16 3421
247 P 26.15 40.16 4288
248 P 25.79 40.15 3401
249 P 26.25 40.10 3399
250 P 25.88 40.16 3549
251 P 25.06 40.15 1307
252 P 25.87 40.05 4247
253 P 26.49 40.01 3603
254 P 25.77 39.98 3359
255 P 29.10 39.66 2795
