% Nframe | type | QP | PSNR | size (Bytes) 
0 I 25.99 40.40 28771
1 P 28.14 40.30 322
2 P 28.85 39.96 2097
3 P 27.83 39.89 2252
4 P 29.83 39.80 2053
5 P 29.94 39.80 2933
6 P 29.47 39.92 2805
7 P 28.34 39.92 565
8 P 30.29 39.81 2890
9 P 30.03 39.77 2921
10 P 30.12 39.78 3625
11 P 30.33 39.80 3363
12 P 34.55 38.93 2055
13 P 35.41 38.77 2403
14 P 32.30 38.98 993
15 P 31.07 39.43 4625
16 P 27.64 39.89 4415
17 P 26.45 40.25 5347
18 P 25.56 40.54 5773
19 P 23.78 41.01 8068
20 P 23.78 41.34 8090
21 P 23.19 41.64 8276
22 P 22.92 41.88 8402
23 P 22.97 41.99 8124
24 P 21.18 42.46 13637
25 P 21.38 42.62 4153
26 P 20.81 42.82 9348
27 P 21.70 42.81 7906
28 P 21.48 42.87 7886
29 P 21.38 42.96 9378
30 P 21.19 43.05 7894
31 P 20.57 43.05 3489
32 P 21.46 42.92 7486
33 P 22.05 42.87 7800
34 P 22.20 42.86 10848
35 P 22.11 42.76 8950
36 P 22.72 42.56 8757
37 P 22.11 42.67 10792
38 P 21.37 42.66 5189
39 P 21.43 42.55 12512
40 P 21.39 42.55 10253
41 P 21.41 42.56 9485
42 P 22.08 42.62 8930
43 P 21.12 42.72 9968
44 P 21.54 42.76 9729
45 P 21.85 42.78 9552
46 P 22.29 42.73 8848
47 P 22.26 42.70 8883
48 P 22.41 42.79 11234
49 P 21.85 42.71 4422
50 P 22.72 42.72 8973
51 P 22.29 42.65 8353
52 P 23.66 42.48 8242
53 P 23.76 42.28 9192
54 P 22.16 42.43 17223
55 P 22.56 42.40 4445
56 P 23.11 42.22 8069
57 P 23.14 42.09 7620
58 P 22.49 42.12 9684
59 P 22.51 42.11 8413
60 P 22.30 42.06 8236
61 P 22.69 42.13 8704
62 P 22.34 42.08 9314
63 P 22.06 42.10 8774
64 P 22.48 42.14 8569
65 P 22.68 42.14 8074
66 P 22.97 41.97 7712
67 P 23.23 41.98 8446
68 P 22.89 42.03 8549
69 P 23.09 41.99 8410
70 P 23.14 41.92 8522
71 P 23.17 41.87 8698
72 P 22.78 42.05 10872
73 P 22.35 42.04 3618
74 P 22.68 41.88 8563
75 P 22.34 41.89 7936
76 P 22.56 41.85 7710
77 P 22.57 41.89 9196
78 P 22.98 41.99 7813
79 P 22.48 42.00 3067
80 P 22.45 41.85 7341
81 P 21.92 41.83 6645
82 P 22.78 41.85 8838
83 P 23.27 41.85 6753
84 P 23.89 41.82 6823
85 P 23.13 41.88 7521
86 P 24.00 41.84 6611
87 P 24.26 41.79 6791
88 P 24.05 41.86 7483
89 P 24.17 41.88 6409
90 P 24.22 41.87 6183
91 P 23.65 41.85 6951
92 P 23.90 41.87 7277
93 P 23.63 41.88 7422
94 P 23.90 41.88 7507
95 P 23.49 41.79 7167
96 P 23.46 42.05 10443
97 P 22.70 42.05 3216
98 P 23.25 41.88 8024
99 P 23.78 41.94 8935
100 P 23.62 41.87 8885
101 P 23.43 41.84 11133
102 P 23.48 41.92 10462
103 P 23.70 41.98 4430
104 P 23.61 41.82 8498
105 P 22.39 42.02 10287
106 P 22.91 42.01 8888
107 P 23.87 41.99 9057
108 P 23.70 41.88 8712
109 P 24.16 42.20 15492
110 P 24.41 42.10 8499
111 P 24.09 42.09 8759
112 P 24.11 42.11 7436
113 P 24.19 42.02 7398
114 P 24.16 42.05 7828
115 P 23.91 42.11 7428
116 P 23.54 42.11 7896
117 P 23.52 42.03 8013
118 P 23.63 41.96 8082
119 P 23.80 41.91 7571
120 P 23.81 41.89 7403
121 P 23.96 41.85 7147
122 P 25.57 41.77 6757
123 P 25.56 41.81 7517
124 P 25.47 41.96 7360
125 P 25.06 41.95 2859
126 P 25.49 41.86 6154
127 P 25.38 41.90 6290
128 P 25.38 41.94 7211
129 P 25.22 41.92 6322
130 P 25.42 42.01 7309
131 P 25.42 41.98 3121
132 P 25.73 41.88 7391
133 P 25.58 41.88 8862
134 P 25.34 41.93 7167
135 P 25.91 41.90 7238
136 P 25.79 41.90 6901
137 P 25.78 41.97 6355
138 P 25.92 42.02 6221
139 P 25.74 42.04 6489
140 P 25.41 42.05 6093
141 P 25.37 42.07 6721
142 P 25.43 42.16 8123
143 P 25.15 42.14 3894
144 P 25.33 42.15 6886
145 P 25.23 42.07 5482
146 P 25.69 42.05 5615
147 P 25.51 42.04 6947
148 P 25.24 42.12 6358
149 P 24.94 42.18 2480
150 P 25.38 42.07 5769
151 P 25.38 42.06 6007
152 P 25.28 42.07 8021
153 P 25.36 42.05 7369
154 P 25.53 42.07 7348
155 P 25.35 42.10 3413
156 P 25.65 41.99 6583
157 P 25.27 42.05 9464
158 P 24.54 42.06 7137
159 P 24.48 42.03 7044
160 P 24.48 42.04 7195
161 P 24.25 42.04 7415
162 P 24.16 42.03 6195
163 P 24.53 42.05 14727
164 P 23.96 41.98 8227
165 P 24.09 41.94 7319
166 P 24.04 42.07 9833
167 P 23.38 42.14 3157
168 P 23.99 42.05 8051
169 P 24.42 42.01 7883
170 P 24.31 41.97 8319
171 P 24.13 41.98 10557
172 P 24.46 42.05 9120
173 P 24.11 41.97 4884
174 P 24.48 41.91 9062
175 P 24.31 41.88 8729
176 P 24.50 41.99 11041
177 P 24.19 41.96 8905
178 P 23.72 42.09 9519
179 P 23.22 42.13 3590
180 P 23.85 41.99 7699
181 P 24.15 42.04 9060
182 P 24.00 42.02 7256
183 P 23.88 42.01 7398
184 P 23.87 42.04 7302
185 P 23.50 42.02 8074
186 P 23.79 42.01 8505
187 P 23.73 42.06 8088
188 P 23.69 42.06 8548
189 P 24.59 41.98 7278
190 P 24.53 42.05 9833
191 P 23.27 42.08 3323
192 P 23.87 41.94 7208
193 P 23.88 41.96 7899
194 P 23.88 41.95 7584
195 P 23.47 42.02 9385
196 P 23.59 42.13 8933
197 P 23.52 42.12 3870
198 P 24.68 42.02 7735
199 P 24.94 41.95 7575
200 P 24.67 42.04 10298
201 P 24.90 41.99 8733
202 P 24.80 42.01 9229
203 P 24.65 41.94 5603
204 P 23.83 41.96 10242
205 P 25.04 41.91 9736
206 P 25.17 41.99 7774
207 P 25.00 42.02 7728
208 P 25.26 41.99 7389
209 P 25.23 41.86 6676
210 P 25.52 42.41 11737
211 P 24.76 42.35 6371
212 P 24.76 42.37 6730
213 P 25.13 42.32 6943
214 P 24.66 42.56 10151
215 P 24.48 42.51 2457
216 P 24.49 42.41 7034
217 P 24.38 42.38 7308
218 P 25.04 42.34 6414
219 P 24.98 42.34 8199
220 P 24.26 42.44 6843
221 P 25.18 42.51 2242
222 P 24.92 42.35 6649
223 P 24.55 42.35 7273
224 P 24.62 42.32 9162
225 P 24.98 42.31 8242
226 P 25.17 42.37 8804
227 P 24.60 42.32 3402
228 P 25.00 42.26 10200
229 P 24.91 42.30 8076
230 P 24.65 42.29 7039
231 P 24.73 42.31 7074
232 P 24.55 42.29 6662
233 P 24.60 42.34 6474
234 P 24.34 42.36 6007
235 P 24.48 42.33 6383
236 P 24.62 42.35 6606
237 P 25.09 42.23 6608
238 P 24.58 42.35 9699
239 P 24.61 42.35 3532
240 P 24.92 42.27 7786
241 P 24.82 42.21 7537
242 P 24.97 42.16 6796
243 P 24.86 42.25 8817
244 P 24.21 42.35 6987
245 P 24.78 42.35 2447
246 P 23.79 42.32 6438
247 P 23.98 42.30 8069
248 P 23.89 42.29 6420
249 P 24.07 42.27 6543
250 P 23.81 42.33 6695
251 P 23.93 42.33 2860
252 P 23.57 42.20 7759
253 P 24.10 42.19 7059
254 P 23.41 42.20 6417
255 P 25.34 41.78 5042
