% Nframe | type | QP | PSNR | size (Bytes) 
0 I 44.75 29.72 11622
1 P 46.83 29.72 20
2 P 49.60 29.41 244
3 P 49.88 29.24 412
4 P 49.93 29.12 424
5 P 49.31 29.30 781
6 P 49.71 29.25 614
7 P 45.51 29.20 44
8 P 49.26 29.17 769
9 P 49.52 29.07 708
10 P 49.40 29.19 1225
11 P 49.79 29.15 898
12 P 51.00 28.86 660
13 P 51.00 27.47 215
14 P 51.00 28.20 387
15 P 51.00 28.40 1021
16 P 51.00 28.43 616
17 P 51.00 28.29 619
18 P 51.00 28.35 708
19 P 50.97 28.32 745
20 P 51.00 28.44 729
21 P 50.78 28.40 714
22 P 50.90 28.37 849
23 P 50.91 28.33 746
24 P 49.69 28.94 2465
25 P 51.00 28.89 78
26 P 51.00 28.73 493
27 P 50.77 28.56 582
28 P 50.25 28.44 600
29 P 50.74 28.41 729
30 P 50.63 28.43 599
31 P 51.00 28.43 93
32 P 50.92 28.35 592
33 P 50.92 28.31 671
34 P 50.63 28.20 1131
35 P 50.87 28.02 830
36 P 50.83 27.94 859
37 P 50.79 27.85 795
38 P 50.93 27.81 180
39 P 49.97 27.84 1363
40 P 49.94 27.80 989
41 P 49.56 27.77 989
42 P 49.40 27.75 1039
43 P 49.85 27.73 1009
44 P 49.75 27.75 970
45 P 49.86 27.72 936
46 P 50.17 27.69 940
47 P 50.43 27.73 969
48 P 50.40 27.66 1248
49 P 50.44 27.63 237
50 P 50.56 27.55 945
51 P 50.28 27.54 961
52 P 50.12 27.43 914
53 P 49.66 27.40 1126
54 P 49.61 27.56 2605
55 P 50.79 27.55 222
56 P 50.03 27.35 696
57 P 49.58 27.25 737
58 P 50.09 27.30 1143
59 P 50.50 27.29 857
60 P 50.71 27.27 839
61 P 50.73 27.32 897
62 P 50.08 27.28 988
63 P 50.31 27.27 970
64 P 50.09 27.27 970
65 P 50.66 27.26 886
66 P 50.23 27.23 889
67 P 50.25 27.22 1078
68 P 50.28 27.24 1073
69 P 50.68 27.17 938
70 P 50.61 27.13 964
71 P 50.60 27.18 1045
72 P 49.82 27.28 1429
73 P 50.05 27.27 219
74 P 49.98 27.22 1027
75 P 50.41 27.19 933
76 P 50.42 27.18 954
77 P 50.15 27.19 1157
78 P 50.00 27.20 836
79 P 50.82 27.20 192
80 P 50.77 27.17 856
81 P 50.48 27.18 851
82 P 50.12 27.28 1198
83 P 49.77 27.24 837
84 P 50.97 27.28 903
85 P 50.58 27.29 877
86 P 50.30 27.27 763
87 P 50.63 27.32 906
88 P 50.72 27.37 991
89 P 49.56 27.37 732
90 P 50.12 27.43 779
91 P 50.78 27.44 882
92 P 48.74 27.45 942
93 P 49.95 27.48 1050
94 P 49.89 27.44 1021
95 P 49.71 27.43 973
96 P 49.29 27.61 1484
97 P 50.91 27.64 162
98 P 49.61 27.63 1125
99 P 49.50 27.61 1156
100 P 49.79 27.55 1139
101 P 49.82 27.60 1529
102 P 49.79 27.55 1353
103 P 50.89 27.54 302
104 P 50.19 27.56 1245
105 P 48.98 27.70 1617
106 P 49.33 27.67 1171
107 P 49.82 27.68 1328
108 P 50.02 27.69 1189
109 P 50.34 27.93 2712
110 P 50.66 27.69 865
111 P 50.44 27.67 974
112 P 50.28 27.59 824
113 P 50.49 27.52 801
114 P 50.63 27.48 913
115 P 50.61 27.48 932
116 P 50.73 27.50 1037
117 P 50.52 27.38 914
118 P 50.56 27.38 978
119 P 50.62 27.27 876
120 P 50.85 27.29 964
121 P 50.77 27.32 939
122 P 50.87 27.21 754
123 P 50.75 27.32 932
124 P 50.66 27.36 810
125 P 50.72 27.40 219
126 P 50.83 27.35 729
127 P 50.84 27.28 652
128 P 50.56 27.39 982
129 P 50.72 27.35 591
130 P 50.47 27.40 754
131 P 51.00 27.46 232
132 P 50.38 27.44 809
133 P 50.72 27.47 1166
134 P 50.21 27.52 867
135 P 50.76 27.48 752
136 P 50.70 27.45 657
137 P 50.71 27.48 532
138 P 50.62 27.49 582
139 P 50.21 27.52 577
140 P 50.71 27.45 540
141 P 50.22 27.57 710
142 P 49.73 27.63 856
143 P 49.52 27.66 241
144 P 50.42 27.62 545
145 P 50.56 27.60 513
146 P 50.81 27.54 401
147 P 50.58 27.52 675
148 P 50.40 27.63 594
149 P 51.00 27.71 106
150 P 50.76 27.63 387
151 P 49.95 27.62 431
152 P 50.33 27.74 666
153 P 50.02 27.81 565
154 P 50.58 27.77 610
155 P 50.79 27.80 181
156 P 50.29 27.81 625
157 P 49.23 27.82 931
158 P 50.31 27.85 663
159 P 49.50 27.75 633
160 P 49.85 27.70 671
161 P 50.27 27.80 822
162 P 50.24 27.80 695
163 P 50.06 28.12 2740
164 P 50.30 27.93 755
165 P 50.09 27.90 811
166 P 49.77 27.99 1203
167 P 49.81 28.03 141
168 P 50.41 27.93 805
169 P 49.92 27.88 830
170 P 50.14 27.92 978
171 P 50.33 27.97 1269
172 P 49.53 27.90 963
173 P 49.35 27.88 325
174 P 49.86 27.85 861
175 P 50.56 27.83 861
176 P 50.11 27.93 1185
177 P 49.73 28.01 1004
178 P 49.89 28.01 969
179 P 49.23 27.99 156
180 P 49.17 27.93 849
181 P 50.04 28.00 1018
182 P 50.39 27.98 748
183 P 49.66 28.01 804
184 P 49.78 27.97 722
185 P 49.94 27.98 815
186 P 49.97 27.91 828
187 P 50.32 27.94 869
188 P 49.88 27.90 858
189 P 50.26 27.86 748
190 P 50.11 27.83 1021
191 P 49.40 27.88 171
192 P 50.41 27.85 694
193 P 48.96 27.82 791
194 P 48.97 27.80 805
195 P 49.47 27.87 1016
196 P 49.02 27.81 872
197 P 49.09 27.82 244
198 P 48.94 27.89 872
199 P 49.25 27.89 835
200 P 48.89 27.96 1121
201 P 49.97 27.92 673
202 P 49.16 27.96 841
203 P 48.09 27.99 453
204 P 49.26 28.01 1050
205 P 48.65 27.89 897
206 P 49.32 27.93 800
207 P 50.01 27.87 642
208 P 49.22 27.93 737
209 P 49.11 27.89 572
210 P 47.12 28.39 2489
211 P 49.33 28.27 932
212 P 48.33 28.20 1025
213 P 49.70 28.19 1151
214 P 48.74 28.43 2015
215 P 48.30 28.45 178
216 P 47.61 28.32 1383
217 P 47.85 28.29 1391
218 P 49.17 28.27 1234
219 P 48.99 28.45 1655
220 P 48.50 28.46 1026
221 P 49.23 28.51 72
222 P 49.71 28.43 1151
223 P 49.65 28.47 1296
224 P 49.56 28.52 1772
225 P 48.79 28.53 1451
226 P 49.33 28.56 1703
227 P 50.31 28.55 240
228 P 48.82 28.54 1833
229 P 49.13 28.49 1392
230 P 49.24 28.48 1258
231 P 48.97 28.37 1055
232 P 49.45 28.32 1018
233 P 49.06 28.33 910
234 P 49.34 28.32 894
235 P 48.58 28.34 1009
236 P 49.24 28.39 1117
237 P 49.11 28.35 1093
238 P 48.50 28.35 1656
239 P 49.89 28.37 233
240 P 49.22 28.31 1238
241 P 49.22 28.16 1242
242 P 48.73 28.05 1229
243 P 48.65 28.23 1727
244 P 49.24 28.20 1220
245 P 50.33 28.17 217
246 P 49.22 28.10 1183
247 P 48.81 28.04 1379
248 P 49.46 27.94 993
249 P 49.56 27.90 1087
250 P 49.03 27.87 1008
251 P 48.79 27.86 222
252 P 49.51 27.83 1213
253 P 49.72 27.79 773
254 P 49.61 27.78 911
255 P 50.11 27.62 796
