% Nframe | type | QP | PSNR | size (Bytes) 
0 I 23.77 40.83 16372
1 P 24.72 40.79 236
2 P 25.57 40.39 1296
3 P 26.55 40.30 1272
4 P 26.98 40.23 1285
5 P 26.57 40.23 1863
6 P 26.81 40.34 1690
7 P 25.61 40.25 304
8 P 26.70 40.19 1801
9 P 26.67 40.05 1705
10 P 26.71 40.13 2430
11 P 26.48 40.10 2139
12 P 31.43 39.07 1275
13 P 27.86 39.66 2115
14 P 26.39 40.00 1200
15 P 24.17 40.77 4466
16 P 21.55 41.44 4626
17 P 20.45 42.22 5763
18 P 19.62 42.80 6131
19 P 18.67 43.52 7472
20 P 17.82 43.92 6964
21 P 17.19 44.32 7385
22 P 17.07 44.62 7401
23 P 17.38 44.72 7127
24 P 15.77 45.54 11163
25 P 16.43 45.59 3544
26 P 15.47 45.72 7911
27 P 16.07 45.63 6655
28 P 15.37 45.61 6414
29 P 15.94 45.66 7328
30 P 15.56 45.74 6105
31 P 16.31 45.71 2778
32 P 17.29 45.43 5950
33 P 17.47 45.28 6067
34 P 17.13 45.29 8053
35 P 17.52 45.12 6798
36 P 17.00 44.85 6955
37 P 17.80 45.06 7960
38 P 16.63 44.96 3630
39 P 16.85 44.70 8791
40 P 16.95 44.77 7771
41 P 18.08 44.91 7197
42 P 17.16 44.92 7067
43 P 16.60 45.09 7469
44 P 17.93 45.06 7575
45 P 18.05 45.08 7458
46 P 17.34 45.09 7639
47 P 17.36 45.08 7138
48 P 18.03 45.15 8383
49 P 17.29 45.14 3691
50 P 17.81 45.07 6990
51 P 18.27 45.04 6912
52 P 18.37 44.87 6621
53 P 18.01 44.60 7672
54 P 17.79 44.98 12462
55 P 17.27 44.92 3622
56 P 17.43 44.63 7133
57 P 17.60 44.50 6599
58 P 17.63 44.52 8064
59 P 17.26 44.49 7405
60 P 17.09 44.39 7133
61 P 16.92 44.50 7433
62 P 17.27 44.42 7987
63 P 16.92 44.40 7524
64 P 17.51 44.48 7366
65 P 17.63 44.39 6658
66 P 17.38 44.34 6259
67 P 17.63 44.41 7009
68 P 17.40 44.29 6830
69 P 17.27 44.24 6711
70 P 18.09 44.12 6735
71 P 17.42 44.04 6863
72 P 16.83 44.37 8382
73 P 17.35 44.35 3148
74 P 16.89 44.15 6639
75 P 16.86 44.20 6395
76 P 17.53 44.09 6148
77 P 17.43 44.06 6744
78 P 17.64 44.34 6183
79 P 17.44 44.34 2589
80 P 17.57 44.07 5904
81 P 17.83 44.07 5414
82 P 17.95 44.15 6763
83 P 17.73 44.20 5674
84 P 18.82 44.15 5763
85 P 18.64 44.15 6154
86 P 17.93 44.13 5746
87 P 18.58 44.05 5677
88 P 19.10 44.13 6092
89 P 19.21 44.14 5374
90 P 19.13 44.11 5238
91 P 18.17 44.03 6139
92 P 18.21 43.99 6341
93 P 18.46 44.00 6534
94 P 17.77 44.05 6276
95 P 18.27 43.97 6196
96 P 18.12 44.32 8286
97 P 16.76 44.33 3072
98 P 18.09 44.13 6906
99 P 18.68 44.13 7518
100 P 18.47 44.06 7432
101 P 19.05 44.08 8415
102 P 18.48 44.21 8061
103 P 17.48 44.22 3579
104 P 19.06 43.91 6873
105 P 18.32 44.21 8298
106 P 18.12 44.17 7064
107 P 18.66 44.15 7106
108 P 19.15 43.90 6528
109 P 19.46 44.41 10815
110 P 19.32 44.24 6621
111 P 19.53 44.24 6679
112 P 19.33 44.21 5852
113 P 19.52 44.12 5862
114 P 19.71 44.12 6097
115 P 19.22 44.29 6204
116 P 19.43 44.21 6241
117 P 18.69 44.06 6325
118 P 18.85 44.07 6738
119 P 19.35 44.05 6410
120 P 18.94 44.02 6044
121 P 19.82 44.01 5770
122 P 19.57 44.05 5683
123 P 19.62 44.10 6014
124 P 19.15 44.26 5967
125 P 19.21 44.31 2705
126 P 19.61 44.17 4987
127 P 20.05 44.12 5089
128 P 19.64 44.13 5605
129 P 19.67 44.14 5045
130 P 19.05 44.30 5824
131 P 19.39 44.25 2845
132 P 20.03 44.05 5646
133 P 19.35 44.16 7119
134 P 19.27 44.17 5784
135 P 19.33 44.18 5769
136 P 19.67 44.16 5511
137 P 19.46 44.24 5009
138 P 19.42 44.35 5011
139 P 19.68 44.25 4983
140 P 19.92 44.22 4780
141 P 19.17 44.17 5159
142 P 19.50 44.45 6750
143 P 19.54 44.39 3420
144 P 18.83 44.40 5516
145 P 18.44 44.38 4816
146 P 19.47 44.25 4569
147 P 18.73 44.29 5552
148 P 18.49 44.46 5143
149 P 18.61 44.47 2279
150 P 18.93 44.28 4758
151 P 18.98 44.26 4910
152 P 18.94 44.35 6117
153 P 19.13 44.20 5683
154 P 18.94 44.31 5753
155 P 18.84 44.30 2742
156 P 18.65 44.20 5241
157 P 18.35 44.35 7309
158 P 18.58 44.31 5858
159 P 18.65 44.27 5616
160 P 18.43 44.23 5796
161 P 18.02 44.35 6106
162 P 18.96 44.21 4814
163 P 17.99 44.36 10278
164 P 18.10 44.20 6238
165 P 18.08 44.10 5646
166 P 18.33 44.44 7604
167 P 17.94 44.49 2622
168 P 17.96 44.28 6519
169 P 18.93 44.19 6216
170 P 18.97 44.06 6370
171 P 19.37 44.19 7876
172 P 18.96 44.33 7140
173 P 18.16 44.22 3821
174 P 18.58 44.21 7053
175 P 18.30 44.07 6791
176 P 18.34 44.15 8185
177 P 18.35 44.14 7172
178 P 18.00 44.30 7471
179 P 17.67 44.35 2896
180 P 17.77 44.17 6094
181 P 18.40 44.21 6826
182 P 18.46 44.21 5762
183 P 18.12 44.23 5967
184 P 19.03 44.16 5974
185 P 18.59 44.25 6602
186 P 18.79 44.24 6870
187 P 18.61 44.25 6840
188 P 18.52 44.28 6967
189 P 18.77 44.15 6029
190 P 18.38 44.37 7856
191 P 17.98 44.39 2672
192 P 18.53 44.22 6033
193 P 18.62 44.26 6328
194 P 18.71 44.17 6086
195 P 18.48 44.26 7448
196 P 18.29 44.38 6962
197 P 18.02 44.39 3509
198 P 18.51 44.22 6259
199 P 17.93 44.19 5935
200 P 18.34 44.27 7515
201 P 18.09 44.18 6740
202 P 18.06 44.33 7315
203 P 17.79 44.26 4815
204 P 18.41 44.22 7956
205 P 18.18 44.15 7529
206 P 18.33 44.27 6312
207 P 18.42 44.22 5916
208 P 18.40 44.22 5682
209 P 18.36 44.01 5058
210 P 18.85 44.79 8276
211 P 18.08 44.65 4875
212 P 17.73 44.70 5331
213 P 17.70 44.61 5570
214 P 17.91 44.86 7725
215 P 18.01 44.85 2283
216 P 17.97 44.63 5766
217 P 18.05 44.59 5724
218 P 18.15 44.55 5409
219 P 18.41 44.60 6430
220 P 18.50 44.69 5476
221 P 18.63 44.76 2165
222 P 18.36 44.50 5511
223 P 18.64 44.48 6039
224 P 18.29 44.49 7541
225 P 19.05 44.47 7171
226 P 18.46 44.65 7491
227 P 18.12 44.62 2987
228 P 18.21 44.49 8277
229 P 18.17 44.59 6734
230 P 18.66 44.66 5785
231 P 18.55 44.60 5751
232 P 18.51 44.55 5326
233 P 18.55 44.68 5587
234 P 18.42 44.67 4932
235 P 18.43 44.65 5281
236 P 18.58 44.66 5602
237 P 18.75 44.58 5697
238 P 18.60 44.66 7541
239 P 18.51 44.63 2827
240 P 18.55 44.44 6225
241 P 18.93 44.44 6025
242 P 19.06 44.38 5600
243 P 18.51 44.49 6964
244 P 18.53 44.66 5883
245 P 18.99 44.65 2106
246 P 18.53 44.55 5326
247 P 18.62 44.53 6185
248 P 18.80 44.53 5253
249 P 18.80 44.52 5500
250 P 18.46 44.57 5608
251 P 18.26 44.56 2526
252 P 17.97 44.42 6202
253 P 18.47 44.45 5900
254 P 18.35 44.49 5380
255 P 20.34 43.89 3970
