% Nframe | type | QP | PSNR | size (Bytes) 
0 I 42.70 28.98 6982
1 P 48.64 29.00 41
2 P 47.75 28.74 157
3 P 48.27 28.59 257
4 P 48.32 28.55 282
5 P 47.91 28.65 466
6 P 47.70 28.74 370
7 P 47.00 28.72 53
8 P 48.11 28.67 435
9 P 47.94 28.56 409
10 P 48.76 28.62 667
11 P 48.43 28.57 550
12 P 51.00 28.11 366
13 P 51.00 27.93 383
14 P 51.00 27.97 129
15 P 50.28 28.06 730
16 P 49.65 28.23 514
17 P 49.17 28.37 607
18 P 49.34 28.46 561
19 P 48.55 28.46 637
20 P 47.36 28.54 526
21 P 46.81 28.68 637
22 P 47.41 28.63 641
23 P 46.59 28.73 762
24 P 44.06 28.94 1748
25 P 46.59 28.90 74
26 P 46.54 28.82 473
27 P 47.69 28.75 506
28 P 47.14 28.75 550
29 P 46.12 28.77 729
30 P 44.95 28.86 650
31 P 44.12 28.87 164
32 P 46.15 28.89 681
33 P 45.20 28.90 655
34 P 44.39 28.93 1175
35 P 43.95 28.84 816
36 P 45.59 28.80 814
37 P 43.54 28.83 988
38 P 40.34 28.88 386
39 P 40.19 28.91 1441
40 P 41.60 29.07 1100
41 P 39.94 29.15 1143
42 P 41.89 29.27 1075
43 P 39.70 29.38 1247
44 P 40.37 29.35 1081
45 P 40.14 29.56 1332
46 P 42.11 29.56 1016
47 P 41.72 29.60 1028
48 P 42.21 29.76 1403
49 P 41.12 29.81 408
50 P 40.23 29.84 1123
51 P 40.92 29.81 1020
52 P 42.88 29.77 1032
53 P 42.33 29.63 1107
54 P 41.32 29.75 2674
55 P 41.13 29.73 315
56 P 42.47 29.60 861
57 P 41.64 29.49 817
58 P 41.05 29.57 1175
59 P 42.68 29.56 973
60 P 41.59 29.57 951
61 P 42.43 29.60 1109
62 P 42.04 29.63 1174
63 P 42.14 29.67 1065
64 P 42.02 29.63 1051
65 P 42.74 29.60 939
66 P 42.74 29.50 876
67 P 42.71 29.55 1039
68 P 43.04 29.62 1077
69 P 42.09 29.62 1019
70 P 42.79 29.60 1048
71 P 41.02 29.59 1183
72 P 41.77 29.76 1517
73 P 42.89 29.79 324
74 P 43.74 29.64 1101
75 P 42.26 29.64 1015
76 P 42.60 29.65 928
77 P 42.32 29.67 1222
78 P 41.94 29.76 984
79 P 43.88 29.73 308
80 P 42.89 29.67 956
81 P 43.26 29.66 861
82 P 42.80 29.69 1237
83 P 43.03 29.68 878
84 P 43.52 29.65 842
85 P 42.86 29.70 919
86 P 43.74 29.71 902
87 P 43.17 29.69 965
88 P 42.17 29.80 1003
89 P 44.19 29.77 775
90 P 42.84 29.79 772
91 P 42.00 29.79 959
92 P 43.36 29.72 936
93 P 41.44 29.77 1095
94 P 42.34 29.73 1099
95 P 41.99 29.65 982
96 P 42.03 29.92 1651
97 P 42.88 29.92 337
98 P 41.91 29.79 1117
99 P 41.92 29.84 1336
100 P 41.86 29.81 1240
101 P 41.66 29.70 1660
102 P 42.06 29.79 1489
103 P 41.11 29.81 428
104 P 42.03 29.75 1182
105 P 41.19 29.87 1650
106 P 41.50 29.81 1187
107 P 41.47 29.82 1272
108 P 41.80 29.69 1135
109 P 43.12 29.97 2477
110 P 43.13 29.93 1077
111 P 43.05 29.89 1123
112 P 42.75 29.87 922
113 P 43.32 29.80 796
114 P 42.51 29.74 897
115 P 43.34 29.91 1039
116 P 42.55 29.88 1080
117 P 42.48 29.77 993
118 P 43.27 29.76 1057
119 P 42.47 29.71 1026
120 P 43.08 29.67 930
121 P 43.38 29.59 847
122 P 44.29 29.58 845
123 P 44.54 29.65 963
124 P 43.07 29.69 976
125 P 43.85 29.69 277
126 P 44.01 29.70 824
127 P 43.45 29.67 754
128 P 43.35 29.73 917
129 P 44.24 29.76 667
130 P 43.12 29.85 888
131 P 44.92 29.87 284
132 P 43.64 29.80 833
133 P 43.70 29.83 1146
134 P 43.64 29.77 794
135 P 43.46 29.75 814
136 P 43.82 29.72 713
137 P 44.38 29.79 655
138 P 43.35 29.88 670
139 P 42.55 29.87 655
140 P 43.27 29.93 703
141 P 43.01 29.90 669
142 P 42.99 30.07 989
143 P 41.21 30.04 259
144 P 42.99 29.96 638
145 P 43.93 30.01 570
146 P 43.83 29.94 533
147 P 44.31 29.93 782
148 P 42.53 30.03 740
149 P 42.97 30.09 166
150 P 43.33 30.06 510
151 P 44.51 30.07 558
152 P 43.81 30.08 810
153 P 43.27 30.09 738
154 P 42.49 30.10 746
155 P 43.05 30.11 323
156 P 41.33 30.05 793
157 P 42.48 30.15 1156
158 P 41.15 30.15 885
159 P 42.02 30.16 850
160 P 41.58 30.12 897
161 P 41.79 30.21 1049
162 P 41.88 30.25 810
163 P 41.38 30.34 2537
164 P 40.81 30.28 898
165 P 42.52 30.26 828
166 P 41.16 30.41 1393
167 P 40.00 30.49 307
168 P 42.27 30.43 1050
169 P 42.32 30.39 988
170 P 41.86 30.39 1068
171 P 42.58 30.37 1367
172 P 42.61 30.45 1165
173 P 41.41 30.43 437
174 P 42.86 30.40 1096
175 P 42.15 30.37 1007
176 P 42.93 30.43 1473
177 P 42.19 30.45 1138
178 P 41.55 30.52 1174
179 P 41.14 30.57 335
180 P 41.84 30.50 855
181 P 42.27 30.50 1119
182 P 41.75 30.47 875
183 P 41.55 30.45 913
184 P 41.82 30.50 839
185 P 42.50 30.52 968
186 P 41.27 30.43 938
187 P 41.93 30.48 977
188 P 41.25 30.50 993
189 P 41.56 30.44 797
190 P 41.70 30.49 1334
191 P 41.20 30.54 292
192 P 41.46 30.45 790
193 P 41.27 30.45 985
194 P 42.14 30.38 837
195 P 41.55 30.44 1203
196 P 41.06 30.58 1122
197 P 40.89 30.56 373
198 P 41.55 30.55 882
199 P 41.10 30.53 898
200 P 41.71 30.64 1296
201 P 41.29 30.50 893
202 P 41.72 30.57 1124
203 P 40.81 30.56 490
204 P 40.92 30.62 1236
205 P 42.44 30.54 1011
206 P 41.19 30.63 937
207 P 42.04 30.60 861
208 P 41.91 30.64 869
209 P 41.56 30.54 624
210 P 41.50 31.11 2129
211 P 41.08 31.05 893
212 P 42.05 31.09 1027
213 P 39.26 31.06 1063
214 P 42.11 31.19 1712
215 P 39.34 31.21 216
216 P 39.49 31.13 1167
217 P 39.74 31.10 1098
218 P 40.63 31.06 963
219 P 40.91 31.05 1312
220 P 41.67 31.12 1066
221 P 40.58 31.17 198
222 P 42.22 31.11 969
223 P 41.97 31.10 1124
224 P 42.16 31.09 1496
225 P 41.20 31.10 1297
226 P 41.48 31.16 1427
227 P 41.86 31.11 306
228 P 40.83 31.10 1696
229 P 41.36 31.08 1166
230 P 41.25 31.11 1078
231 P 40.22 30.96 1020
232 P 41.66 30.94 1039
233 P 41.06 30.99 931
234 P 41.39 30.92 797
235 P 41.09 30.98 1024
236 P 41.69 31.01 972
237 P 41.78 30.94 981
238 P 40.69 30.95 1654
239 P 41.81 30.96 356
240 P 40.85 30.86 1248
241 P 40.75 30.81 1242
242 P 42.04 30.74 1165
243 P 41.81 30.81 1478
244 P 39.99 30.83 1085
245 P 41.34 30.93 382
246 P 42.27 30.86 921
247 P 41.71 30.79 1255
248 P 41.48 30.81 1045
249 P 41.68 30.76 959
250 P 41.38 30.76 1034
251 P 41.29 30.75 321
252 P 41.47 30.70 1098
253 P 41.79 30.64 972
254 P 41.77 30.60 988
255 P 42.13 30.33 758
