% Nframe | type | QP | PSNR | size (Bytes) 
0 I 41.27 29.32 5595
1 P 46.00 29.32 25
2 P 46.76 29.05 107
3 P 46.76 28.92 183
4 P 46.31 28.86 213
5 P 46.36 28.99 368
6 P 46.37 29.05 301
7 P 36.88 29.04 56
8 P 45.53 28.86 306
9 P 46.59 28.79 334
10 P 45.35 28.84 534
11 P 46.89 28.72 409
12 P 49.98 28.36 313
13 P 50.74 27.96 249
14 P 50.27 27.94 76
15 P 49.48 28.26 574
16 P 47.13 28.52 398
17 P 46.21 28.74 530
18 P 46.03 28.92 521
19 P 43.47 29.09 607
20 P 41.46 29.34 723
21 P 41.10 29.55 793
22 P 42.11 29.69 771
23 P 39.99 29.73 815
24 P 37.42 30.04 2062
25 P 39.23 30.18 333
26 P 38.00 30.36 1019
27 P 41.00 30.26 652
28 P 38.72 30.34 767
29 P 38.28 30.50 1063
30 P 38.12 30.67 895
31 P 40.12 30.77 300
32 P 40.35 30.77 802
33 P 40.45 30.82 816
34 P 38.38 30.88 1337
35 P 39.16 30.86 1029
36 P 40.00 30.66 850
37 P 39.94 30.74 1142
38 P 39.64 30.75 357
39 P 37.21 30.73 1501
40 P 38.27 30.75 1124
41 P 37.60 30.81 1083
42 P 37.60 30.91 1172
43 P 36.24 31.02 1319
44 P 36.64 31.05 1057
45 P 38.92 31.15 1202
46 P 39.87 31.13 1007
47 P 39.38 31.17 1064
48 P 39.39 31.33 1554
49 P 37.92 31.35 367
50 P 39.43 31.35 1055
51 P 39.52 31.34 1016
52 P 39.34 31.19 968
53 P 39.60 31.17 1159
54 P 37.69 31.26 2907
55 P 39.56 31.26 374
56 P 38.94 31.08 856
57 P 37.98 30.97 943
58 P 39.19 31.03 1347
59 P 39.16 30.96 973
60 P 39.34 31.01 1053
61 P 38.60 31.08 1116
62 P 39.15 30.99 1145
63 P 38.50 31.05 1189
64 P 38.63 31.03 1056
65 P 39.32 31.07 1131
66 P 40.32 30.93 906
67 P 39.68 31.05 1164
68 P 39.61 31.00 1134
69 P 38.97 31.01 1112
70 P 39.49 30.99 1207
71 P 39.45 30.89 1084
72 P 39.11 31.12 1599
73 P 38.67 31.15 340
74 P 39.82 30.93 1069
75 P 40.36 31.04 1123
76 P 39.89 30.92 993
77 P 39.06 31.03 1244
78 P 40.76 31.10 891
79 P 38.95 31.16 351
80 P 40.28 30.98 958
81 P 40.05 30.93 809
82 P 40.41 31.01 1177
83 P 40.85 30.99 847
84 P 38.77 31.00 920
85 P 40.07 31.01 1026
86 P 38.94 30.96 911
87 P 38.53 30.94 955
88 P 41.13 31.03 1062
89 P 40.04 31.02 825
90 P 41.03 31.03 828
91 P 40.57 31.03 957
92 P 39.41 31.06 1008
93 P 39.59 31.05 1021
94 P 40.10 30.99 1044
95 P 38.15 31.00 1074
96 P 39.43 31.25 1598
97 P 38.94 31.17 249
98 P 39.09 31.11 1109
99 P 36.73 31.16 1261
100 P 39.31 31.05 1163
101 P 38.98 31.01 1610
102 P 39.25 31.13 1461
103 P 37.54 31.16 425
104 P 38.78 31.05 1153
105 P 37.88 31.21 1537
106 P 37.35 31.17 1176
107 P 39.08 31.16 1241
108 P 39.28 31.01 1085
109 P 39.60 31.31 2391
110 P 39.81 31.29 1097
111 P 39.58 31.30 1214
112 P 39.70 31.24 856
113 P 39.73 31.15 828
114 P 40.50 31.22 909
115 P 39.68 31.25 954
116 P 39.17 31.19 960
117 P 39.75 31.19 1060
118 P 39.83 31.14 959
119 P 39.22 31.03 954
120 P 39.37 31.05 920
121 P 40.94 30.99 797
122 P 41.10 31.00 856
123 P 40.83 31.09 909
124 P 39.64 31.16 1004
125 P 39.85 31.19 253
126 P 40.42 31.18 753
127 P 40.17 31.15 686
128 P 39.77 31.19 814
129 P 40.42 31.21 716
130 P 39.14 31.25 789
131 P 40.22 31.22 235
132 P 40.33 31.19 883
133 P 39.69 31.22 1070
134 P 39.28 31.22 836
135 P 40.44 31.17 775
136 P 40.25 31.20 711
137 P 40.54 31.28 653
138 P 40.87 31.29 632
139 P 41.28 31.25 651
140 P 40.69 31.29 636
141 P 40.71 31.29 631
142 P 39.64 31.43 918
143 P 38.08 31.39 277
144 P 40.02 31.38 726
145 P 40.35 31.38 623
146 P 40.21 31.32 568
147 P 40.00 31.33 848
148 P 39.51 31.46 802
149 P 38.74 31.47 190
150 P 39.86 31.44 636
151 P 41.20 31.42 557
152 P 39.93 31.50 868
153 P 39.78 31.48 780
154 P 39.19 31.55 910
155 P 38.03 31.57 329
156 P 39.52 31.50 785
157 P 39.34 31.57 1251
158 P 38.79 31.58 871
159 P 38.96 31.52 838
160 P 38.77 31.57 972
161 P 37.89 31.58 971
162 P 39.11 31.58 732
163 P 39.18 31.74 2614
164 P 37.22 31.70 1143
165 P 37.23 31.66 925
166 P 38.76 31.83 1480
167 P 36.06 31.85 266
168 P 38.43 31.75 1069
169 P 38.29 31.72 1012
170 P 39.39 31.70 1084
171 P 38.73 31.71 1425
172 P 38.85 31.76 1260
173 P 38.83 31.75 434
174 P 38.41 31.69 1243
175 P 39.22 31.69 1072
176 P 38.65 31.77 1561
177 P 38.82 31.76 1116
178 P 38.94 31.83 1149
179 P 38.90 31.83 270
180 P 39.29 31.72 868
181 P 38.14 31.79 1229
182 P 38.64 31.75 885
183 P 38.89 31.75 929
184 P 39.21 31.75 880
185 P 38.62 31.80 976
186 P 39.08 31.81 1023
187 P 38.69 31.82 1001
188 P 38.79 31.79 947
189 P 38.89 31.73 807
190 P 38.50 31.80 1426
191 P 37.52 31.84 318
192 P 38.48 31.75 825
193 P 38.04 31.77 1022
194 P 38.81 31.73 930
195 P 38.38 31.81 1208
196 P 37.88 31.90 1146
197 P 38.70 31.93 399
198 P 38.62 31.85 955
199 P 38.19 31.86 987
200 P 38.50 31.90 1331
201 P 38.01 31.83 1046
202 P 39.18 31.90 1145
203 P 38.11 31.90 517
204 P 38.92 31.86 1262
205 P 38.87 31.83 1015
206 P 38.83 31.82 836
207 P 38.64 31.87 906
208 P 38.02 31.85 824
209 P 39.17 31.76 697
210 P 38.49 32.27 2037
211 P 38.03 32.17 784
212 P 38.69 32.22 958
213 P 38.92 32.20 980
214 P 37.55 32.34 1628
215 P 37.64 32.37 272
216 P 36.83 32.29 1088
217 P 38.12 32.22 1078
218 P 38.34 32.23 983
219 P 38.38 32.20 1287
220 P 39.50 32.31 1044
221 P 36.89 32.33 243
222 P 38.68 32.30 885
223 P 39.03 32.33 1071
224 P 38.40 32.25 1397
225 P 38.92 32.27 1280
226 P 38.62 32.33 1378
227 P 37.69 32.35 338
228 P 39.10 32.27 1531
229 P 37.77 32.25 1112
230 P 38.40 32.25 1025
231 P 38.14 32.27 1000
232 P 38.59 32.21 876
233 P 38.47 32.18 861
234 P 37.54 32.24 831
235 P 37.61 32.21 866
236 P 37.73 32.22 867
237 P 38.42 32.12 996
238 P 37.18 32.22 1533
239 P 38.00 32.18 315
240 P 37.86 32.08 1179
241 P 37.54 32.11 1244
242 P 38.64 32.07 1071
243 P 38.41 32.17 1583
244 P 37.18 32.25 1034
245 P 37.74 32.24 295
246 P 38.57 32.15 922
247 P 38.00 32.10 1099
248 P 38.41 32.09 925
249 P 37.89 32.10 979
250 P 37.53 32.06 910
251 P 37.84 32.08 320
252 P 38.68 32.06 1108
253 P 38.43 31.98 900
254 P 38.11 32.00 1031
255 P 41.18 31.69 710
