% Nframe | type | QP | PSNR | size (Bytes) 
0 I 39.31 32.18 15492
1 P 45.10 32.19 85
2 P 42.86 31.88 541
3 P 43.49 31.74 699
4 P 44.57 31.75 699
5 P 44.02 31.89 1113
6 P 44.74 31.92 954
7 P 42.89 31.87 149
8 P 43.43 31.76 1077
9 P 45.85 31.60 1116
10 P 44.54 31.74 1571
11 P 45.62 31.70 1272
12 P 50.74 30.71 676
13 P 50.91 30.19 716
14 P 49.45 30.20 253
15 P 49.77 30.64 1564
16 P 48.55 30.62 1071
17 P 45.64 30.93 1180
18 P 47.92 30.98 1205
19 P 47.77 31.15 1373
20 P 46.78 31.28 1196
21 P 45.68 31.38 1306
22 P 42.03 31.40 1451
23 P 44.44 31.25 1451
24 P 43.41 31.62 3463
25 P 42.08 31.58 179
26 P 44.02 31.50 1113
27 P 44.82 31.32 1061
28 P 44.60 31.28 1154
29 P 44.80 31.41 1589
30 P 44.02 31.49 1294
31 P 42.83 31.52 325
32 P 43.78 31.44 1263
33 P 43.58 31.40 1346
34 P 43.62 31.42 2097
35 P 43.15 31.33 1693
36 P 43.08 31.23 1613
37 P 42.52 31.34 2075
38 P 42.76 31.42 724
39 P 39.83 31.48 2734
40 P 40.61 31.55 2211
41 P 40.79 31.63 2178
42 P 38.57 31.62 2045
43 P 38.91 31.92 2557
44 P 40.12 32.00 2284
45 P 41.00 32.05 2193
46 P 41.30 32.09 1996
47 P 40.50 32.07 2081
48 P 41.81 32.27 2972
49 P 39.01 32.27 795
50 P 40.13 32.31 2210
51 P 40.48 32.26 2131
52 P 40.30 32.17 1977
53 P 40.82 32.10 2448
54 P 40.18 32.18 5036
55 P 40.37 32.18 869
56 P 40.58 32.01 1675
57 P 41.05 31.95 1798
58 P 39.54 32.00 2421
59 P 40.27 31.99 1990
60 P 41.17 32.02 2012
61 P 40.67 32.08 2140
62 P 40.20 32.05 2306
63 P 40.43 32.08 2104
64 P 40.58 32.04 2152
65 P 40.97 32.01 2005
66 P 41.01 31.91 1877
67 P 40.94 31.96 2078
68 P 41.36 32.02 2246
69 P 40.99 32.00 2130
70 P 41.58 31.99 2134
71 P 42.25 31.89 2278
72 P 41.04 32.13 3107
73 P 41.37 32.13 774
74 P 41.41 31.97 2156
75 P 41.71 32.02 2063
76 P 42.07 31.96 1936
77 P 41.44 32.02 2469
78 P 41.83 32.10 1901
79 P 42.23 32.10 668
80 P 41.84 32.01 1910
81 P 41.71 32.04 1762
82 P 42.77 32.03 2248
83 P 42.27 32.09 1775
84 P 42.10 32.08 1764
85 P 40.97 32.07 1875
86 P 42.88 32.01 1758
87 P 42.86 32.06 1735
88 P 42.75 32.09 2005
89 P 40.59 32.10 1588
90 P 41.83 32.11 1684
91 P 41.90 32.10 1899
92 P 40.40 32.13 2056
93 P 40.65 32.13 2119
94 P 40.52 32.16 2249
95 P 40.53 32.08 1960
96 P 41.15 32.23 3259
97 P 40.76 32.22 738
98 P 40.44 32.17 2405
99 P 40.17 32.21 2575
100 P 41.16 32.13 2396
101 P 40.76 32.17 3259
102 P 40.83 32.14 3012
103 P 41.62 32.23 968
104 P 41.72 32.18 2400
105 P 39.19 32.26 3122
106 P 40.14 32.22 2455
107 P 40.76 32.19 2650
108 P 40.84 32.14 2351
109 P 41.56 32.43 5058
110 P 41.46 32.31 2216
111 P 41.36 32.28 2323
112 P 41.39 32.24 1837
113 P 41.50 32.20 1863
114 P 41.86 32.12 1863
115 P 41.64 32.26 2145
116 P 41.03 32.16 2120
117 P 41.62 32.15 2272
118 P 41.24 32.12 2185
119 P 42.15 32.04 2100
120 P 41.73 32.02 1960
121 P 41.98 31.96 1823
122 P 41.82 31.91 1828
123 P 41.61 31.94 2115
124 P 41.27 32.00 2125
125 P 42.44 32.03 651
126 P 42.11 32.06 1694
127 P 42.15 32.04 1702
128 P 41.94 32.10 1948
129 P 42.99 32.11 1530
130 P 41.74 32.14 1838
131 P 42.39 32.12 647
132 P 42.53 32.11 2000
133 P 41.64 32.14 2420
134 P 42.43 32.11 1792
135 P 42.42 32.08 1740
136 P 41.73 32.10 1639
137 P 42.58 32.11 1379
138 P 41.96 32.17 1455
139 P 43.07 32.11 1364
140 P 42.08 32.20 1458
141 P 40.28 32.16 1487
142 P 41.99 32.26 2040
143 P 41.75 32.30 685
144 P 42.29 32.21 1425
145 P 41.96 32.20 1337
146 P 41.42 32.20 1280
147 P 42.44 32.11 1625
148 P 42.19 32.19 1417
149 P 42.29 32.22 375
150 P 42.42 32.22 1239
151 P 42.33 32.26 1221
152 P 42.32 32.27 1695
153 P 42.05 32.27 1573
154 P 41.61 32.33 1648
155 P 41.61 32.36 662
156 P 41.51 32.25 1484
157 P 41.90 32.35 2377
158 P 41.42 32.37 1699
159 P 40.41 32.37 1808
160 P 41.47 32.35 1822
161 P 40.77 32.40 1978
162 P 41.76 32.42 1556
163 P 41.25 32.49 4708
164 P 40.58 32.44 1891
165 P 39.91 32.39 1805
166 P 40.57 32.56 2722
167 P 38.40 32.63 587
168 P 41.29 32.53 1851
169 P 41.25 32.49 1999
170 P 41.14 32.51 2039
171 P 41.42 32.52 2745
172 P 41.13 32.58 2196
173 P 40.51 32.54 970
174 P 41.12 32.44 2245
175 P 41.49 32.39 1954
176 P 41.33 32.48 2885
177 P 40.95 32.46 2165
178 P 40.38 32.50 2278
179 P 40.30 32.51 657
180 P 40.85 32.52 1985
181 P 40.52 32.53 2326
182 P 40.48 32.53 1815
183 P 40.51 32.58 1844
184 P 41.07 32.57 1783
185 P 40.72 32.54 2079
186 P 40.52 32.58 2064
187 P 40.48 32.61 2016
188 P 40.30 32.57 2097
189 P 40.76 32.57 1826
190 P 40.29 32.59 2560
191 P 40.75 32.61 628
192 P 40.60 32.56 1755
193 P 40.70 32.58 1955
194 P 40.56 32.52 1849
195 P 40.69 32.57 2380
196 P 40.52 32.63 2284
197 P 39.93 32.62 834
198 P 40.06 32.62 1890
199 P 40.63 32.69 1962
200 P 40.40 32.71 2448
201 P 40.23 32.67 2021
202 P 40.71 32.67 2064
203 P 40.14 32.67 1119
204 P 40.78 32.68 2498
205 P 40.80 32.63 2223
206 P 41.12 32.64 1761
207 P 41.19 32.61 1695
208 P 40.53 32.64 1843
209 P 40.90 32.59 1528
210 P 39.14 33.07 3933
211 P 40.67 33.01 1496
212 P 40.62 33.00 1775
213 P 41.82 33.02 1979
214 P 39.32 33.14 3223
215 P 40.16 33.16 484
216 P 39.63 33.10 2235
217 P 40.78 33.04 2123
218 P 40.51 33.05 1953
219 P 39.60 33.08 2677
220 P 40.26 33.07 1865
221 P 41.20 33.08 426
222 P 40.58 33.04 1966
223 P 41.02 33.04 2365
224 P 40.44 33.08 2913
225 P 41.06 33.09 2567
226 P 40.31 33.10 2758
227 P 40.89 33.14 741
228 P 40.12 33.02 3153
229 P 40.05 33.03 2466
230 P 39.64 33.02 2197
231 P 39.68 32.92 2017
232 P 40.14 32.94 2079
233 P 40.15 32.95 1918
234 P 40.71 32.97 1778
235 P 39.74 32.96 1818
236 P 40.27 32.95 1812
237 P 40.70 32.88 2028
238 P 39.70 32.94 3007
239 P 39.74 32.94 746
240 P 40.32 32.87 2258
241 P 40.06 32.78 2324
242 P 40.89 32.75 2081
243 P 40.01 32.83 3013
244 P 39.72 32.85 2108
245 P 39.80 32.87 660
246 P 40.38 32.82 1900
247 P 40.07 32.83 2467
248 P 39.62 32.77 1927
249 P 40.50 32.77 1948
250 P 40.34 32.74 1891
251 P 39.80 32.75 718
252 P 40.53 32.68 2175
253 P 40.33 32.63 1940
254 P 40.65 32.61 1920
255 P 42.43 32.34 1503
