% Nframe | type | QP | PSNR | size (Bytes) 
0 I 22.76 40.99 11302
1 P 22.26 40.95 98
2 P 26.39 40.49 896
3 P 26.25 40.50 968
4 P 25.24 40.33 970
5 P 23.29 40.36 1434
6 P 24.54 40.56 1310
7 P 25.29 40.45 151
8 P 24.59 40.33 1353
9 P 25.26 40.27 1405
10 P 24.62 40.30 1729
11 P 25.38 40.18 1490
12 P 30.69 39.01 886
13 P 25.72 40.08 1838
14 P 23.18 40.69 1289
15 P 19.89 41.73 4301
16 P 19.18 42.72 4375
17 P 17.50 43.55 4479
18 P 17.20 44.24 4926
19 P 15.77 44.93 5552
20 P 15.40 45.47 5587
21 P 15.08 45.74 5617
22 P 15.22 46.04 5824
23 P 15.00 46.13 5734
24 P 13.59 47.03 8071
25 P 13.86 47.14 2509
26 P 13.18 47.17 5409
27 P 14.52 47.02 4957
28 P 14.78 46.93 4817
29 P 14.60 47.05 5383
30 P 14.27 47.14 4740
31 P 14.33 47.09 2009
32 P 14.76 46.90 4713
33 P 15.17 46.72 4787
34 P 14.79 46.73 6164
35 P 14.86 46.68 5727
36 P 15.63 46.28 5610
37 P 15.20 46.57 6688
38 P 15.09 46.55 2890
39 P 14.66 46.40 7312
40 P 14.93 46.38 6508
41 P 14.15 46.48 6165
42 P 14.94 46.56 5988
43 P 14.00 46.86 6184
44 P 15.11 46.84 6209
45 P 14.58 46.87 6369
46 P 14.40 46.83 6447
47 P 15.07 46.74 6140
48 P 15.04 46.85 6927
49 P 14.65 46.83 2981
50 P 15.31 46.76 5950
51 P 15.30 46.69 5844
52 P 14.90 46.60 5851
53 P 15.17 46.22 6384
54 P 14.85 46.90 9392
55 P 14.72 46.92 2999
56 P 15.23 46.40 5716
57 P 15.60 46.23 5556
58 P 15.43 46.30 6570
59 P 15.10 46.21 6006
60 P 15.28 46.24 6097
61 P 15.38 46.21 6246
62 P 15.12 46.19 6595
63 P 14.87 46.23 6436
64 P 15.23 46.27 6199
65 P 15.18 46.14 5712
66 P 15.67 46.16 5584
67 P 15.66 46.28 5815
68 P 14.95 46.23 5855
69 P 15.42 46.18 5663
70 P 15.34 46.08 5627
71 P 15.88 45.86 5752
72 P 15.28 46.30 6641
73 P 14.75 46.30 2619
74 P 15.74 45.98 5395
75 P 15.18 46.11 5444
76 P 15.98 45.98 5113
77 P 14.71 46.09 5890
78 P 15.39 46.24 5115
79 P 15.82 46.23 2279
80 P 15.82 46.07 4920
81 P 16.02 46.01 4829
82 P 15.97 46.20 5650
83 P 16.03 46.13 4881
84 P 16.04 46.03 4745
85 P 16.09 46.03 5055
86 P 16.54 45.90 4962
87 P 15.68 45.88 5083
88 P 16.62 45.92 5281
89 P 16.59 45.94 4973
90 P 15.50 45.90 4587
91 P 16.53 45.87 5279
92 P 16.38 45.84 5693
93 P 15.53 45.87 5648
94 P 16.21 45.83 5663
95 P 16.60 45.75 5365
96 P 16.31 46.12 6668
97 P 15.45 46.13 2595
98 P 15.58 45.95 6101
99 P 16.30 46.00 6524
100 P 16.40 45.89 6446
101 P 16.43 45.84 7184
102 P 16.15 46.04 6875
103 P 16.68 46.06 2990
104 P 16.68 45.85 6035
105 P 15.63 46.04 6671
106 P 16.56 45.95 5787
107 P 16.59 45.94 5977
108 P 16.98 45.52 5728
109 P 16.21 46.12 8678
110 P 16.31 46.01 6030
111 P 16.69 45.94 5822
112 P 16.55 45.87 5014
113 P 16.90 45.77 5268
114 P 16.68 45.81 5425
115 P 16.81 45.94 5044
116 P 16.81 45.80 5692
117 P 17.00 45.79 5548
118 P 16.86 45.83 5711
119 P 16.93 45.82 5600
120 P 16.98 45.82 5197
121 P 17.03 45.76 5051
122 P 17.12 45.64 4868
123 P 17.02 45.69 5235
124 P 16.94 45.78 5020
125 P 17.02 45.76 2173
126 P 16.92 45.78 4646
127 P 17.27 45.74 4575
128 P 17.46 45.81 4870
129 P 17.44 45.68 4128
130 P 16.88 45.89 4979
131 P 16.70 45.89 2587
132 P 16.99 45.75 4990
133 P 17.05 45.79 5738
134 P 17.05 45.83 5109
135 P 16.92 45.76 4639
136 P 17.23 45.71 4787
137 P 16.96 45.75 4097
138 P 17.03 45.82 4105
139 P 16.95 45.82 4166
140 P 16.88 45.86 4203
141 P 17.08 45.73 4286
142 P 16.86 46.08 5520
143 P 16.64 45.99 2862
144 P 17.15 45.98 4578
145 P 16.86 45.97 4064
146 P 16.90 45.88 3858
147 P 17.45 45.89 4474
148 P 16.77 46.06 4136
149 P 17.10 46.11 1883
150 P 17.19 45.93 3933
151 P 17.21 45.87 4079
152 P 17.28 45.94 5057
153 P 17.39 45.94 4842
154 P 17.15 46.09 4941
155 P 17.04 46.07 2291
156 P 17.54 45.88 4413
157 P 16.58 45.93 5984
158 P 16.56 45.96 4816
159 P 16.62 45.88 4902
160 P 16.75 45.91 4749
161 P 16.60 45.90 4931
162 P 16.78 45.69 4163
163 P 16.28 46.04 7869
164 P 16.30 45.98 5422
165 P 15.93 45.93 4924
166 P 16.23 46.21 6111
167 P 16.34 46.19 1948
168 P 16.49 45.97 5389
169 P 16.18 45.87 5487
170 P 16.51 45.80 5584
171 P 16.34 45.88 6671
172 P 16.39 46.00 6316
173 P 16.96 45.90 3048
174 P 16.59 45.82 6186
175 P 16.50 45.76 5799
176 P 16.41 45.93 6952
177 P 16.35 45.81 5884
178 P 16.18 46.06 6155
179 P 16.16 46.05 2254
180 P 16.82 45.81 4905
181 P 16.44 45.96 5552
182 P 16.68 46.02 4792
183 P 16.74 45.95 4921
184 P 16.55 46.02 4806
185 P 16.53 45.97 5395
186 P 16.68 45.92 5587
187 P 17.02 45.91 5661
188 P 16.80 45.90 5825
189 P 16.84 45.70 5057
190 P 16.84 46.00 6041
191 P 16.48 46.12 2355
192 P 16.97 45.94 4908
193 P 16.86 45.89 5015
194 P 16.84 45.80 5082
195 P 16.80 45.97 5975
196 P 16.67 46.03 5696
197 P 16.45 46.02 2697
198 P 16.82 45.86 5186
199 P 16.70 45.81 4985
200 P 16.48 45.98 6020
201 P 16.58 45.96 5403
202 P 16.46 46.04 5865
203 P 16.17 45.94 3694
204 P 16.40 45.90 6329
205 P 16.33 45.94 5995
206 P 16.30 46.02 5127
207 P 16.20 45.95 4996
208 P 16.26 45.95 4698
209 P 16.44 45.68 4060
210 P 16.44 46.41 6528
211 P 16.67 46.14 4175
212 P 16.38 46.12 4822
213 P 16.65 46.14 4970
214 P 16.21 46.40 6181
215 P 15.84 46.36 1598
216 P 16.16 46.15 4852
217 P 15.90 46.11 4896
218 P 16.17 46.14 4544
219 P 16.27 46.19 5197
220 P 16.34 46.29 4814
221 P 16.22 46.25 1659
222 P 16.18 46.02 4935
223 P 16.44 45.87 5064
224 P 16.63 45.99 6187
225 P 16.47 45.96 6002
226 P 16.37 46.14 6219
227 P 16.21 46.11 2447
228 P 16.63 46.08 6646
229 P 16.53 46.08 5574
230 P 16.21 46.14 5238
231 P 16.36 46.13 5188
232 P 16.27 46.10 4749
233 P 16.26 46.19 4720
234 P 16.20 46.22 4352
235 P 16.96 46.15 4751
236 P 16.95 46.17 4896
237 P 16.96 46.04 4902
238 P 16.49 46.29 6607
239 P 15.97 46.30 2551
240 P 16.90 46.06 5427
241 P 17.02 45.97 5365
242 P 16.44 45.92 4901
243 P 16.80 46.10 5935
244 P 16.72 46.20 5073
245 P 16.13 46.20 1830
246 P 16.36 46.07 4766
247 P 16.39 46.01 5286
248 P 16.49 46.02 4804
249 P 16.83 46.11 4961
250 P 16.18 46.13 4713
251 P 16.20 46.12 1940
252 P 16.46 46.04 5409
253 P 16.28 46.04 4878
254 P 16.26 46.03 4823
255 P 18.19 45.34 3729
