% Nframe | type | QP | PSNR | size (Bytes) 
0 I 48.17 27.86 5679
1 P 51.00 27.88 40
2 P 48.08 27.70 89
3 P 50.86 27.53 139
4 P 50.96 27.44 198
5 P 50.66 27.50 304
6 P 50.06 27.43 234
7 P 48.92 27.42 29
8 P 50.56 27.35 322
9 P 49.90 27.38 335
10 P 50.49 27.33 451
11 P 50.64 27.27 373
12 P 51.00 27.28 418
13 P 51.00 25.60 17
14 P 51.00 26.00 102
15 P 51.00 26.76 481
16 P 51.00 27.04 430
17 P 51.00 27.01 392
18 P 51.00 26.93 306
19 P 51.00 26.90 337
20 P 51.00 26.90 268
21 P 50.96 26.90 349
22 P 50.96 26.89 339
23 P 49.84 26.86 407
24 P 50.39 27.43 1301
25 P 51.00 27.39 35
26 P 51.00 27.20 263
27 P 51.00 27.11 355
28 P 50.85 27.14 323
29 P 50.79 27.05 456
30 P 50.97 27.08 336
31 P 51.00 27.08 38
32 P 50.73 27.01 332
33 P 50.98 26.94 351
34 P 50.85 26.93 644
35 P 50.84 26.76 467
36 P 50.64 26.59 461
37 P 50.85 26.52 445
38 P 51.00 26.53 96
39 P 50.42 26.69 766
40 P 50.25 26.63 492
41 P 50.23 26.62 551
42 P 50.27 26.57 528
43 P 50.24 26.47 512
44 P 50.29 26.52 542
45 P 50.61 26.46 455
46 P 50.73 26.39 429
47 P 50.52 26.45 483
48 P 50.74 26.48 639
49 P 51.00 26.39 73
50 P 50.80 26.38 497
51 P 50.60 26.33 475
52 P 50.90 26.26 468
53 P 50.16 26.24 600
54 P 50.30 26.40 1404
55 P 51.00 26.35 81
56 P 50.96 26.21 356
57 P 50.46 26.11 400
58 P 50.60 26.18 564
59 P 50.54 26.20 423
60 P 50.84 26.08 410
61 P 50.79 26.03 433
62 P 50.67 26.04 522
63 P 50.23 26.10 529
64 P 50.78 26.03 454
65 P 50.74 26.03 499
66 P 50.75 26.06 503
67 P 50.98 26.07 545
68 P 50.72 26.00 523
69 P 50.97 25.98 514
70 P 50.92 26.00 498
71 P 50.61 26.02 536
72 P 50.40 26.17 730
73 P 51.00 26.13 76
74 P 50.97 26.04 521
75 P 50.98 26.08 502
76 P 50.77 26.07 452
77 P 50.86 26.11 598
78 P 50.85 26.01 365
79 P 51.00 26.00 91
80 P 50.69 25.98 463
81 P 50.64 25.94 388
82 P 50.57 25.99 615
83 P 50.87 25.99 417
84 P 50.79 25.91 469
85 P 50.82 25.96 426
86 P 50.74 25.90 413
87 P 50.65 25.95 449
88 P 50.96 25.97 480
89 P 50.64 26.03 400
90 P 50.71 26.04 350
91 P 50.36 26.07 472
92 P 50.65 26.15 482
93 P 49.95 26.14 485
94 P 50.70 26.14 600
95 P 50.56 26.15 531
96 P 50.09 26.31 776
97 P 51.00 26.32 60
98 P 50.39 26.29 533
99 P 50.56 26.30 597
100 P 50.70 26.17 566
101 P 50.78 26.29 885
102 P 50.30 26.19 638
103 P 51.00 26.25 130
104 P 50.52 26.28 603
105 P 49.75 26.39 824
106 P 49.75 26.33 570
107 P 50.52 26.26 579
108 P 50.44 26.31 584
109 P 50.98 26.64 1350
110 P 51.00 26.44 385
111 P 51.00 26.36 438
112 P 51.00 26.39 354
113 P 51.00 26.33 372
114 P 51.00 26.29 369
115 P 51.00 26.24 400
116 P 51.00 26.13 407
117 P 51.00 26.08 410
118 P 51.00 26.10 429
119 P 51.00 25.93 374
120 P 51.00 25.96 404
121 P 51.00 25.96 315
122 P 51.00 25.99 371
123 P 51.00 26.07 426
124 P 51.00 26.07 363
125 P 51.00 26.08 69
126 P 51.00 26.01 254
127 P 51.00 25.93 230
128 P 50.96 26.09 439
129 P 50.83 26.03 256
130 P 51.00 26.13 315
131 P 51.00 26.15 84
132 P 51.00 26.16 354
133 P 51.00 26.12 457
134 P 51.00 26.13 325
135 P 51.00 26.10 305
136 P 51.00 26.01 245
137 P 51.00 26.04 228
138 P 51.00 26.07 211
139 P 51.00 26.06 225
140 P 50.96 26.08 230
141 P 51.00 26.10 230
142 P 51.00 26.13 320
143 P 51.00 26.15 97
144 P 50.96 26.10 190
145 P 50.92 26.15 249
146 P 50.94 26.15 190
147 P 51.00 26.16 294
148 P 51.00 26.18 221
149 P 51.00 26.24 54
150 P 51.00 26.25 184
151 P 50.51 26.32 184
152 P 51.00 26.38 313
153 P 50.18 26.37 230
154 P 50.92 26.38 311
155 P 51.00 26.42 78
156 P 50.96 26.43 267
157 P 50.85 26.46 443
158 P 50.78 26.35 258
159 P 50.91 26.34 276
160 P 51.00 26.28 346
161 P 49.37 26.30 383
162 P 50.89 26.38 347
163 P 50.40 26.79 1387
164 P 50.62 26.66 339
165 P 50.86 26.58 290
166 P 50.87 26.60 495
167 P 51.00 26.62 60
168 P 50.83 26.58 420
169 P 50.91 26.53 368
170 P 50.97 26.44 386
171 P 50.84 26.47 612
172 P 50.74 26.45 429
173 P 50.55 26.47 134
174 P 50.86 26.45 412
175 P 50.90 26.47 393
176 P 50.87 26.56 528
177 P 50.65 26.51 371
178 P 50.69 26.53 419
179 P 50.99 26.53 64
180 P 50.62 26.54 364
181 P 49.36 26.51 447
182 P 50.78 26.44 292
183 P 50.56 26.44 369
184 P 50.91 26.40 324
185 P 50.81 26.44 388
186 P 49.96 26.41 352
187 P 50.67 26.44 358
188 P 50.75 26.40 330
189 P 50.43 26.37 289
190 P 50.68 26.42 537
191 P 50.01 26.43 51
192 P 50.75 26.42 330
193 P 50.59 26.40 363
194 P 49.02 26.34 349
195 P 50.14 26.38 448
196 P 50.43 26.35 368
197 P 50.87 26.35 106
198 P 50.40 26.41 358
199 P 50.77 26.44 351
200 P 50.09 26.48 468
201 P 50.65 26.46 307
202 P 49.89 26.47 330
203 P 49.43 26.44 142
204 P 50.33 26.52 450
205 P 50.09 26.45 381
206 P 50.83 26.43 286
207 P 49.42 26.38 279
208 P 50.01 26.40 304
209 P 50.49 26.42 260
210 P 48.10 26.88 1229
211 P 50.54 26.78 411
212 P 50.04 26.67 467
213 P 50.56 26.62 605
214 P 49.23 26.86 1040
215 P 50.91 26.87 75
216 P 49.48 26.74 636
217 P 47.38 26.78 616
218 P 50.29 26.76 623
219 P 49.77 26.83 755
220 P 49.44 26.92 570
221 P 50.08 26.98 47
222 P 50.36 26.89 497
223 P 50.30 26.90 608
224 P 50.25 26.98 863
225 P 50.46 26.94 655
226 P 50.22 27.01 750
227 P 49.45 26.99 99
228 P 48.83 26.96 901
229 P 49.66 26.96 663
230 P 49.81 26.85 563
231 P 49.83 26.86 523
232 P 48.74 26.85 467
233 P 48.45 26.86 472
234 P 50.18 26.86 452
235 P 50.00 26.83 476
236 P 49.89 26.88 501
237 P 49.31 26.81 498
238 P 49.44 26.93 821
239 P 49.44 26.94 108
240 P 50.21 26.77 539
241 P 49.41 26.72 671
242 P 50.22 26.63 568
243 P 49.75 26.74 880
244 P 48.76 26.68 596
245 P 48.70 26.68 108
246 P 50.10 26.73 563
247 P 49.44 26.72 679
248 P 49.87 26.57 428
249 P 50.39 26.60 506
250 P 50.50 26.57 433
251 P 50.99 26.55 87
252 P 49.59 26.52 538
253 P 50.54 26.47 331
254 P 50.69 26.49 421
255 P 50.86 26.27 294
