% Nframe | type | QP | PSNR | size (Bytes) 
0 I 24.70 39.61 9510
1 P 24.65 39.56 72
2 P 28.40 39.09 676
3 P 27.29 39.06 763
4 P 27.54 38.93 755
5 P 27.64 38.97 1130
6 P 26.82 39.09 1000
7 P 27.01 39.04 132
8 P 26.56 38.91 1056
9 P 27.59 38.91 1095
10 P 27.45 38.89 1384
11 P 26.93 38.77 1158
12 P 30.28 37.78 756
13 P 28.91 38.54 1375
14 P 25.46 39.14 917
15 P 22.74 40.14 3331
16 P 21.03 41.02 3520
17 P 19.92 41.82 3625
18 P 19.32 42.46 3780
19 P 18.26 43.26 4616
20 P 17.64 43.85 4376
21 P 17.05 44.17 4457
22 P 16.78 44.52 4656
23 P 16.54 44.62 4601
24 P 15.56 45.38 6705
25 P 15.83 45.59 2099
26 P 15.27 45.62 4391
27 P 16.52 45.50 3911
28 P 16.54 45.40 3771
29 P 16.50 45.46 4383
30 P 16.31 45.57 3763
31 P 15.99 45.60 1538
32 P 16.09 45.39 3621
33 P 17.12 45.21 3782
34 P 16.83 45.18 5021
35 P 17.11 45.14 4530
36 P 17.98 44.77 4490
37 P 17.42 45.01 5224
38 P 17.00 44.99 2131
39 P 16.89 44.88 5980
40 P 16.43 44.82 5180
41 P 16.91 44.87 4951
42 P 16.47 45.04 4862
43 P 15.75 45.24 4919
44 P 16.83 45.27 5007
45 P 16.46 45.35 5157
46 P 15.99 45.29 5160
47 P 16.02 45.16 4905
48 P 17.05 45.34 5741
49 P 16.70 45.34 2345
50 P 17.27 45.29 4798
51 P 17.06 45.21 4749
52 P 16.39 45.10 4655
53 P 17.40 44.78 5213
54 P 17.20 45.35 7915
55 P 17.15 45.34 2196
56 P 17.56 44.86 4562
57 P 17.78 44.76 4453
58 P 17.48 44.75 5399
59 P 17.21 44.68 4885
60 P 16.60 44.60 4767
61 P 16.48 44.72 5041
62 P 16.98 44.68 5265
63 P 16.67 44.66 5196
64 P 16.84 44.72 4979
65 P 16.68 44.56 4546
66 P 16.27 44.56 4508
67 P 17.55 44.75 4737
68 P 16.36 44.63 4806
69 P 16.80 44.58 4574
70 P 17.85 44.49 4648
71 P 16.79 44.23 4710
72 P 17.95 44.76 5543
73 P 16.36 44.71 1910
74 P 18.21 44.39 4350
75 P 18.16 44.51 4395
76 P 17.19 44.46 4271
77 P 17.48 44.51 4811
78 P 17.98 44.64 4089
79 P 16.85 44.62 1673
80 P 17.35 44.46 4048
81 P 17.64 44.29 3714
82 P 18.00 44.42 4567
83 P 17.29 44.41 3786
84 P 17.84 44.38 3810
85 P 18.02 44.34 4017
86 P 18.81 44.27 3908
87 P 18.15 44.21 3945
88 P 18.86 44.29 4275
89 P 18.97 44.23 3876
90 P 19.03 44.22 3554
91 P 19.07 44.25 4210
92 P 19.15 44.15 4368
93 P 18.19 44.20 4432
94 P 18.80 44.18 4436
95 P 18.99 44.12 4302
96 P 18.50 44.56 5486
97 P 17.56 44.53 1911
98 P 17.85 44.35 4827
99 P 18.66 44.37 5232
100 P 18.22 44.22 5102
101 P 17.99 44.17 5844
102 P 18.34 44.45 5629
103 P 17.67 44.44 2351
104 P 19.22 44.11 4752
105 P 17.60 44.40 5387
106 P 18.76 44.30 4630
107 P 19.05 44.33 4816
108 P 18.58 43.89 4518
109 P 18.68 44.55 7131
110 P 18.65 44.35 4624
111 P 18.81 44.30 4648
112 P 19.41 44.29 3902
113 P 19.03 44.21 4045
114 P 18.86 44.28 4254
115 P 19.14 44.40 4007
116 P 18.51 44.19 4371
117 P 18.99 44.17 4373
118 P 18.63 44.14 4445
119 P 19.21 44.22 4412
120 P 19.13 44.21 4099
121 P 19.15 44.21 3979
122 P 19.31 43.99 3645
123 P 18.97 44.08 4215
124 P 19.35 44.26 3878
125 P 18.65 44.24 1680
126 P 19.28 44.15 3620
127 P 19.50 44.10 3328
128 P 19.52 44.17 3762
129 P 19.50 44.15 3247
130 P 18.98 44.33 4091
131 P 19.41 44.44 1929
132 P 19.12 44.14 4022
133 P 18.90 44.16 4391
134 P 19.01 44.21 4128
135 P 19.23 44.24 3665
136 P 19.11 44.15 3664
137 P 18.99 44.17 3134
138 P 18.75 44.24 3163
139 P 18.67 44.28 3232
140 P 18.93 44.34 3275
141 P 18.92 44.23 3310
142 P 19.26 44.54 4186
143 P 18.73 44.43 1943
144 P 19.08 44.40 3519
145 P 18.52 44.39 3159
146 P 18.87 44.31 2959
147 P 19.42 44.30 3417
148 P 19.06 44.44 3179
149 P 18.16 44.50 1337
150 P 19.11 44.41 3163
151 P 19.15 44.32 3134
152 P 19.29 44.37 4046
153 P 19.24 44.32 3753
154 P 18.96 44.48 3818
155 P 18.83 44.50 1627
156 P 19.20 44.31 3445
157 P 18.52 44.35 4702
158 P 18.37 44.40 3703
159 P 18.46 44.31 3826
160 P 18.83 44.34 3724
161 P 18.27 44.50 4049
162 P 18.96 44.24 3183
163 P 18.42 44.58 6617
164 P 18.69 44.49 4089
165 P 18.28 44.39 3877
166 P 17.96 44.65 4965
167 P 18.13 44.63 1432
168 P 18.14 44.48 4442
169 P 18.92 44.39 4225
170 P 18.43 44.25 4501
171 P 18.35 44.42 5527
172 P 18.30 44.49 5112
173 P 18.92 44.41 2276
174 P 18.66 44.28 4981
175 P 18.48 44.30 4754
176 P 18.46 44.41 5661
177 P 18.23 44.40 4980
178 P 18.08 44.54 4949
179 P 17.74 44.55 1736
180 P 18.49 44.28 3807
181 P 18.29 44.50 4555
182 P 18.92 44.46 3715
183 P 18.20 44.46 3892
184 P 18.17 44.49 3801
185 P 17.93 44.46 4334
186 P 18.50 44.38 4437
187 P 18.62 44.43 4553
188 P 18.30 44.43 4771
189 P 18.38 44.25 4005
190 P 18.42 44.50 4839
191 P 18.30 44.57 1717
192 P 18.77 44.41 3889
193 P 18.66 44.40 4058
194 P 18.76 44.35 3944
195 P 18.56 44.49 4786
196 P 18.64 44.60 4540
197 P 18.17 44.59 2145
198 P 18.63 44.42 4055
199 P 18.17 44.41 4047
200 P 18.43 44.60 4930
201 P 18.79 44.49 4261
202 P 17.81 44.55 4782
203 P 18.40 44.46 2718
204 P 18.25 44.42 5044
205 P 18.06 44.44 4878
206 P 17.97 44.48 4013
207 P 17.88 44.51 3924
208 P 18.12 44.50 3762
209 P 18.34 44.21 3168
210 P 18.26 44.96 5445
211 P 18.83 44.67 3366
212 P 18.07 44.65 3830
213 P 18.22 44.65 3998
214 P 17.96 45.01 5201
215 P 17.09 44.99 1212
216 P 18.56 44.76 3819
217 P 18.48 44.68 3932
218 P 17.95 44.69 3631
219 P 18.57 44.74 4169
220 P 18.36 44.88 3847
221 P 18.49 44.88 1276
222 P 18.14 44.65 3911
223 P 18.56 44.50 4000
224 P 18.27 44.57 5156
225 P 18.23 44.56 4859
226 P 18.14 44.74 5211
227 P 18.06 44.76 1874
228 P 18.89 44.66 5439
229 P 18.43 44.67 4443
230 P 17.95 44.68 4129
231 P 17.88 44.65 3986
232 P 17.97 44.66 3920
233 P 17.25 44.79 3812
234 P 17.90 44.81 3547
235 P 18.86 44.75 3713
236 P 18.37 44.73 3810
237 P 19.03 44.62 3910
238 P 18.01 44.88 5414
239 P 17.62 44.78 1819
240 P 18.89 44.63 4352
241 P 18.54 44.50 4286
242 P 19.03 44.51 3992
243 P 18.59 44.70 4901
244 P 18.88 44.80 4041
245 P 18.78 44.84 1406
246 P 18.67 44.67 3847
247 P 18.86 44.67 4423
248 P 18.30 44.70 3873
249 P 18.59 44.57 3791
250 P 18.37 44.71 3874
251 P 18.27 44.72 1536
252 P 18.40 44.63 4455
253 P 18.06 44.57 3809
254 P 18.07 44.53 3759
255 P 19.92 43.98 3125
