% Nframe | type | QP | PSNR | size (Bytes) 
0 I 19.20 43.93 15273
1 P 17.89 43.82 235
2 P 19.47 43.32 1505
3 P 18.92 43.26 1563
4 P 19.55 43.15 1670
5 P 19.53 43.19 2196
6 P 19.48 43.33 1963
7 P 19.45 43.24 442
8 P 20.18 43.04 2104
9 P 19.89 43.05 2340
10 P 19.77 43.06 2679
11 P 20.09 42.98 2395
12 P 24.60 41.75 1359
13 P 20.04 43.05 3100
14 P 18.06 43.86 2321
15 P 16.14 45.00 6299
16 P 15.09 45.84 6259
17 P 13.94 46.66 6724
18 P 12.94 47.18 7050
19 P 11.88 47.88 8844
20 P 11.24 48.34 8407
21 P 11.25 48.52 8401
22 P 11.14 48.78 8942
23 P 10.65 48.81 9154
24 P 10.06 49.78 11009
25 P 10.30 49.86 4681
26 P 9.97 49.93 8289
27 P 10.23 49.77 7645
28 P 10.23 49.66 7489
29 P 10.11 49.78 8588
30 P 9.98 49.92 7620
31 P 10.15 49.82 4125
32 P 10.51 49.65 7524
33 P 10.77 49.50 7659
34 P 10.53 49.49 9269
35 P 10.72 49.31 8593
36 P 10.93 49.17 8882
37 P 10.69 49.26 9790
38 P 10.71 49.30 5181
39 P 10.42 49.16 10738
40 P 10.60 49.08 9777
41 P 10.18 49.24 9297
42 P 10.64 49.35 8873
43 P 10.11 49.44 9072
44 P 10.49 49.50 9354
45 P 10.44 49.44 9371
46 P 10.30 49.36 9539
47 P 10.61 49.30 9122
48 P 10.89 49.42 10166
49 P 10.69 49.37 5154
50 P 10.94 49.31 9160
51 P 10.95 49.30 8880
52 P 10.82 49.17 8860
53 P 11.07 48.85 9764
54 P 10.79 49.51 12819
55 P 10.49 49.44 4921
56 P 11.19 49.08 8829
57 P 11.30 48.87 8391
58 P 11.35 48.88 9478
59 P 11.23 48.85 9007
60 P 11.14 48.88 8852
61 P 11.15 48.85 9026
62 P 10.87 48.95 9656
63 P 11.19 48.82 9347
64 P 11.40 48.89 9123
65 P 11.31 48.86 8549
66 P 11.87 48.74 8043
67 P 11.44 48.88 8459
68 P 11.75 48.88 8806
69 P 11.88 48.88 8334
70 P 11.53 48.69 8281
71 P 11.84 48.56 8523
72 P 11.92 48.95 9563
73 P 12.17 48.92 4145
74 P 11.97 48.74 8080
75 P 12.76 48.68 7698
76 P 12.65 48.62 7564
77 P 12.43 48.74 8345
78 P 12.51 48.90 7639
79 P 12.13 48.95 3906
80 P 12.42 48.77 7527
81 P 12.64 48.62 7096
82 P 12.97 48.68 7987
83 P 12.72 48.75 7175
84 P 12.89 48.66 7071
85 P 12.78 48.69 7545
86 P 13.37 48.69 7535
87 P 12.35 48.55 7549
88 P 13.30 48.58 7731
89 P 13.47 48.56 7335
90 P 13.34 48.56 7034
91 P 13.00 48.49 7740
92 P 12.74 48.47 8251
93 P 12.48 48.46 8034
94 P 13.02 48.43 8063
95 P 13.16 48.32 7863
96 P 12.84 48.92 9630
97 P 12.59 48.88 4443
98 P 12.03 48.60 8879
99 P 12.73 48.52 9230
100 P 12.70 48.47 9076
101 P 13.31 48.50 10091
102 P 12.93 48.73 9836
103 P 12.55 48.69 4625
104 P 13.01 48.49 8759
105 P 12.72 48.77 9462
106 P 12.51 48.64 8670
107 P 12.72 48.57 8856
108 P 12.58 48.26 8508
109 P 12.58 48.87 12236
110 P 12.59 48.60 8939
111 P 13.14 48.61 8842
112 P 13.09 48.53 7620
113 P 13.08 48.48 8035
114 P 12.93 48.47 8107
115 P 13.05 48.58 7864
116 P 13.09 48.47 8498
117 P 13.13 48.41 8369
118 P 13.17 48.41 8567
119 P 13.32 48.37 8345
120 P 13.24 48.40 7964
121 P 13.65 48.52 7956
122 P 13.71 48.28 7401
123 P 13.26 48.42 8225
124 P 13.10 48.48 7957
125 P 13.36 48.52 3999
126 P 13.30 48.37 7197
127 P 13.23 48.34 7148
128 P 13.14 48.44 7625
129 P 13.10 48.42 6744
130 P 13.12 48.58 7604
131 P 13.37 48.55 4251
132 P 13.04 48.39 7615
133 P 13.33 48.36 8575
134 P 13.50 48.39 7721
135 P 13.38 48.38 7150
136 P 13.31 48.32 7417
137 P 13.36 48.38 6410
138 P 13.06 48.46 6496
139 P 13.00 48.42 6498
140 P 13.19 48.44 6746
141 P 13.42 48.41 6816
142 P 13.09 48.69 8200
143 P 12.96 48.58 5104
144 P 13.38 48.57 6906
145 P 13.05 48.59 6322
146 P 12.64 48.55 6198
147 P 12.97 48.50 6972
148 P 13.09 48.64 6134
149 P 13.21 48.68 3230
150 P 13.57 48.59 6149
151 P 13.64 48.52 6377
152 P 13.64 48.57 7651
153 P 13.39 48.48 7348
154 P 13.58 48.60 7141
155 P 13.68 48.64 3899
156 P 13.85 48.45 6682
157 P 13.16 48.52 8748
158 P 12.97 48.51 7356
159 P 13.17 48.49 7513
160 P 12.75 48.54 7337
161 P 13.05 48.54 7563
162 P 13.19 48.28 6503
163 P 12.40 48.77 11155
164 P 12.80 48.59 7869
165 P 12.70 48.50 7503
166 P 12.40 48.72 8803
167 P 12.93 48.74 3525
168 P 12.66 48.63 8181
169 P 12.88 48.47 8216
170 P 13.07 48.48 8386
171 P 13.07 48.49 9735
172 P 12.79 48.58 9091
173 P 12.57 48.51 5270
174 P 13.22 48.40 8976
175 P 13.33 48.43 8581
176 P 12.98 48.52 9784
177 P 12.68 48.56 8888
178 P 12.68 48.64 8734
179 P 12.43 48.73 3983
180 P 12.82 48.53 7733
181 P 12.89 48.65 8236
182 P 13.17 48.66 7165
183 P 12.86 48.62 7478
184 P 13.21 48.65 7318
185 P 12.70 48.50 7935
186 P 12.68 48.53 8544
187 P 13.28 48.51 8345
188 P 12.87 48.53 8617
189 P 12.97 48.43 7815
190 P 12.62 48.58 8919
191 P 13.03 48.64 3823
192 P 13.06 48.49 7397
193 P 12.83 48.53 7905
194 P 12.77 48.49 7792
195 P 12.77 48.53 8747
196 P 13.19 48.59 8289
197 P 12.99 48.59 4332
198 P 13.03 48.49 7780
199 P 12.69 48.50 7842
200 P 12.85 48.61 9128
201 P 13.13 48.58 8131
202 P 13.21 48.62 8589
203 P 12.60 48.51 6062
204 P 12.35 48.55 9308
205 P 12.85 48.48 9055
206 P 12.72 48.48 7536
207 P 12.63 48.51 7372
208 P 12.75 48.53 7103
209 P 13.21 48.28 6354
210 P 12.94 48.98 9473
211 P 12.64 48.72 6765
212 P 13.05 48.69 7125
213 P 12.46 48.60 7277
214 P 12.11 48.93 8953
215 P 12.62 48.90 3155
216 P 12.86 48.69 7307
217 P 12.46 48.68 7277
218 P 12.39 48.76 7028
219 P 12.96 48.66 7535
220 P 12.64 48.82 7461
221 P 12.82 48.84 3226
222 P 12.86 48.59 7485
223 P 12.71 48.40 7810
224 P 12.99 48.54 9266
225 P 12.86 48.54 8928
226 P 12.56 48.77 9398
227 P 13.32 48.69 3869
228 P 13.55 48.58 9481
229 P 13.33 48.61 8363
230 P 13.41 48.73 7909
231 P 13.10 48.66 7753
232 P 13.04 48.69 7417
233 P 12.73 48.69 7301
234 P 12.94 48.77 6921
235 P 13.30 48.67 7148
236 P 13.34 48.73 7483
237 P 13.05 48.62 7581
238 P 13.16 48.83 9222
239 P 12.74 48.81 3986
240 P 13.14 48.60 8061
241 P 13.29 48.53 7915
242 P 13.16 48.51 7477
243 P 12.68 48.63 8587
244 P 13.05 48.82 7666
245 P 13.38 48.81 3161
246 P 13.18 48.70 7169
247 P 13.08 48.62 7893
248 P 13.06 48.57 7096
249 P 13.36 48.61 7341
250 P 13.12 48.63 7104
251 P 13.48 48.63 3311
252 P 13.46 48.58 8013
253 P 12.92 48.55 7544
254 P 12.95 48.53 7400
255 P 14.13 47.94 5860
