% Nframe | type | QP | PSNR | size (Bytes) 
0 I 35.53 33.23 9414
1 P 36.93 33.22 74
2 P 39.49 32.92 362
3 P 39.22 32.89 433
4 P 39.63 32.74 402
5 P 41.19 32.76 703
6 P 39.79 32.88 624
7 P 34.08 32.81 82
8 P 39.24 32.65 613
9 P 40.13 32.64 644
10 P 39.91 32.74 981
11 P 40.73 32.60 785
12 P 44.52 31.89 474
13 P 46.46 31.37 474
14 P 44.72 31.57 201
15 P 42.59 32.19 1005
16 P 39.38 32.43 791
17 P 39.37 32.75 1048
18 P 37.53 33.03 1277
19 P 35.73 33.32 1548
20 P 34.11 33.58 1594
21 P 33.95 33.92 1944
22 P 34.16 34.12 1803
23 P 33.38 34.27 1829
24 P 31.60 34.82 4166
25 P 31.10 34.96 848
26 P 31.64 35.14 2015
27 P 32.30 35.17 1840
28 P 31.11 35.30 1927
29 P 32.01 35.49 2347
30 P 31.81 35.58 1795
31 P 31.69 35.69 679
32 P 33.16 35.63 1819
33 P 33.36 35.61 1612
34 P 33.07 35.63 2763
35 P 31.74 35.60 2165
36 P 33.73 35.41 1971
37 P 32.65 35.49 2576
38 P 32.62 35.49 900
39 P 31.09 35.41 3164
40 P 31.72 35.36 2311
41 P 32.42 35.52 2411
42 P 31.31 35.56 2267
43 P 32.15 35.67 2603
44 P 31.66 35.72 2412
45 P 32.01 35.84 2497
46 P 33.01 35.83 2241
47 P 32.58 35.81 2307
48 P 32.76 35.89 3029
49 P 31.63 35.89 978
50 P 32.89 35.87 2212
51 P 33.12 35.81 2052
52 P 32.56 35.69 2107
53 P 32.28 35.60 2463
54 P 32.16 35.77 5559
55 P 33.31 35.74 845
56 P 32.68 35.57 1987
57 P 32.76 35.47 1978
58 P 32.59 35.45 2652
59 P 33.11 35.45 2272
60 P 33.66 35.36 2119
61 P 33.82 35.44 2342
62 P 32.55 35.39 2478
63 P 32.54 35.45 2430
64 P 32.54 35.48 2487
65 P 32.64 35.45 2196
66 P 32.78 35.33 1941
67 P 33.52 35.39 2256
68 P 33.59 35.44 2443
69 P 33.62 35.38 2260
70 P 33.00 35.32 2426
71 P 32.35 35.25 2366
72 P 33.13 35.47 3233
73 P 33.79 35.51 778
74 P 33.62 35.24 2278
75 P 34.34 35.36 2230
76 P 33.80 35.25 2049
77 P 33.19 35.25 2506
78 P 33.87 35.39 2055
79 P 34.23 35.41 756
80 P 34.27 35.16 1915
81 P 33.95 35.17 1686
82 P 33.49 35.25 2419
83 P 33.80 35.22 1728
84 P 33.44 35.22 1829
85 P 34.33 35.23 2033
86 P 34.05 35.16 1760
87 P 33.93 35.14 1865
88 P 34.97 35.18 2000
89 P 33.09 35.14 1516
90 P 34.81 35.22 1644
91 P 34.62 35.22 1843
92 P 34.34 35.19 1919
93 P 34.19 35.27 2062
94 P 32.99 35.19 1965
95 P 32.89 35.20 2011
96 P 34.35 35.43 3018
97 P 32.92 35.45 616
98 P 33.49 35.28 2053
99 P 33.21 35.33 2358
100 P 34.41 35.22 2239
101 P 33.49 35.23 3140
102 P 33.59 35.33 2795
103 P 33.01 35.33 921
104 P 33.06 35.22 2319
105 P 32.41 35.45 3072
106 P 32.39 35.38 2353
107 P 33.31 35.33 2447
108 P 33.49 35.21 2258
109 P 34.11 35.56 4697
110 P 34.11 35.47 2308
111 P 33.62 35.47 2338
112 P 34.16 35.49 1867
113 P 34.52 35.44 1690
114 P 34.01 35.35 1738
115 P 33.55 35.45 1920
116 P 33.66 35.43 2001
117 P 33.64 35.41 2024
118 P 33.61 35.34 2025
119 P 33.72 35.30 1970
120 P 34.40 35.30 1927
121 P 34.04 35.27 1689
122 P 34.26 35.20 1671
123 P 34.08 35.26 1820
124 P 33.38 35.36 1942
125 P 33.83 35.38 590
126 P 34.09 35.33 1436
127 P 33.98 35.30 1455
128 P 33.70 35.43 1721
129 P 34.37 35.37 1525
130 P 34.34 35.43 1845
131 P 34.18 35.45 687
132 P 34.39 35.32 1714
133 P 34.40 35.39 2230
134 P 34.35 35.38 1805
135 P 34.61 35.36 1754
136 P 33.95 35.38 1702
137 P 33.80 35.44 1469
138 P 34.41 35.52 1522
139 P 34.54 35.52 1493
140 P 32.65 35.53 1363
141 P 34.24 35.52 1464
142 P 33.38 35.71 2063
143 P 33.26 35.77 795
144 P 33.43 35.69 1468
145 P 33.87 35.66 1268
146 P 33.95 35.64 1309
147 P 33.91 35.61 1755
148 P 34.18 35.68 1618
149 P 32.83 35.74 436
150 P 33.83 35.70 1312
151 P 33.56 35.65 1261
152 P 33.48 35.68 1857
153 P 34.09 35.64 1622
154 P 33.37 35.72 1902
155 P 33.70 35.71 724
156 P 33.97 35.63 1678
157 P 33.45 35.73 2534
158 P 33.72 35.72 1806
159 P 33.44 35.68 1855
160 P 32.96 35.64 1909
161 P 32.89 35.63 1947
162 P 33.31 35.70 1698
163 P 33.62 35.77 4730
164 P 32.80 35.71 2162
165 P 33.08 35.62 1922
166 P 32.97 35.82 2974
167 P 32.94 35.83 612
168 P 33.36 35.71 2210
169 P 32.74 35.71 2128
170 P 33.07 35.69 2319
171 P 33.27 35.72 2967
172 P 33.19 35.82 2582
173 P 32.85 35.79 1031
174 P 33.38 35.69 2461
175 P 33.51 35.61 2180
176 P 33.12 35.75 3163
177 P 33.04 35.70 2395
178 P 32.90 35.82 2532
179 P 32.84 35.81 693
180 P 32.93 35.70 1914
181 P 33.20 35.74 2489
182 P 32.41 35.69 1830
183 P 32.90 35.69 1939
184 P 33.40 35.72 1838
185 P 32.90 35.72 2173
186 P 33.53 35.72 2234
187 P 32.89 35.76 2173
188 P 32.96 35.75 2085
189 P 32.48 35.68 1807
190 P 32.58 35.77 2887
191 P 32.75 35.81 789
192 P 32.53 35.72 1920
193 P 32.80 35.73 2077
194 P 32.78 35.70 1960
195 P 32.50 35.77 2626
196 P 32.53 35.82 2310
197 P 32.62 35.85 915
198 P 32.81 35.73 1944
199 P 32.73 35.69 2005
200 P 32.82 35.77 2658
201 P 32.90 35.74 2299
202 P 33.23 35.77 2337
203 P 32.69 35.76 1100
204 P 33.17 35.69 2697
205 P 33.04 35.68 2290
206 P 33.35 35.71 1968
207 P 33.04 35.71 1938
208 P 33.18 35.74 1893
209 P 32.85 35.63 1593
210 P 33.78 36.15 3661
211 P 32.07 36.06 1622
212 P 33.71 36.09 1832
213 P 33.01 36.06 1864
214 P 32.58 36.26 3068
215 P 32.93 36.27 545
216 P 32.53 36.17 2089
217 P 32.15 36.13 2046
218 P 32.59 36.12 1848
219 P 32.19 36.12 2416
220 P 31.46 36.20 1927
221 P 33.31 36.22 425
222 P 33.24 36.10 1735
223 P 32.76 36.12 1954
224 P 32.58 36.18 2836
225 P 33.29 36.13 2329
226 P 32.95 36.23 2440
227 P 33.23 36.17 673
228 P 32.81 36.11 2963
229 P 32.48 36.12 2156
230 P 32.65 36.15 1886
231 P 32.80 36.11 1871
232 P 32.66 36.09 1897
233 P 32.53 36.14 1675
234 P 32.41 36.15 1580
235 P 32.39 36.16 1699
236 P 32.15 36.12 1726
237 P 32.75 36.01 1826
238 P 31.82 36.12 2881
239 P 32.92 36.14 744
240 P 32.78 36.03 2102
241 P 32.74 35.98 2203
242 P 32.74 35.91 2016
243 P 32.16 36.03 2680
244 P 31.79 36.08 1956
245 P 33.47 36.09 589
246 P 31.74 36.02 1833
247 P 32.23 36.02 2298
248 P 32.69 36.05 1753
249 P 32.04 35.99 1788
250 P 32.41 36.02 1839
251 P 32.79 36.03 649
252 P 32.51 35.93 2164
253 P 32.84 35.94 1895
254 P 32.49 35.90 1832
255 P 34.26 35.61 1408
