% Nframe | type | QP | PSNR | size (Bytes) 
0 I 21.86 42.22 19306
1 P 22.77 42.12 260
2 P 23.63 41.76 1679
3 P 23.52 41.66 1683
4 P 24.31 41.59 1717
5 P 23.38 41.55 2331
6 P 23.71 41.70 2127
7 P 24.17 41.68 552
8 P 23.95 41.57 2298
9 P 24.25 41.52 2383
10 P 24.53 41.45 2959
11 P 24.49 41.49 2804
12 P 28.80 40.23 1566
13 P 26.58 41.08 2884
14 P 22.88 41.54 1705
15 P 20.21 42.33 6314
16 P 19.15 43.13 6386
17 P 18.17 43.87 7115
18 P 17.26 44.47 7632
19 P 16.26 45.16 9406
20 P 15.36 45.60 9199
21 P 14.93 45.92 9316
22 P 15.37 46.17 9619
23 P 15.17 46.28 9583
24 P 13.64 47.09 13636
25 P 14.46 47.14 5025
26 P 13.51 47.18 9630
27 P 14.31 47.11 8717
28 P 13.92 46.99 8245
29 P 14.45 47.08 9653
30 P 14.63 47.17 8124
31 P 14.61 47.07 4139
32 P 14.83 46.86 8014
33 P 15.49 46.65 7808
34 P 15.32 46.66 10200
35 P 15.74 46.50 8719
36 P 15.51 46.27 9008
37 P 15.52 46.42 10022
38 P 15.12 46.37 5019
39 P 15.54 46.14 11218
40 P 15.45 46.20 9738
41 P 15.57 46.26 9086
42 P 15.38 46.31 8986
43 P 14.92 46.39 9227
44 P 16.26 46.35 9304
45 P 15.99 46.40 9651
46 P 15.64 46.38 9367
47 P 15.60 46.39 9076
48 P 15.56 46.43 10514
49 P 15.82 46.36 4789
50 P 16.30 46.30 8829
51 P 16.19 46.30 8687
52 P 16.13 46.14 8474
53 P 16.32 45.87 9356
54 P 15.71 46.26 14559
55 P 15.56 46.22 4723
56 P 15.70 45.92 8672
57 P 15.62 45.76 8240
58 P 15.39 45.79 9808
59 P 15.43 45.75 9321
60 P 15.33 45.63 9004
61 P 15.52 45.67 9321
62 P 15.43 45.66 9879
63 P 15.01 45.61 9150
64 P 15.35 45.63 8781
65 P 15.56 45.70 8375
66 P 15.38 45.65 7995
67 P 15.61 45.64 8486
68 P 15.32 45.57 8546
69 P 15.90 45.53 8311
70 P 15.37 45.47 8597
71 P 17.55 45.36 8649
72 P 15.61 45.74 10206
73 P 16.95 45.71 4161
74 P 16.91 45.42 8055
75 P 17.75 45.56 7993
76 P 16.48 45.47 7677
77 P 16.33 45.44 8385
78 P 16.20 45.71 7627
79 P 17.56 45.69 3413
80 P 17.09 45.46 7393
81 P 17.74 45.44 6758
82 P 16.51 45.50 8237
83 P 17.16 45.46 6934
84 P 16.57 45.47 7091
85 P 16.67 45.41 7406
86 P 17.60 45.44 7167
87 P 17.52 45.38 7083
88 P 18.02 45.43 7484
89 P 17.81 45.45 6703
90 P 17.72 45.42 6647
91 P 17.88 45.40 7627
92 P 17.70 45.36 7849
93 P 17.75 45.30 7972
94 P 17.12 45.34 7949
95 P 18.02 45.28 7452
96 P 17.11 45.66 9943
97 P 17.83 45.65 3820
98 P 16.81 45.46 8435
99 P 18.41 45.47 9018
100 P 17.63 45.31 8804
101 P 18.04 45.47 10230
102 P 16.35 45.56 9882
103 P 17.12 45.52 4512
104 P 17.68 45.28 8413
105 P 16.61 45.47 9913
106 P 16.52 45.49 8637
107 P 16.93 45.49 8565
108 P 17.38 45.21 8064
109 P 17.76 45.74 13063
110 P 17.42 45.55 8264
111 P 17.55 45.56 8368
112 P 17.55 45.53 7405
113 P 17.85 45.40 7354
114 P 18.05 45.39 7764
115 P 18.40 45.55 7576
116 P 18.19 45.46 7907
117 P 17.52 45.35 7988
118 P 18.24 45.36 8490
119 P 18.70 45.40 8106
120 P 17.76 45.36 7616
121 P 17.42 45.32 7314
122 P 17.93 45.35 7051
123 P 18.54 45.42 7699
124 P 17.93 45.51 7406
125 P 17.93 45.55 3550
126 P 18.41 45.45 6493
127 P 18.52 45.41 6559
128 P 17.59 45.45 7129
129 P 17.60 45.44 6454
130 P 17.37 45.56 7258
131 P 17.98 45.55 3546
132 P 17.64 45.38 7327
133 P 17.52 45.41 8797
134 P 17.85 45.45 7508
135 P 17.62 45.42 7284
136 P 17.74 45.42 7057
137 P 17.26 45.53 6527
138 P 17.38 45.59 6362
139 P 17.55 45.56 6631
140 P 17.77 45.52 6205
141 P 17.50 45.52 6682
142 P 17.33 45.72 8260
143 P 17.55 45.67 4570
144 P 17.61 45.64 7009
145 P 17.21 45.63 6097
146 P 17.19 45.54 5849
147 P 17.33 45.55 6861
148 P 17.29 45.67 6336
149 P 16.99 45.73 3063
150 P 17.42 45.59 6153
151 P 17.27 45.56 6369
152 P 17.38 45.58 7517
153 P 17.60 45.50 7081
154 P 17.46 45.61 7216
155 P 17.55 45.64 3702
156 P 17.56 45.46 6468
157 P 17.16 45.59 9131
158 P 17.70 45.56 7382
159 P 17.88 45.56 7231
160 P 17.70 45.56 7450
161 P 17.03 45.65 7614
162 P 17.46 45.48 6121
163 P 16.70 45.66 12506
164 P 16.45 45.49 8058
165 P 16.97 45.48 7117
166 P 16.39 45.74 9402
167 P 16.44 45.75 3378
168 P 16.57 45.58 8052
169 P 17.09 45.51 7948
170 P 17.27 45.38 7952
171 P 17.33 45.47 9681
172 P 17.04 45.60 8899
173 P 16.62 45.49 5413
174 P 17.18 45.43 8612
175 P 16.90 45.40 8684
176 P 16.77 45.44 10265
177 P 16.83 45.54 9049
178 P 16.60 45.71 9453
179 P 17.01 45.72 3754
180 P 16.89 45.52 7601
181 P 16.71 45.54 8488
182 P 16.80 45.49 7249
183 P 16.86 45.53 7603
184 P 17.67 45.48 7345
185 P 17.52 45.53 8228
186 P 17.77 45.50 8431
187 P 17.56 45.45 8317
188 P 17.52 45.49 8631
189 P 17.58 45.38 7470
190 P 17.22 45.54 9520
191 P 16.61 45.62 3660
192 P 17.05 45.43 7466
193 P 16.97 45.44 7790
194 P 17.55 45.40 7663
195 P 17.30 45.52 9185
196 P 17.11 45.68 8810
197 P 16.88 45.65 4340
198 P 17.25 45.49 7851
199 P 17.33 45.43 7465
200 P 17.55 45.59 9208
201 P 17.16 45.53 8370
202 P 17.24 45.59 8883
203 P 16.73 45.56 6191
204 P 16.95 45.56 9832
205 P 17.29 45.47 9211
206 P 17.52 45.51 7516
207 P 17.42 45.52 7394
208 P 17.90 45.60 7202
209 P 17.55 45.37 6473
210 P 17.71 46.04 10009
211 P 17.30 45.93 6230
212 P 17.15 45.89 6599
213 P 17.05 45.85 7031
214 P 16.88 46.17 9366
215 P 16.96 46.11 2893
216 P 17.38 45.91 7194
217 P 16.78 45.90 7306
218 P 17.16 45.82 6549
219 P 17.63 45.86 7861
220 P 17.14 45.96 6996
221 P 17.15 45.98 2834
222 P 17.26 45.81 7059
223 P 17.04 45.75 7537
224 P 17.10 45.78 9073
225 P 17.69 45.75 8713
226 P 16.68 45.86 9091
227 P 16.90 45.84 3785
228 P 16.75 45.80 10059
229 P 16.89 45.86 8192
230 P 16.80 45.84 7162
231 P 16.95 45.84 7010
232 P 16.85 45.80 6814
233 P 16.47 45.94 6968
234 P 16.81 45.96 6447
235 P 16.93 45.90 6513
236 P 17.27 45.90 6944
237 P 17.30 45.75 7012
238 P 17.75 45.83 9048
239 P 17.07 45.88 3900
240 P 17.30 45.75 7917
241 P 17.62 45.73 7457
242 P 17.19 45.68 6877
243 P 17.29 45.76 8635
244 P 16.88 45.94 7404
245 P 17.24 45.88 2773
246 P 17.02 45.84 6785
247 P 16.73 45.85 7779
248 P 17.16 45.78 6563
249 P 17.23 45.79 6741
250 P 16.70 45.83 7177
251 P 16.58 45.81 3263
252 P 16.91 45.68 7732
253 P 17.03 45.69 7458
254 P 17.25 45.67 6717
255 P 18.13 45.13 4991
