% Nframe | type | QP | PSNR | size (Bytes) 
0 I 37.21 34.34 7480
1 P 42.82 34.21 27
2 P 40.65 33.95 111
3 P 40.95 33.75 208
4 P 40.88 33.57 378
5 P 40.51 33.62 630
6 P 40.32 33.92 814
7 P 39.85 34.08 778
8 P 40.03 34.12 1063
9 P 39.93 34.27 1356
10 P 39.67 34.48 1495
11 P 39.94 34.54 1522
12 P 43.73 32.63 876
13 P 44.42 32.09 1170
14 P 41.19 33.66 2039
15 P 39.32 34.64 2450
16 P 37.13 35.16 3353
17 P 35.48 34.89 3847
18 P 36.01 35.01 4417
19 P 34.50 36.65 4355
20 P 35.14 37.57 4066
21 P 35.04 38.34 4076
22 P 34.16 38.52 3783
23 P 33.98 38.91 3859
24 P 34.03 39.49 3985
25 P 34.07 39.66 4058
26 P 34.57 38.98 3917
27 P 35.33 37.97 3728
28 P 36.29 36.73 3420
29 P 37.82 34.85 2887
30 P 38.86 34.66 1741
31 P 38.81 35.16 2083
32 P 38.24 35.21 2215
33 P 37.34 35.35 2346
34 P 37.79 35.46 1970
35 P 38.44 35.43 1615
36 P 38.33 35.33 1450
37 P 38.62 35.31 1402
38 P 39.23 35.01 1379
39 P 39.82 34.52 1312
40 P 40.70 34.01 1221
41 P 40.87 33.51 1087
42 P 40.91 33.28 966
43 P 40.89 33.09 964
44 P 41.06 33.18 1029
45 P 41.11 33.50 1204
46 P 40.88 33.54 1144
47 P 40.52 33.67 1281
48 P 40.37 33.86 1177
49 P 39.74 33.54 1078
50 P 40.39 33.50 1470
51 P 40.08 33.41 1304
52 P 40.51 33.26 1424
53 P 40.24 33.24 1469
54 P 39.32 33.64 1544
55 P 38.88 33.82 1163
56 P 38.92 33.84 1031
57 P 39.50 33.88 969
58 P 39.02 33.76 1115
59 P 38.89 33.87 975
60 P 38.72 33.88 895
61 P 38.67 34.01 1197
62 P 38.56 34.06 1123
63 P 38.41 33.92 1090
64 P 38.84 33.83 1188
65 P 38.55 33.66 1081
66 P 38.78 33.59 912
67 P 38.75 33.73 823
68 P 38.38 33.92 854
69 P 38.95 33.87 1018
70 P 38.26 34.14 1162
71 P 38.29 34.24 1507
72 P 38.52 34.13 1350
73 P 37.89 34.03 1512
74 P 38.28 33.96 1270
75 P 37.66 34.13 1298
76 P 37.75 34.23 1328
77 P 37.28 34.39 1326
78 P 36.99 34.56 1168
79 P 37.22 34.51 1124
80 P 37.28 34.40 1251
81 P 36.86 34.43 1007
82 P 37.09 34.49 666
83 P 36.79 34.68 701
84 P 36.99 34.83 836
85 P 37.09 34.90 840
86 P 37.06 34.99 939
87 P 37.03 35.18 1108
88 P 36.95 35.24 1175
89 P 36.67 35.22 1169
90 P 36.57 35.09 1212
91 P 36.60 34.92 1365
92 P 36.57 34.81 1355
93 P 36.70 34.73 1322
94 P 36.51 34.76 1407
95 P 35.97 34.81 1286
96 P 36.00 34.95 1198
97 P 35.89 35.07 1133
98 P 34.87 35.27 1177
99 P 35.53 35.42 1032
100 P 35.23 35.44 1135
101 P 35.19 35.45 1015
102 P 35.46 35.44 1117
103 P 35.34 35.44 949
104 P 35.10 35.37 913
105 P 35.17 35.27 890
106 P 35.39 35.20 1018
107 P 35.49 35.19 787
108 P 35.42 35.36 749
109 P 35.24 35.35 715
110 P 34.98 35.32 777
111 P 34.70 35.44 779
112 P 34.88 35.49 788
113 P 34.02 35.56 898
114 P 34.06 35.52 948
115 P 34.09 35.53 777
116 P 33.36 35.66 768
117 P 33.68 35.73 780
118 P 32.88 35.81 783
119 P 33.16 35.91 906
120 P 33.70 35.95 819
121 P 33.19 36.09 1043
122 P 32.95 36.14 997
123 P 33.47 36.09 1153
124 P 32.88 36.06 1166
125 P 33.29 36.15 1344
126 P 33.00 36.17 1099
127 P 32.90 36.24 1115
128 P 32.63 36.26 1141
129 P 32.37 36.32 1257
130 P 32.62 36.40 1218
131 P 32.12 36.45 1238
132 P 32.36 36.45 1155
133 P 32.19 36.49 921
134 P 31.86 36.55 1011
135 P 32.15 36.63 1065
136 P 32.32 36.72 1066
137 P 32.01 36.71 1018
138 P 31.84 36.71 1033
139 P 31.74 36.73 1067
140 P 31.98 36.81 782
141 P 31.58 36.88 665
142 P 31.42 36.92 856
143 P 31.70 36.92 824
144 P 32.01 37.00 1004
145 P 31.12 37.06 965
146 P 31.04 37.07 815
147 P 30.63 37.14 974
148 P 30.88 37.16 709
149 P 31.13 37.18 904
150 P 30.75 37.21 1092
151 P 30.73 37.34 1221
152 P 30.40 37.36 1145
153 P 31.00 37.37 1388
154 P 30.16 37.41 1388
155 P 30.46 37.42 1327
156 P 30.43 37.48 1058
157 P 30.71 37.55 1131
158 P 30.52 37.59 1171
159 P 30.01 37.67 976
160 P 30.29 37.76 1091
161 P 29.52 37.77 1290
162 P 30.04 37.84 852
163 P 29.48 37.87 947
164 P 28.89 37.88 1009
165 P 29.32 37.90 922
166 P 29.74 37.91 981
167 P 30.05 37.93 1055
168 P 29.92 37.99 1123
169 P 29.70 38.02 1112
170 P 29.84 38.08 786
171 P 29.04 38.14 957
172 P 28.89 38.16 905
173 P 28.89 38.21 991
174 P 29.12 38.27 1039
175 P 28.73 38.29 1161
176 P 28.49 38.30 1476
177 P 28.34 38.34 1517
178 P 28.42 38.40 1093
179 P 28.69 38.45 855
180 P 28.52 38.47 1113
181 P 28.62 38.50 1242
182 P 28.59 38.52 1140
183 P 28.16 38.58 1376
184 P 28.31 38.64 1159
185 P 28.26 38.72 978
186 P 28.03 38.79 992
187 P 28.06 38.86 1269
188 P 28.21 38.92 1004
189 P 28.37 38.88 1108
190 P 27.97 38.93 1502
191 P 27.63 38.96 2123
192 P 27.94 38.93 1864
193 P 27.15 38.95 2138
194 P 27.59 39.01 2163
195 P 27.51 39.06 1889
196 P 27.26 39.08 1755
197 P 27.23 39.13 1247
198 P 27.08 39.15 1392
199 P 27.35 39.21 1472
200 P 27.50 39.22 1804
201 P 27.19 39.30 1690
202 P 27.49 39.35 1553
203 P 27.45 39.41 2015
204 P 27.50 39.41 1738
205 P 27.82 39.46 1574
206 P 27.39 39.44 1754
207 P 27.92 39.48 1784
208 P 27.78 39.43 1923
209 P 27.44 39.43 2137
210 P 27.46 39.45 1924
211 P 27.25 39.49 1955
212 P 26.95 39.49 1720
213 P 27.65 39.52 1967
214 P 27.20 39.57 2438
215 P 27.33 39.56 2164
216 P 27.26 39.62 1766
217 P 27.22 39.63 1939
218 P 27.17 39.68 1530
219 P 27.72 39.70 1309
220 P 27.34 39.73 1695
221 P 27.13 39.72 1713
222 P 27.49 39.73 1710
223 P 27.25 39.74 1758
224 P 27.45 39.74 1495
225 P 27.34 39.74 1813
226 P 27.52 39.74 1762
227 P 27.24 39.77 1679
228 P 27.28 39.73 1731
229 P 27.42 39.70 1725
230 P 27.47 39.68 1908
231 P 27.63 39.70 1808
232 P 27.18 39.75 1905
233 P 27.43 39.77 1761
234 P 27.16 39.78 1509
235 P 27.27 39.84 1336
236 P 26.84 39.88 1134
237 P 26.63 39.89 1709
238 P 26.94 39.82 1843
239 P 27.07 39.86 2204
240 P 27.02 39.85 1999
241 P 27.30 39.88 1541
242 P 26.81 39.90 1510
243 P 27.32 39.93 1381
244 P 27.22 39.99 1013
245 P 26.96 40.01 1145
246 P 26.86 40.02 1149
247 P 26.81 40.04 945
248 P 26.64 40.06 1329
249 P 26.95 40.06 1157
250 P 26.60 40.08 830
251 P 27.01 40.10 880
252 P 26.92 40.12 790
253 P 27.08 40.11 1072
254 P 26.63 40.10 986
255 P 27.01 40.10 981
256 P 26.45 40.13 1316
257 P 26.72 40.17 1125
258 P 26.68 40.14 1404
259 P 26.80 40.18 1391
260 P 26.33 40.17 1431
261 P 26.39 40.18 1397
262 P 26.45 40.18 1503
263 P 26.29 40.29 1519
264 P 26.45 40.33 1494
265 P 25.96 40.39 1207
266 P 26.29 40.40 1419
267 P 26.11 40.36 1760
268 P 25.76 40.43 1569
269 P 25.66 40.44 1964
270 P 25.88 40.45 2249
271 P 25.78 40.46 2209
272 P 25.72 40.47 2462
273 P 25.79 40.50 2473
274 P 25.26 40.50 2702
275 P 25.84 40.56 2407
276 P 25.49 40.53 2562
277 P 25.74 40.59 2601
278 P 25.48 40.63 2877
279 P 25.45 40.68 3163
280 P 25.52 40.71 3808
281 P 25.24 40.70 3908
282 P 24.99 40.77 4778
283 P 25.18 40.78 4595
284 P 24.90 40.76 5120
285 P 25.08 40.69 4946
286 P 24.90 40.77 5146
287 P 25.18 40.83 4836
288 P 25.32 40.96 5744
289 P 25.12 40.96 6446
290 P 25.40 40.95 6357
291 P 25.44 40.91 5668
292 P 25.03 40.84 5671
293 P 25.33 40.84 5630
294 P 25.31 40.79 5769
295 P 25.62 40.67 5402
296 P 26.14 40.58 5377
297 P 26.16 40.46 5664
298 P 25.95 40.33 5536
299 P 26.50 40.17 5481
300 P 26.42 40.06 5091
301 P 26.73 39.94 4772
302 P 27.55 39.69 4207
303 P 27.46 39.66 4293
304 P 27.92 39.58 4339
305 P 28.09 39.48 4348
306 P 28.25 39.30 4036
307 P 28.35 39.33 3692
308 P 28.24 39.50 3568
309 P 28.48 39.57 2782
310 P 28.62 39.51 2338
311 P 29.04 39.48 2445
312 P 29.16 39.47 2846
313 P 29.03 39.33 2612
314 P 29.32 39.36 3132
315 P 29.63 39.24 3122
316 P 29.60 39.16 3165
317 P 29.81 38.93 2725
318 P 29.90 38.85 2297
319 P 29.99 38.80 2288
320 P 29.95 38.78 2195
321 P 30.06 38.71 2087
322 P 30.16 38.67 2029
323 P 29.89 38.66 1866
324 P 30.15 38.65 2143
325 P 29.92 38.67 1838
326 P 30.31 38.63 1889
327 P 30.02 38.59 1779
328 P 30.12 38.56 1889
329 P 30.17 38.51 1666
330 P 30.35 38.51 1412
331 P 30.05 38.52 1374
332 P 30.10 38.62 1541
333 P 30.12 38.64 1735
334 P 30.38 38.63 1549
335 P 30.17 38.74 1847
336 P 30.18 38.72 1789
337 P 30.20 38.73 1810
338 P 29.72 38.70 1807
339 P 30.03 38.69 1715
340 P 29.72 38.67 1790
341 P 30.12 38.68 1706
342 P 30.01 38.64 1807
343 P 30.11 38.55 1781
344 P 30.15 38.59 1982
345 P 30.28 38.64 1855
346 P 30.25 38.67 1871
347 P 30.19 38.61 1964
348 P 30.00 38.67 2052
349 P 30.30 38.63 1995
350 P 30.17 38.64 1979
351 P 30.09 38.62 1358
352 P 30.25 38.67 1150
353 P 30.30 38.73 1331
354 P 32.38 38.31 644
