% Nframe | type | QP | PSNR | size (Bytes) 
0 I 19.71 43.24 9505
1 P 20.49 42.76 469
2 P 20.17 42.59 809
3 P 21.62 42.46 1098
4 P 21.02 42.34 1414
5 P 21.75 42.31 1798
6 P 21.05 42.45 1947
7 P 20.72 42.45 2255
8 P 20.40 42.43 2605
9 P 21.06 42.60 2858
10 P 20.05 42.74 3038
11 P 19.75 42.97 3261
12 P 22.47 41.91 2276
13 P 18.92 43.71 4469
14 P 16.29 45.14 5891
15 P 15.17 45.95 6924
16 P 14.13 46.29 9264
17 P 13.77 46.25 12011
18 P 13.21 46.42 13840
19 P 12.89 46.89 13925
20 P 12.58 47.40 13785
21 P 12.40 47.83 12875
22 P 12.15 48.26 12139
23 P 12.02 48.49 11194
24 P 11.91 48.71 11622
25 P 11.92 48.80 11816
26 P 12.10 48.46 11309
27 P 12.40 48.06 11717
28 P 12.87 47.38 11199
29 P 13.56 46.56 11612
30 P 14.36 46.14 9401
31 P 14.94 45.93 8507
32 P 15.13 45.91 7935
33 P 15.47 45.87 6860
34 P 15.46 46.00 6283
35 P 15.68 46.08 5009
36 P 15.65 46.17 4332
37 P 15.83 46.19 4311
38 P 16.15 46.04 4502
39 P 16.13 45.62 4652
40 P 16.47 45.19 4388
41 P 16.40 44.73 4261
42 P 17.17 44.50 4351
43 P 16.89 44.27 4223
44 P 17.24 44.39 3652
45 P 17.32 44.48 3702
46 P 17.28 44.50 3668
47 P 17.07 44.63 3531
48 P 17.03 44.65 3496
49 P 16.79 44.78 3765
50 P 16.79 44.74 4348
51 P 17.18 44.50 4777
52 P 16.72 44.60 5233
53 P 16.44 44.74 5301
54 P 16.24 44.84 4623
55 P 16.23 44.83 3660
56 P 15.94 45.03 3648
57 P 15.80 45.05 3611
58 P 15.87 45.08 3669
59 P 16.05 45.26 3610
60 P 15.68 45.28 3944
61 P 15.45 45.41 4374
62 P 15.50 45.48 4155
63 P 15.57 45.47 4451
64 P 15.49 45.47 4478
65 P 15.59 45.39 4165
66 P 15.51 45.37 3634
67 P 15.31 45.49 3600
68 P 15.20 45.60 4495
69 P 15.00 45.47 4990
70 P 15.10 45.48 5791
71 P 15.05 45.44 6547
72 P 14.92 45.45 6463
73 P 14.97 45.62 6397
74 P 14.83 45.66 6196
75 P 14.89 45.78 5234
76 P 14.71 45.96 5065
77 P 14.50 46.01 4226
78 P 14.37 46.09 4512
79 P 14.50 46.11 5002
80 P 14.69 46.09 5189
81 P 14.37 46.13 4276
82 P 14.44 46.18 3881
83 P 14.84 46.14 3942
84 P 14.77 46.12 4393
85 P 14.77 46.08 4821
86 P 14.69 45.93 4822
87 P 14.65 46.04 5598
88 P 14.61 46.04 5565
89 P 14.48 46.08 5854
90 P 14.27 46.16 5989
91 P 14.68 46.17 5925
92 P 14.33 46.12 5731
93 P 14.04 46.22 5868
94 P 14.45 46.36 5710
95 P 13.91 46.37 5401
96 P 14.09 46.41 5012
97 P 13.89 46.48 5101
98 P 14.38 46.56 4657
99 P 13.88 46.69 4568
100 P 13.88 46.60 4344
101 P 14.11 46.65 4379
102 P 13.82 46.64 4347
103 P 13.69 46.70 4858
104 P 13.76 46.62 4909
105 P 13.87 46.61 4822
106 P 13.73 46.70 4623
107 P 13.92 46.78 3873
108 P 13.68 46.76 3301
109 P 13.74 46.77 3893
110 P 13.63 46.74 3834
111 P 13.68 46.67 3793
112 P 13.56 46.86 4283
113 P 13.53 46.85 4518
114 P 13.45 46.92 4547
115 P 13.57 46.92 3691
116 P 13.32 47.00 3254
117 P 13.14 46.96 3744
118 P 13.38 46.97 3896
119 P 13.00 47.03 4750
120 P 13.10 46.98 4591
121 P 13.09 46.99 5026
122 P 13.03 47.03 5452
123 P 12.98 46.99 5693
124 P 12.80 47.03 5557
125 P 12.79 47.16 5520
126 P 12.67 47.18 5097
127 P 12.80 47.22 4987
128 P 12.57 47.27 5131
129 P 12.43 47.35 4937
130 P 12.43 47.40 4665
131 P 12.33 47.47 4934
132 P 12.40 47.50 4796
133 P 12.25 47.54 4440
134 P 12.39 47.54 4622
135 P 12.40 47.46 5006
136 P 12.28 47.49 5307
137 P 12.34 47.57 5455
138 P 12.39 47.52 5267
139 P 12.04 47.63 4729
140 P 12.04 47.68 3312
141 P 12.18 47.71 3155
142 P 12.07 47.69 4603
143 P 12.08 47.77 5031
144 P 12.05 47.77 4833
145 P 12.06 47.84 4177
146 P 11.86 47.92 4165
147 P 11.80 47.93 3868
148 P 11.74 47.97 4048
149 P 11.97 47.89 4740
150 P 12.00 47.83 5029
151 P 11.82 47.81 5645
152 P 11.89 47.76 5721
153 P 11.67 47.85 6462
154 P 11.65 47.96 6328
155 P 11.66 47.96 5287
156 P 11.71 48.05 4606
157 P 11.48 48.18 5262
158 P 11.56 48.17 5220
159 P 11.29 48.15 4545
160 P 11.44 48.26 4527
161 P 11.39 48.23 4935
162 P 11.36 48.24 3846
163 P 11.39 48.41 3802
164 P 11.42 48.39 4264
165 P 11.09 48.38 4031
166 P 11.13 48.34 4516
167 P 11.26 48.33 4933
168 P 11.31 48.36 5081
169 P 11.35 48.32 4647
170 P 11.19 48.36 4165
171 P 11.15 48.42 4203
172 P 11.33 48.48 4945
173 P 11.33 48.53 5335
174 P 11.28 48.43 5461
175 P 11.29 48.48 5917
176 P 11.14 48.44 6257
177 P 11.14 48.50 5470
178 P 11.05 48.52 4321
179 P 10.93 48.64 4500
180 P 10.98 48.64 4746
181 P 10.86 48.65 5481
182 P 10.76 48.62 5021
183 P 10.79 48.66 5116
184 P 10.59 48.71 4448
185 P 10.55 48.78 3808
186 P 10.52 48.89 3979
187 P 10.28 48.92 4266
188 P 10.39 48.95 3592
189 P 10.62 48.81 5140
190 P 10.76 48.68 6124
191 P 10.75 48.65 7049
192 P 10.79 48.67 7025
193 P 10.80 48.72 6206
194 P 10.81 48.69 5953
195 P 10.54 48.80 5418
196 P 10.53 48.80 4700
197 P 10.44 48.95 5321
198 P 10.41 48.93 5686
199 P 10.59 48.89 5632
200 P 10.61 48.89 6503
201 P 10.69 48.84 5935
202 P 10.58 48.86 7001
203 P 10.71 48.85 7193
204 P 10.65 48.78 7337
205 P 10.78 48.75 7483
206 P 10.62 48.79 8111
207 P 10.64 48.77 8121
208 P 10.49 48.84 8581
209 P 10.59 48.93 8327
210 P 10.56 48.96 7422
211 P 10.54 48.96 7275
212 P 10.58 48.88 7459
213 P 10.44 48.85 8146
214 P 10.43 48.88 8152
215 P 10.41 48.88 7652
216 P 10.51 48.91 7430
217 P 10.55 48.94 6586
218 P 10.24 48.89 4725
219 P 10.47 48.99 4845
220 P 10.52 48.99 6282
221 P 10.66 48.93 6455
222 P 10.67 48.79 6739
223 P 10.71 48.82 7184
224 P 10.80 48.83 7214
225 P 10.75 48.81 7829
226 P 10.79 48.65 7625
227 P 10.80 48.70 7433
228 P 10.82 48.69 7139
229 P 10.79 48.69 7085
230 P 10.76 48.67 6349
231 P 10.85 48.66 6528
232 P 10.76 48.75 6875
233 P 10.90 48.72 5998
234 P 10.82 48.72 5418
235 P 10.76 48.82 4918
236 P 10.67 48.86 4380
237 P 10.48 48.85 5133
238 P 10.49 48.82 5166
239 P 10.79 48.67 5904
240 P 10.77 48.67 5287
241 P 10.78 48.71 4429
242 P 10.77 48.76 4805
243 P 10.63 48.73 4436
244 P 10.65 48.82 3708
245 P 10.58 48.84 4053
246 P 10.70 48.90 4187
247 P 10.64 48.96 3906
248 P 10.73 48.98 4003
249 P 10.49 48.95 3882
250 P 10.60 48.98 3580
251 P 10.25 49.00 3662
252 P 10.31 49.03 3977
253 P 10.42 49.03 4246
254 P 10.26 49.05 4081
255 P 10.62 49.04 3955
256 P 10.65 49.00 4504
257 P 10.87 49.01 3838
258 P 10.65 49.03 4983
259 P 10.44 48.98 4656
260 P 10.50 48.98 4934
261 P 10.52 48.95 4784
262 P 10.48 48.95 4872
263 P 10.44 49.02 5020
264 P 10.44 49.05 4927
265 P 10.35 49.16 4217
266 P 10.41 49.17 4874
267 P 10.23 49.12 5182
268 P 10.23 49.15 5507
269 P 10.31 49.16 6275
270 P 10.31 49.09 6496
271 P 10.41 49.09 5935
272 P 10.36 49.14 6077
273 P 10.08 49.08 6378
274 P 10.34 49.12 6668
275 P 10.18 49.04 6824
276 P 10.22 49.10 7114
277 P 10.27 49.12 6874
278 P 10.23 49.06 7682
279 P 10.30 49.08 8527
280 P 10.21 49.04 8996
281 P 10.29 49.07 9244
282 P 10.28 49.05 9847
283 P 10.21 49.07 9967
284 P 10.25 49.02 10306
285 P 10.22 49.02 10742
286 P 10.20 49.01 10467
287 P 10.31 49.00 10328
288 P 10.29 49.00 10772
289 P 10.47 48.95 11033
290 P 10.41 48.92 11065
291 P 10.42 48.90 10721
292 P 10.57 48.92 10517
293 P 10.59 48.88 10659
294 P 10.56 48.78 10633
295 P 10.76 48.70 10483
296 P 10.68 48.72 10496
297 P 10.82 48.58 10183
298 P 10.87 48.50 10380
299 P 10.98 48.51 10057
300 P 10.96 48.46 10085
301 P 11.02 48.42 9531
302 P 11.07 48.35 9564
303 P 11.17 48.31 9438
304 P 11.13 48.32 9587
305 P 11.27 48.22 9236
306 P 11.36 48.18 8977
307 P 11.58 48.06 8801
308 P 11.48 48.01 8608
309 P 11.50 48.08 8337
310 P 11.58 48.10 7699
311 P 11.79 48.01 8038
312 P 11.69 48.00 8067
313 P 11.77 47.96 8329
314 P 11.90 47.99 8485
315 P 11.95 47.91 8329
316 P 11.89 47.84 8191
317 P 11.91 47.79 7799
318 P 11.95 47.78 7579
319 P 11.89 47.73 7510
320 P 11.97 47.67 7711
321 P 12.10 47.66 7522
322 P 12.14 47.62 7270
323 P 12.04 47.62 7419
324 P 12.01 47.65 7145
325 P 12.11 47.63 6973
326 P 12.08 47.60 6746
327 P 12.10 47.62 6332
328 P 12.25 47.59 5953
329 P 12.15 47.57 5652
330 P 12.14 47.58 5104
331 P 12.16 47.55 4999
332 P 12.34 47.56 5637
333 P 12.33 47.50 6084
334 P 12.35 47.52 6445
335 P 12.39 47.54 6654
336 P 12.37 47.50 6617
337 P 12.44 47.45 6381
338 P 12.44 47.48 6504
339 P 12.51 47.39 6553
340 P 12.41 47.44 6591
341 P 12.39 47.42 6607
342 P 12.43 47.43 6471
343 P 12.39 47.47 6449
344 P 12.30 47.52 6090
345 P 12.29 47.47 6046
346 P 12.37 47.53 5658
347 P 12.50 47.51 6191
348 P 12.48 47.49 6066
349 P 12.39 47.49 6044
350 P 12.20 47.57 6103
351 P 12.36 47.58 4632
352 P 12.31 47.53 4127
353 P 12.36 47.58 5149
354 P 13.78 46.60 3615
