% Nframe | type | QP | PSNR | size (Bytes) 
0 I 40.95 31.52 3495
1 P 46.00 31.49 18
2 P 46.00 31.38 20
3 P 45.47 31.23 57
4 P 45.30 30.92 128
5 P 44.68 30.85 279
6 P 44.19 30.91 393
7 P 43.93 30.78 468
8 P 44.39 30.62 619
9 P 44.22 30.86 658
10 P 44.70 30.78 683
11 P 44.63 30.85 668
12 P 48.18 29.04 479
13 P 47.75 28.99 616
14 P 44.16 30.23 1009
15 P 42.69 31.14 1335
16 P 41.63 31.74 1558
17 P 40.70 32.06 1830
18 P 39.67 32.09 1893
19 P 39.31 33.52 2038
20 P 39.29 34.14 1832
21 P 38.38 34.61 2054
22 P 38.20 35.00 1843
23 P 38.28 35.33 1823
24 P 37.81 35.57 1814
25 P 37.89 35.75 1957
26 P 38.63 34.92 1709
27 P 39.18 34.28 1869
28 P 39.52 33.28 1580
29 P 40.64 31.99 1216
30 P 41.57 31.98 814
31 P 41.81 32.11 894
32 P 41.89 32.22 1032
33 P 41.74 32.31 1113
34 P 40.95 32.39 975
35 P 41.17 32.34 887
36 P 41.99 32.44 725
37 P 41.69 32.31 666
38 P 42.79 32.14 741
39 P 43.83 31.71 624
40 P 43.44 31.18 670
41 P 43.61 31.01 591
42 P 43.50 30.94 484
43 P 43.73 30.69 421
44 P 43.60 30.80 476
45 P 43.98 31.17 576
46 P 43.68 31.12 700
47 P 43.23 31.17 704
48 P 43.18 31.41 758
49 P 42.76 31.29 664
50 P 42.42 31.26 773
51 P 43.11 31.34 846
52 P 42.95 31.30 858
53 P 42.74 31.34 810
54 P 42.02 31.52 837
55 P 41.99 31.55 645
56 P 41.35 31.58 597
57 P 41.83 31.57 568
58 P 41.40 31.51 610
59 P 42.06 31.74 473
60 P 41.70 31.66 508
61 P 41.04 31.72 686
62 P 41.40 31.58 642
63 P 41.49 31.60 576
64 P 42.04 31.43 578
65 P 41.63 31.43 587
66 P 41.85 31.36 326
67 P 41.93 31.44 310
68 P 41.45 31.62 437
69 P 42.26 31.59 389
70 P 42.01 31.74 520
71 P 41.44 31.83 643
72 P 41.29 31.84 625
73 P 41.50 31.79 592
74 P 40.97 31.75 590
75 P 41.30 31.83 562
76 P 40.92 31.90 547
77 P 40.72 32.01 555
78 P 40.41 32.19 698
79 P 40.20 32.12 602
80 P 40.26 32.23 594
81 P 40.39 32.16 364
82 P 40.01 32.26 271
83 P 40.79 32.41 229
84 P 39.49 32.52 293
85 P 40.41 32.56 386
86 P 39.83 32.66 417
87 P 39.85 32.76 579
88 P 39.72 32.84 600
89 P 39.48 32.75 589
90 P 39.54 32.72 623
91 P 39.03 32.59 583
92 P 38.44 32.54 563
93 P 38.94 32.53 562
94 P 39.22 32.57 568
95 P 38.12 32.69 686
96 P 37.28 32.73 575
97 P 38.17 32.74 590
98 P 38.00 32.89 717
99 P 37.38 32.98 705
100 P 37.82 33.13 548
101 P 38.22 33.20 464
102 P 37.17 33.14 669
103 P 36.71 33.25 639
104 P 37.61 33.16 519
105 P 37.23 33.07 441
106 P 37.15 33.13 537
107 P 36.73 33.15 324
108 P 33.27 33.25 266
109 P 36.29 33.31 372
110 P 36.95 33.29 330
111 P 36.28 33.29 308
112 P 36.19 33.33 402
113 P 36.39 33.43 439
114 P 36.97 33.47 399
115 P 35.99 33.43 250
116 P 35.93 33.56 169
117 P 34.08 33.67 204
118 P 36.56 33.70 282
119 P 36.92 33.74 379
120 P 36.72 33.83 402
121 P 36.17 33.87 471
122 P 36.55 33.98 497
123 P 36.31 33.95 484
124 P 36.51 33.97 506
125 P 35.76 34.11 557
126 P 35.64 34.17 358
127 P 36.04 34.23 366
128 P 35.40 34.29 392
129 P 35.57 34.34 469
130 P 34.69 34.35 486
131 P 34.46 34.43 480
132 P 35.20 34.47 498
133 P 33.59 34.50 333
134 P 34.38 34.59 458
135 P 34.59 34.64 491
136 P 35.12 34.65 500
137 P 34.57 34.68 497
138 P 33.94 34.76 517
139 P 32.98 34.82 525
140 P 33.73 34.89 226
141 P 33.93 34.95 232
142 P 33.17 35.01 363
143 P 32.80 35.04 431
144 P 33.17 35.10 322
145 P 33.52 35.16 280
146 P 33.66 35.23 380
147 P 32.44 35.27 340
148 P 32.23 35.30 237
149 P 32.49 35.32 393
150 P 33.65 35.37 485
151 P 33.41 35.39 486
152 P 33.37 35.43 631
153 P 33.00 35.49 645
154 P 33.07 35.54 608
155 P 32.69 35.64 637
156 P 32.74 35.72 479
157 P 32.30 35.76 472
158 P 31.71 35.81 431
159 P 31.79 35.89 407
160 P 31.19 35.99 515
161 P 31.34 36.01 593
162 P 30.40 36.07 394
163 P 31.23 36.12 534
164 P 29.73 36.16 547
165 P 30.72 36.19 434
166 P 32.03 36.22 383
167 P 30.16 36.23 443
168 P 30.86 36.25 458
169 P 30.74 36.27 497
170 P 29.96 36.39 506
171 P 31.94 36.42 318
172 P 30.72 36.48 385
173 P 31.56 36.51 441
174 P 31.54 36.52 453
175 P 30.67 36.56 511
176 P 31.00 36.59 708
177 P 30.69 36.67 606
178 P 30.23 36.76 591
179 P 30.61 36.79 421
180 P 29.39 36.82 503
181 P 30.50 36.83 556
182 P 30.43 36.90 619
183 P 30.14 36.92 464
184 P 30.11 37.00 539
185 P 29.58 37.07 414
186 P 30.09 37.12 316
187 P 28.92 37.22 583
188 P 28.63 37.20 396
189 P 29.24 37.18 557
190 P 29.66 37.23 739
191 P 29.25 37.30 888
192 P 29.41 37.36 962
193 P 29.95 37.41 882
194 P 29.39 37.45 892
195 P 29.48 37.50 744
196 P 28.92 37.53 622
197 P 29.18 37.57 534
198 P 29.26 37.61 668
199 P 28.77 37.62 593
200 P 30.08 37.64 760
201 P 29.87 37.70 687
202 P 29.95 37.68 672
203 P 29.87 37.76 737
204 P 29.30 37.84 806
205 P 29.56 37.89 740
206 P 28.81 37.95 786
207 P 29.26 37.93 802
208 P 29.72 37.94 800
209 P 28.69 37.89 829
210 P 29.00 37.93 846
211 P 29.34 37.96 815
212 P 29.68 37.99 835
213 P 29.60 38.05 1065
214 P 29.04 38.06 1187
215 P 28.73 38.06 1033
216 P 29.35 38.11 804
217 P 28.51 38.16 872
218 P 28.15 38.21 696
219 P 28.17 38.22 629
220 P 29.59 38.25 744
221 P 28.96 38.23 758
222 P 28.58 38.21 726
223 P 28.85 38.28 769
224 P 28.81 38.31 797
225 P 29.31 38.33 769
226 P 28.98 38.36 782
227 P 29.06 38.35 669
228 P 29.00 38.32 803
229 P 28.83 38.28 847
230 P 28.97 38.27 825
231 P 29.16 38.35 748
232 P 29.07 38.40 996
233 P 28.49 38.42 803
234 P 28.31 38.45 615
235 P 28.50 38.49 635
236 P 27.69 38.53 466
237 P 28.25 38.60 883
238 P 28.51 38.56 838
239 P 28.68 38.54 852
240 P 28.58 38.54 897
241 P 28.26 38.56 655
242 P 27.70 38.60 721
243 P 28.62 38.63 630
244 P 27.07 38.66 384
245 P 28.59 38.67 481
246 P 28.64 38.68 369
247 P 27.66 38.72 322
248 P 28.63 38.74 364
249 P 27.58 38.76 390
250 P 28.47 38.81 362
251 P 27.64 38.84 336
252 P 27.96 38.85 325
253 P 29.30 38.85 354
254 P 27.47 38.84 292
255 P 27.98 38.87 437
256 P 28.07 38.86 451
257 P 27.45 38.89 403
258 P 27.94 38.86 495
259 P 28.83 38.88 573
260 P 27.92 38.90 660
261 P 27.92 38.94 559
262 P 28.49 38.92 519
263 P 27.59 38.94 525
264 P 27.85 38.97 563
265 P 27.50 39.01 443
266 P 28.08 38.98 379
267 P 27.58 38.99 526
268 P 27.79 38.98 537
269 P 27.43 39.00 770
270 P 27.56 38.96 773
271 P 27.71 39.03 823
272 P 27.43 39.02 957
273 P 27.34 38.99 872
274 P 28.01 39.00 994
275 P 27.44 39.01 863
276 P 27.92 38.99 955
277 P 27.36 39.02 887
278 P 27.77 39.08 1238
279 P 27.45 39.08 1247
280 P 27.03 39.09 1458
281 P 27.51 39.12 1581
282 P 27.33 39.15 1822
283 P 27.22 39.17 1935
284 P 27.24 39.18 2089
285 P 27.20 39.15 2107
286 P 27.17 39.21 2233
287 P 27.08 39.30 2149
288 P 27.29 39.47 2477
289 P 27.15 39.45 2774
290 P 26.78 39.46 2928
291 P 26.95 39.50 2769
292 P 27.06 39.51 2702
293 P 26.81 39.55 2762
294 P 26.92 39.50 2838
295 P 26.69 39.46 2883
296 P 27.24 39.49 2815
297 P 26.71 39.45 3072
298 P 26.72 39.42 3278
299 P 27.05 39.34 3167
300 P 27.28 39.30 2955
301 P 27.04 39.32 3113
302 P 27.27 39.16 2809
303 P 27.90 39.13 2653
304 P 27.76 39.09 2692
305 P 28.14 38.98 2539
306 P 28.63 38.86 2524
307 P 28.62 38.84 2167
308 P 28.70 38.95 2048
309 P 29.03 38.96 1623
310 P 28.62 38.86 1300
311 P 28.96 38.79 1465
312 P 29.65 38.70 1384
313 P 29.54 38.60 1562
314 P 30.09 38.50 1599
315 P 30.15 38.45 1761
316 P 30.30 38.28 1601
317 P 30.50 38.06 1412
318 P 30.39 37.99 1232
319 P 30.80 37.90 1078
320 P 30.80 37.83 1138
321 P 30.83 37.79 1193
322 P 31.07 37.75 1072
323 P 31.00 37.76 1114
324 P 30.96 37.70 1181
325 P 30.76 37.69 1021
326 P 30.84 37.69 1078
327 P 31.14 37.60 920
328 P 30.86 37.55 921
329 P 31.16 37.54 889
330 P 31.24 37.54 728
331 P 30.55 37.58 741
332 P 30.69 37.65 780
333 P 31.16 37.66 815
334 P 31.02 37.63 866
335 P 31.50 37.74 961
336 P 30.98 37.71 949
337 P 30.87 37.68 950
338 P 30.82 37.71 988
339 P 30.79 37.66 926
340 P 30.68 37.69 1016
341 P 30.83 37.71 952
342 P 30.70 37.67 991
343 P 31.12 37.58 888
344 P 31.32 37.60 857
345 P 31.49 37.64 892
346 P 31.44 37.68 922
347 P 31.15 37.64 1064
348 P 31.08 37.70 1092
349 P 30.92 37.72 1042
350 P 30.89 37.72 1009
351 P 30.90 37.71 626
352 P 31.40 37.73 411
353 P 31.00 37.76 684
354 P 32.32 37.37 355
