% Nframe | type | QP | PSNR | size (Bytes) 
0 I 34.85 33.71 2027
1 P 37.00 33.66 23
2 P 37.77 33.48 26
3 P 37.00 33.26 39
4 P 37.42 33.06 77
5 P 37.40 32.95 116
6 P 36.63 33.03 152
7 P 38.14 33.03 184
8 P 37.61 33.05 287
9 P 37.92 32.99 355
10 P 37.27 32.98 375
11 P 35.66 33.13 389
12 P 40.82 31.87 259
13 P 35.99 32.88 497
14 P 34.42 34.16 917
15 P 31.65 35.36 1255
16 P 30.18 36.20 1625
17 P 30.04 36.14 1821
18 P 30.54 36.66 2273
19 P 28.77 37.83 2322
20 P 28.49 38.64 2251
21 P 27.51 39.23 2304
22 P 27.08 39.87 2230
23 P 26.83 40.24 2089
24 P 26.55 40.71 2127
25 P 26.86 40.95 2166
26 P 27.19 40.32 2092
27 P 27.93 39.39 2166
28 P 28.65 38.34 1949
29 P 29.73 36.93 1774
30 P 30.49 36.76 1118
31 P 30.64 36.91 1225
32 P 30.63 37.01 1339
33 P 30.93 37.01 1170
34 P 30.71 37.14 1089
35 P 30.11 37.04 777
36 P 30.50 37.22 741
37 P 30.43 37.39 713
38 P 31.83 37.01 683
39 P 32.57 36.29 648
40 P 33.87 35.83 560
41 P 32.81 35.40 467
42 P 33.36 35.26 485
43 P 34.31 35.06 429
44 P 33.98 35.21 406
45 P 34.29 35.42 433
46 P 34.49 35.22 403
47 P 33.73 35.42 465
48 P 33.76 35.59 474
49 P 33.96 35.48 413
50 P 33.01 35.51 613
51 P 33.76 35.29 556
52 P 33.05 35.44 697
53 P 33.11 35.43 628
54 P 32.52 35.59 644
55 P 31.65 35.67 521
56 P 32.31 35.90 505
57 P 31.58 35.99 460
58 P 31.65 36.00 447
59 P 31.41 36.06 429
60 P 30.86 36.16 443
61 P 30.83 36.39 584
62 P 30.76 36.31 435
63 P 30.64 36.42 535
64 P 31.24 36.37 455
65 P 29.62 36.37 469
66 P 31.20 36.41 374
67 P 31.20 36.54 362
68 P 29.71 36.62 453
69 P 31.09 36.61 518
70 P 30.35 36.68 576
71 P 30.42 36.55 821
72 P 30.75 36.63 834
73 P 29.83 36.60 798
74 P 30.25 36.64 772
75 P 29.64 36.73 627
76 P 29.78 37.04 626
77 P 28.93 37.18 545
78 P 27.55 37.30 582
79 P 28.41 37.43 583
80 P 29.28 37.41 606
81 P 28.15 37.46 426
82 P 28.57 37.55 347
83 P 28.76 37.57 324
84 P 29.70 37.57 367
85 P 29.71 37.57 468
86 P 29.01 37.61 521
87 P 29.05 37.76 678
88 P 29.53 37.81 694
89 P 29.09 37.80 692
90 P 28.78 37.80 767
91 P 28.42 37.79 756
92 P 28.07 37.92 777
93 P 27.66 37.91 675
94 P 27.36 37.94 680
95 P 27.21 38.08 745
96 P 27.57 38.26 660
97 P 27.86 38.32 611
98 P 27.09 38.47 582
99 P 26.79 38.60 527
100 P 27.12 38.62 512
101 P 25.95 38.67 529
102 P 27.29 38.67 474
103 P 26.81 38.66 468
104 P 26.66 38.66 531
105 P 26.72 38.65 475
106 P 26.41 38.74 596
107 P 26.68 38.78 393
108 P 26.97 38.88 354
109 P 25.72 38.98 440
110 P 26.60 38.96 350
111 P 26.56 39.01 359
112 P 26.20 39.07 399
113 P 25.70 39.05 403
114 P 26.17 39.10 460
115 P 25.68 39.24 551
116 P 25.68 39.31 375
117 P 25.69 39.32 342
118 P 25.50 39.41 385
119 P 25.99 39.51 466
120 P 25.13 39.57 435
121 P 25.74 39.58 468
122 P 25.87 39.54 464
123 P 25.32 39.65 693
124 P 25.07 39.66 635
125 P 25.51 39.85 734
126 P 25.14 39.85 625
127 P 26.02 39.86 536
128 P 25.17 40.05 779
129 P 25.10 40.01 576
130 P 24.40 40.14 632
131 P 24.17 40.24 611
132 P 24.39 40.27 600
133 P 24.67 40.32 500
134 P 23.71 40.40 602
135 P 24.29 40.42 528
136 P 23.25 40.50 650
137 P 23.68 40.49 524
138 P 23.00 40.55 679
139 P 23.29 40.59 606
140 P 22.15 40.70 327
141 P 22.54 40.79 331
142 P 23.35 40.84 389
143 P 22.72 40.85 469
144 P 22.83 40.85 511
145 P 22.77 40.92 497
146 P 22.59 41.07 491
147 P 22.14 41.13 406
148 P 22.80 41.17 350
149 P 21.96 41.14 447
150 P 22.39 41.14 652
151 P 22.38 41.16 726
152 P 22.43 41.21 717
153 P 22.91 41.27 889
154 P 21.67 41.31 844
155 P 21.92 41.41 762
156 P 22.14 41.50 597
157 P 22.19 41.55 582
158 P 21.57 41.59 628
159 P 22.06 41.64 547
160 P 22.00 41.81 663
161 P 21.78 41.82 639
162 P 21.51 41.97 569
163 P 22.18 42.02 529
164 P 21.97 42.02 520
165 P 21.70 42.07 494
166 P 21.83 42.08 493
167 P 21.67 42.07 541
168 P 21.93 42.00 508
169 P 21.25 42.11 627
170 P 21.49 42.20 475
171 P 21.31 42.28 417
172 P 21.08 42.32 529
173 P 21.67 42.28 568
174 P 21.39 42.27 664
175 P 21.27 42.27 678
176 P 20.86 42.34 963
177 P 21.23 42.49 923
178 P 20.28 42.61 647
179 P 20.40 42.66 435
180 P 20.10 42.69 637
181 P 20.85 42.65 581
182 P 20.62 42.72 737
183 P 20.25 42.80 678
184 P 19.50 42.86 622
185 P 19.42 43.02 488
186 P 17.94 43.06 383
187 P 19.65 43.24 603
188 P 19.54 43.20 499
189 P 19.76 43.06 681
190 P 19.48 43.00 1017
191 P 20.15 42.93 1206
192 P 19.85 42.94 1215
193 P 19.63 43.11 1228
194 P 19.99 43.12 989
195 P 19.66 43.24 840
196 P 19.31 43.31 766
197 P 18.77 43.41 770
198 P 18.66 43.42 807
199 P 19.09 43.46 976
200 P 18.12 43.41 1051
201 P 19.22 43.43 931
202 P 18.52 43.43 1082
203 P 19.28 43.43 1286
204 P 18.99 43.42 1330
205 P 19.70 43.32 1151
206 P 19.19 43.26 1501
207 P 18.99 43.30 1541
208 P 18.42 43.34 1679
209 P 19.17 43.43 1629
210 P 19.00 43.51 1326
211 P 18.77 43.51 1278
212 P 19.26 43.45 1198
213 P 18.98 43.41 1540
214 P 19.12 43.44 1587
215 P 18.69 43.45 1456
216 P 18.95 43.44 1263
217 P 18.92 43.44 918
218 P 18.93 43.63 874
219 P 19.27 43.65 627
220 P 19.38 43.51 796
221 P 19.21 43.47 766
222 P 19.60 43.42 804
223 P 19.25 43.34 936
224 P 19.80 43.30 1067
225 P 19.27 43.20 1371
226 P 19.37 43.10 1324
227 P 20.01 43.14 1270
228 P 20.07 43.15 1185
229 P 19.86 43.11 1175
230 P 19.58 43.06 1013
231 P 19.76 43.06 960
232 P 20.09 43.23 1172
233 P 19.88 43.26 819
234 P 19.83 43.28 706
235 P 19.63 43.37 709
236 P 19.54 43.38 474
237 P 19.35 43.48 813
238 P 19.01 43.34 743
239 P 20.27 43.24 898
240 P 19.80 43.23 836
241 P 19.55 43.27 580
242 P 19.70 43.35 624
243 P 18.79 43.36 527
244 P 19.48 43.41 329
245 P 19.25 43.48 463
246 P 19.77 43.55 442
247 P 19.31 43.62 267
248 P 18.83 43.64 323
249 P 19.10 43.65 297
250 P 19.06 43.73 314
251 P 18.96 43.74 263
252 P 18.25 43.79 355
253 P 18.48 43.77 321
254 P 17.89 43.77 339
255 P 18.94 43.84 461
256 P 18.72 43.84 445
257 P 19.48 43.87 438
258 P 18.69 43.82 542
259 P 18.72 43.82 522
260 P 18.55 43.84 645
261 P 18.57 43.88 605
262 P 18.27 43.93 708
263 P 18.33 43.92 736
264 P 18.42 43.98 663
265 P 18.29 44.10 588
266 P 18.00 44.12 675
267 P 17.78 44.23 774
268 P 17.56 44.21 719
269 P 18.00 44.27 1059
270 P 17.41 44.25 1166
271 P 17.21 44.30 1088
272 P 16.65 44.39 1152
273 P 17.26 44.43 1243
274 P 16.83 44.39 1183
275 P 17.30 44.42 1279
276 P 17.33 44.31 1227
277 P 17.62 44.40 1403
278 P 17.09 44.41 1681
279 P 16.78 44.42 1900
280 P 17.39 44.38 2116
281 P 16.94 44.37 2273
282 P 17.14 44.28 2449
283 P 17.70 44.28 2838
284 P 17.43 44.37 2938
285 P 17.08 44.32 2729
286 P 17.07 44.33 2986
287 P 17.20 44.28 2737
288 P 17.13 44.41 3214
289 P 17.23 44.28 3250
290 P 17.66 44.20 3258
291 P 17.71 44.19 3128
292 P 17.52 44.06 3004
293 P 17.95 44.01 2917
294 P 17.63 43.89 2943
295 P 18.05 43.72 2846
296 P 18.34 43.63 2736
297 P 19.07 43.49 2696
298 P 18.40 43.37 2657
299 P 19.19 43.21 2528
300 P 19.59 43.15 2535
301 P 20.45 42.85 1989
302 P 20.32 42.69 2093
303 P 20.88 42.62 2052
304 P 21.39 42.52 2002
305 P 21.35 42.37 1890
306 P 21.07 42.29 1771
307 P 21.34 42.20 1757
308 P 21.23 42.14 1576
309 P 21.71 42.09 1379
310 P 21.73 41.98 1216
311 P 21.87 41.91 1373
312 P 22.27 41.89 1456
313 P 22.02 41.85 1534
314 P 22.48 41.78 1555
315 P 21.79 41.66 1625
316 P 22.72 41.56 1503
317 P 22.48 41.52 1422
318 P 22.68 41.51 1199
319 P 22.28 41.43 1155
320 P 22.31 41.38 1189
321 P 23.13 41.36 1227
322 P 22.90 41.39 1163
323 P 22.86 41.30 1044
324 P 22.73 41.32 1151
325 P 22.80 41.30 1054
326 P 23.14 41.35 1080
327 P 23.11 41.28 985
328 P 22.97 41.32 892
329 P 23.27 41.32 751
330 P 22.66 41.37 685
331 P 23.30 41.32 574
332 P 23.44 41.24 704
333 P 23.43 41.26 919
334 P 23.35 41.20 875
335 P 22.61 41.16 927
336 P 23.46 41.17 1040
337 P 23.57 41.10 876
338 P 22.90 41.11 1039
339 P 22.78 41.11 1053
340 P 23.00 41.14 1076
341 P 22.95 41.21 1055
342 P 23.14 41.20 967
343 P 23.05 41.24 986
344 P 23.41 41.25 940
345 P 22.58 41.31 973
346 P 23.57 41.33 841
347 P 23.03 41.32 1001
348 P 23.17 41.35 998
349 P 23.35 41.38 978
350 P 23.24 41.43 1054
351 P 22.63 41.42 507
352 P 23.05 41.48 518
353 P 23.13 41.46 662
354 P 25.16 40.83 257
