% Nframe | type | QP | PSNR | size (Bytes) 
0 I 29.13 37.19 3464
1 P 32.03 37.04 58
2 P 31.75 36.85 88
3 P 31.20 36.79 149
4 P 32.04 36.62 166
5 P 31.74 36.60 248
6 P 32.34 36.60 323
7 P 31.44 36.67 461
8 P 30.92 36.61 594
9 P 31.86 36.83 741
10 P 31.26 36.73 754
11 P 30.73 37.00 921
12 P 33.51 35.95 532
13 P 30.15 37.39 1416
14 P 26.25 38.93 1992
15 P 24.95 40.09 2461
16 P 23.48 40.58 3164
17 P 22.01 40.56 4300
18 P 21.54 41.02 5114
19 P 20.79 41.90 5121
20 P 20.65 42.63 5191
21 P 20.12 43.21 5005
22 P 19.63 43.84 4741
23 P 20.30 44.21 4291
24 P 19.78 44.56 4379
25 P 20.35 44.73 4379
26 P 20.69 44.22 4163
27 P 21.28 43.47 4408
28 P 21.82 42.39 4050
29 P 22.67 40.91 4131
30 P 24.04 40.59 2709
31 P 24.56 40.70 2788
32 P 24.56 40.61 2738
33 P 25.27 40.66 2359
34 P 24.63 40.88 2124
35 P 24.84 40.77 1616
36 P 24.78 40.85 1420
37 P 25.80 40.89 1343
38 P 25.24 40.65 1345
39 P 25.72 39.94 1398
40 P 26.84 39.37 1270
41 P 27.59 38.84 1084
42 P 27.54 38.66 1105
43 P 28.11 38.48 1060
44 P 28.87 38.58 860
45 P 28.87 38.70 859
46 P 28.63 38.71 977
47 P 28.26 38.74 847
48 P 28.26 39.02 946
49 P 27.74 39.04 997
50 P 27.53 38.81 1134
51 P 27.59 38.84 1403
52 P 27.67 38.92 1539
53 P 26.52 39.02 1492
54 P 26.55 39.02 1174
55 P 25.86 39.24 1123
56 P 26.43 39.38 869
57 P 26.06 39.39 900
58 P 25.52 39.45 932
59 P 26.14 39.57 880
60 P 25.93 39.65 972
61 P 25.97 39.74 1056
62 P 25.44 39.81 1111
63 P 25.10 39.81 1101
64 P 25.93 39.74 1066
65 P 25.66 39.74 991
66 P 25.80 39.73 792
67 P 25.77 39.88 784
68 P 24.91 40.02 1065
69 P 24.85 39.98 1235
70 P 25.23 40.00 1499
71 P 25.34 39.93 1928
72 P 24.20 40.10 2057
73 P 25.12 40.04 1842
74 P 24.53 40.13 1742
75 P 24.01 40.32 1490
76 P 24.26 40.45 1339
77 P 22.56 40.67 1313
78 P 22.56 40.76 1319
79 P 22.86 40.81 1371
80 P 23.62 40.79 1322
81 P 22.86 40.83 1016
82 P 22.63 40.94 794
83 P 23.61 40.97 854
84 P 23.72 40.92 1001
85 P 23.71 40.84 1129
86 P 23.04 40.85 1326
87 P 23.40 40.93 1499
88 P 23.49 40.92 1612
89 P 23.43 41.00 1728
90 P 23.32 41.03 1803
91 P 22.61 40.96 1764
92 P 22.53 41.04 1729
93 P 22.98 41.05 1693
94 P 21.97 41.22 1725
95 P 22.22 41.33 1536
96 P 22.48 41.37 1388
97 P 21.54 41.50 1386
98 P 22.41 41.59 1215
99 P 22.36 41.71 1149
100 P 21.71 41.82 1272
101 P 22.14 41.79 1147
102 P 22.58 41.82 1247
103 P 22.56 41.83 1245
104 P 21.99 41.74 1197
105 P 21.75 41.79 1282
106 P 22.16 41.87 1311
107 P 21.71 41.94 1095
108 P 22.01 42.06 792
109 P 21.75 42.06 852
110 P 21.73 42.03 916
111 P 21.69 42.04 912
112 P 21.75 42.15 1008
113 P 21.87 42.18 1055
114 P 21.98 42.17 1172
115 P 22.08 42.29 1026
116 P 21.36 42.36 746
117 P 21.27 42.40 816
118 P 21.55 42.48 958
119 P 21.04 42.49 1203
120 P 21.45 42.55 1199
121 P 21.37 42.56 1267
122 P 21.57 42.51 1365
123 P 20.80 42.62 1683
124 P 20.82 42.56 1455
125 P 20.78 42.78 1758
126 P 20.36 42.81 1496
127 P 20.30 42.93 1446
128 P 20.34 42.92 1379
129 P 20.22 43.06 1563
130 P 19.97 43.08 1156
131 P 19.95 43.13 1298
132 P 19.05 43.22 1444
133 P 19.37 43.31 1137
134 P 20.16 43.32 1116
135 P 19.43 43.35 1373
136 P 19.33 43.37 1400
137 P 19.53 43.38 1431
138 P 19.04 43.39 1456
139 P 19.12 43.55 1403
140 P 18.82 43.64 737
141 P 18.32 43.65 605
142 P 18.46 43.66 1015
143 P 18.98 43.75 1253
144 P 18.66 43.70 1143
145 P 18.52 43.79 987
146 P 17.94 43.97 1129
147 P 17.93 43.98 900
148 P 17.96 43.98 889
149 P 18.45 43.94 1078
150 P 18.85 43.82 1373
151 P 18.56 43.84 1541
152 P 18.12 43.83 1581
153 P 18.01 43.96 2016
154 P 17.49 44.08 1920
155 P 17.93 44.17 1618
156 P 17.44 44.25 1152
157 P 17.73 44.33 1315
158 P 17.89 44.38 1465
159 P 17.87 44.36 1129
160 P 17.36 44.52 1175
161 P 17.65 44.54 1434
162 P 17.09 44.66 1071
163 P 17.35 44.71 919
164 P 16.80 44.71 1115
165 P 16.84 44.71 1020
166 P 17.27 44.73 1110
167 P 16.52 44.65 1193
168 P 16.56 44.73 1422
169 P 16.36 44.84 1478
170 P 16.51 44.88 953
171 P 15.92 44.92 1015
172 P 16.08 45.04 1271
173 P 16.48 45.01 1513
174 P 16.32 45.03 1604
175 P 15.99 44.93 1594
176 P 16.08 45.00 2247
177 P 16.29 45.06 1737
178 P 15.98 45.17 1217
179 P 15.84 45.24 1037
180 P 16.09 45.28 1333
181 P 15.99 45.29 1531
182 P 15.85 45.31 1315
183 P 15.60 45.30 1436
184 P 15.33 45.41 1164
185 P 15.23 45.52 823
186 P 15.73 45.59 841
187 P 15.39 45.66 1025
188 P 15.41 45.69 1012
189 P 15.40 45.46 1392
190 P 15.74 45.42 2193
191 P 15.91 45.39 2490
192 P 15.58 45.56 2804
193 P 15.28 45.50 1999
194 P 15.62 45.55 1979
195 P 15.46 45.62 1681
196 P 14.88 45.64 1488
197 P 14.52 45.75 1424
198 P 15.08 45.81 1615
199 P 14.82 45.81 1771
200 P 14.99 45.79 2129
201 P 15.32 45.82 1720
202 P 14.96 45.81 2412
203 P 14.89 45.77 2580
204 P 15.21 45.76 2557
205 P 15.50 45.67 2701
206 P 14.94 45.68 2983
207 P 14.97 45.66 2980
208 P 15.00 45.77 3284
209 P 15.08 45.75 2911
210 P 14.76 45.83 2498
211 P 14.75 45.78 2284
212 P 14.75 45.75 2456
213 P 14.87 45.76 2979
214 P 14.83 45.80 2995
215 P 14.94 45.76 2567
216 P 14.78 45.83 2558
217 P 15.37 45.84 1908
218 P 14.53 45.88 1216
219 P 14.88 45.96 1375
220 P 15.08 45.95 1682
221 P 15.27 45.89 1921
222 P 15.13 45.77 2144
223 P 15.34 45.69 2259
224 P 15.34 45.68 2528
225 P 15.67 45.58 2729
226 P 15.69 45.53 2789
227 P 15.52 45.54 2550
228 P 15.71 45.57 2583
229 P 15.37 45.51 2436
230 P 15.60 45.52 2169
231 P 15.42 45.59 2330
232 P 15.24 45.61 2255
233 P 15.45 45.70 1955
234 P 15.40 45.72 1528
235 P 15.05 45.76 1368
236 P 14.93 45.87 1218
237 P 14.83 45.87 1485
238 P 15.28 45.75 1607
239 P 15.66 45.66 1956
240 P 15.80 45.65 1552
241 P 15.58 45.69 1075
242 P 15.65 45.69 1221
243 P 14.99 45.73 1258
244 P 14.77 45.83 797
245 P 14.91 45.87 946
246 P 15.22 45.87 836
247 P 15.31 45.96 721
248 P 15.21 46.00 866
249 P 15.23 46.05 890
250 P 14.83 46.08 630
251 P 14.95 46.09 679
252 P 15.17 46.17 842
253 P 15.62 46.13 944
254 P 14.95 46.11 900
255 P 14.97 46.12 952
256 P 15.25 46.11 1107
257 P 15.60 46.15 837
258 P 14.70 46.12 1389
259 P 15.10 46.12 1209
260 P 14.95 46.08 1291
261 P 14.62 46.08 1297
262 P 14.62 46.17 1542
263 P 14.35 46.24 1525
264 P 14.57 46.26 1299
265 P 14.18 46.36 1094
266 P 14.42 46.43 1486
267 P 14.04 46.42 1448
268 P 14.10 46.41 1532
269 P 14.12 46.50 2230
270 P 14.35 46.42 2348
271 P 14.09 46.50 2328
272 P 14.02 46.56 2144
273 P 13.81 46.54 2226
274 P 14.18 46.48 2352
275 P 13.96 46.51 2678
276 P 14.29 46.49 2600
277 P 13.84 46.59 2637
278 P 14.11 46.54 3027
279 P 13.87 46.58 3480
280 P 13.77 46.57 3979
281 P 13.85 46.50 4076
282 P 13.84 46.51 4550
283 P 13.85 46.46 4571
284 P 14.03 46.43 4961
285 P 13.78 46.42 5043
286 P 13.89 46.41 5135
287 P 13.87 46.40 4826
288 P 14.15 46.45 5209
289 P 13.98 46.36 5450
290 P 14.19 46.35 5593
291 P 14.35 46.28 5227
292 P 14.48 46.23 5056
293 P 14.84 46.20 4998
294 P 14.71 46.04 4976
295 P 14.91 45.96 4941
296 P 14.91 45.88 4736
297 P 15.51 45.74 4613
298 P 15.38 45.60 4635
299 P 15.40 45.54 4601
300 P 15.38 45.49 4451
301 P 15.81 45.35 4154
302 P 15.83 45.22 4077
303 P 16.03 45.06 3933
304 P 16.23 44.99 3917
305 P 16.31 44.92 3733
306 P 16.72 44.85 3495
307 P 16.41 44.85 3511
308 P 17.21 44.68 3060
309 P 16.62 44.63 2938
310 P 16.61 44.60 2805
311 P 16.73 44.58 3006
312 P 17.32 44.56 2983
313 P 17.54 44.54 3091
314 P 17.59 44.51 3233
315 P 17.61 44.38 3117
316 P 17.61 44.30 3114
317 P 17.50 44.22 3038
318 P 17.35 44.20 2692
319 P 17.58 44.09 2467
320 P 17.90 44.00 2680
321 P 18.37 43.98 2599
322 P 18.08 43.96 2484
323 P 18.14 43.92 2344
324 P 18.48 43.89 2296
325 P 17.98 43.97 2482
326 P 17.98 43.94 2221
327 P 18.34 43.92 1998
328 P 18.39 43.94 1959
329 P 18.63 43.95 1750
330 P 17.90 43.84 1387
331 P 18.49 43.91 1420
332 P 18.44 43.86 1713
333 P 19.09 43.86 1917
334 P 18.31 43.79 1957
335 P 18.65 43.77 2147
336 P 18.83 43.72 2098
337 P 18.38 43.73 2088
338 P 18.70 43.70 2226
339 P 18.86 43.73 2239
340 P 18.99 43.64 2114
341 P 18.91 43.76 2357
342 P 19.09 43.69 2175
343 P 18.58 43.73 2074
344 P 18.29 43.75 2011
345 P 18.54 43.76 1986
346 P 19.10 43.87 1793
347 P 18.68 43.81 2047
348 P 19.06 43.81 2197
349 P 18.57 43.86 1957
350 P 18.93 43.87 1908
351 P 18.80 43.87 1269
352 P 18.93 43.93 1090
353 P 18.79 43.83 1405
354 P 19.76 43.03 735
