% Nframe | type | QP | PSNR | size (Bytes) 
0 I 31.56 36.79 8963
1 P 34.76 36.50 106
2 P 34.36 36.19 238
3 P 33.98 36.18 402
4 P 34.58 36.18 532
5 P 34.55 36.33 656
6 P 34.34 36.67 859
7 P 34.22 36.83 1121
8 P 34.27 36.97 1402
9 P 34.16 37.20 1621
10 P 33.97 37.30 1699
11 P 32.61 37.60 2041
12 P 38.13 35.91 985
13 P 36.53 36.51 1854
14 P 33.20 37.72 2842
15 P 30.63 38.42 3520
16 P 29.23 38.96 4871
17 P 28.82 38.51 6213
18 P 28.20 38.53 7119
19 P 27.61 39.91 6678
20 P 27.36 40.99 6473
21 P 27.13 41.74 6264
22 P 26.90 42.31 5891
23 P 26.65 42.48 5218
24 P 26.46 42.93 5469
25 P 27.04 43.03 5400
26 P 27.28 42.53 5290
27 P 27.92 41.79 5925
28 P 28.46 40.52 5582
29 P 30.00 38.39 5515
30 P 31.18 38.20 3362
31 P 30.80 38.89 3666
32 P 30.60 39.09 3693
33 P 30.49 39.41 3231
34 P 30.01 39.57 2863
35 P 31.05 39.71 2373
36 P 30.88 39.71 2005
37 P 30.14 39.70 1893
38 P 30.83 39.46 2033
39 P 31.62 38.95 2162
40 P 32.41 38.01 1898
41 P 33.28 37.43 1748
42 P 33.51 37.08 1620
43 P 33.60 36.67 1636
44 P 33.32 36.82 1378
45 P 33.33 37.22 1503
46 P 33.41 37.14 1339
47 P 33.18 37.37 1549
48 P 33.14 37.66 1487
49 P 32.59 37.55 1564
50 P 32.72 37.45 1995
51 P 33.27 37.16 1999
52 P 32.86 37.02 2228
53 P 32.86 37.04 2244
54 P 32.40 37.26 1981
55 P 32.25 37.47 1649
56 P 31.96 37.69 1454
57 P 31.70 37.62 1438
58 P 31.52 37.44 1399
59 P 31.37 37.55 1554
60 P 31.09 37.60 1674
61 P 30.84 37.71 1587
62 P 30.77 37.77 1670
63 P 31.25 37.70 1944
64 P 31.28 37.50 1789
65 P 30.94 37.26 1697
66 P 30.55 37.32 1433
67 P 31.59 37.44 1048
68 P 31.23 37.66 1590
69 P 30.98 37.59 1779
70 P 30.43 37.76 2120
71 P 29.93 37.70 2847
72 P 30.65 37.69 2964
73 P 30.46 37.63 3048
74 P 30.37 37.59 2761
75 P 30.67 37.71 2344
76 P 29.88 37.90 2232
77 P 29.30 38.04 1936
78 P 29.17 38.21 2102
79 P 28.92 38.15 2003
80 P 28.81 37.91 2040
81 P 28.68 37.96 1506
82 P 29.44 38.03 1344
83 P 29.82 38.14 1293
84 P 29.82 38.20 1334
85 P 29.95 38.25 1495
86 P 29.73 38.38 1692
87 P 29.73 38.49 2044
88 P 29.73 38.50 2273
89 P 29.53 38.40 2293
90 P 29.27 38.26 2609
91 P 29.64 38.10 2896
92 P 28.85 38.02 2606
93 P 29.10 37.97 2498
94 P 28.49 38.07 2414
95 P 28.56 38.22 2194
96 P 28.52 38.33 1971
97 P 28.11 38.51 1981
98 P 28.14 38.67 1810
99 P 27.92 38.80 1653
100 P 27.68 38.89 1769
101 P 28.03 38.90 1625
102 P 28.33 38.88 1528
103 P 27.67 38.80 1547
104 P 27.88 38.72 1686
105 P 28.15 38.66 1581
106 P 28.05 38.61 1553
107 P 28.20 38.63 1497
108 P 28.04 38.75 1034
109 P 27.76 38.78 1246
110 P 27.82 38.82 1316
111 P 27.73 38.92 1179
112 P 27.53 39.03 1152
113 P 27.52 38.99 1314
114 P 27.38 38.95 1550
115 P 27.16 38.92 1393
116 P 27.28 39.02 1388
117 P 27.19 39.14 1232
118 P 27.12 39.23 1259
119 P 26.99 39.29 1379
120 P 26.95 39.38 1506
121 P 27.02 39.44 1708
122 P 26.67 39.46 1629
123 P 26.88 39.43 2101
124 P 26.90 39.41 2256
125 P 26.80 39.50 2839
126 P 26.38 39.50 2431
127 P 26.86 39.57 2235
128 P 26.19 39.68 2064
129 P 26.08 39.70 2035
130 P 25.93 39.78 2001
131 P 26.03 39.79 1994
132 P 25.77 39.77 2185
133 P 25.63 39.84 2032
134 P 25.21 39.95 1977
135 P 25.51 40.06 1861
136 P 25.30 40.14 1561
137 P 25.01 40.19 1649
138 P 24.62 40.20 1554
139 P 25.05 40.19 1791
140 P 24.70 40.26 1329
141 P 25.10 40.33 1130
142 P 24.68 40.35 1638
143 P 24.75 40.38 1576
144 P 24.24 40.35 2053
145 P 24.12 40.43 1665
146 P 24.24 40.48 1583
147 P 24.25 40.55 1792
148 P 23.84 40.54 1586
149 P 24.28 40.55 1868
150 P 23.88 40.60 1898
151 P 24.20 40.67 1642
152 P 23.96 40.75 2073
153 P 23.88 40.76 2446
154 P 23.82 40.82 2828
155 P 23.94 40.87 2411
156 P 23.38 40.95 1925
157 P 23.38 40.96 2356
158 P 23.14 41.01 2668
159 P 23.43 41.05 2007
160 P 23.37 41.20 2245
161 P 23.09 41.17 2333
162 P 22.95 41.27 1735
163 P 22.91 41.27 1813
164 P 22.26 41.32 1899
165 P 22.46 41.28 1891
166 P 22.40 41.27 2048
167 P 22.46 41.30 2106
168 P 22.25 41.36 2251
169 P 22.63 41.34 2016
170 P 22.24 41.41 1810
171 P 22.37 41.46 1466
172 P 22.32 41.43 1920
173 P 22.30 41.44 2244
174 P 22.01 41.46 2213
175 P 21.84 41.49 2343
176 P 21.59 41.52 3457
177 P 21.85 41.56 2792
178 P 21.55 41.66 2138
179 P 21.90 41.68 1741
180 P 21.52 41.68 2096
181 P 21.55 41.65 2628
182 P 21.33 41.73 2665
183 P 21.29 41.83 2892
184 P 21.08 41.92 2309
185 P 21.01 41.99 1692
186 P 21.03 42.03 1394
187 P 21.00 42.11 1932
188 P 20.68 42.16 1664
189 P 20.95 42.01 1836
190 P 21.25 41.96 2741
191 P 21.58 41.90 3396
192 P 21.20 41.95 4074
193 P 21.29 41.98 3938
194 P 21.27 41.97 3504
195 P 20.75 42.00 3242
196 P 20.92 42.02 2753
197 P 20.53 42.13 2464
198 P 20.63 42.14 2718
199 P 20.75 42.16 3103
200 P 20.77 42.15 3734
201 P 20.66 42.17 3109
202 P 20.67 42.21 3036
203 P 20.74 42.25 3473
204 P 20.64 42.23 3310
205 P 20.79 42.25 2921
206 P 20.71 42.26 3121
207 P 20.76 42.27 3506
208 P 20.72 42.18 3431
209 P 20.95 42.12 3821
210 P 20.78 42.18 3782
211 P 20.84 42.21 3500
212 P 20.86 42.22 3541
213 P 20.63 42.15 4025
214 P 20.91 42.16 4419
215 P 21.09 42.13 4162
216 P 20.77 42.16 3426
217 P 20.77 42.23 3755
218 P 20.86 42.30 2247
219 P 20.29 42.30 2156
220 P 20.92 42.26 2767
221 P 20.82 42.25 2866
222 P 20.74 42.19 3046
223 P 21.05 42.18 3275
224 P 21.12 42.23 3142
225 P 21.02 42.17 3285
226 P 21.13 42.13 2962
227 P 20.97 42.07 2806
228 P 21.43 42.05 3398
229 P 21.15 42.00 3555
230 P 21.29 41.98 3839
231 P 21.24 42.02 3295
232 P 20.99 42.13 3591
233 P 20.81 42.17 3195
234 P 20.99 42.20 2757
235 P 20.82 42.25 2200
236 P 20.92 42.27 2087
237 P 20.74 42.29 2611
238 P 21.02 42.14 2884
239 P 20.89 42.13 3572
240 P 21.10 42.16 3216
241 P 20.97 42.21 2296
242 P 20.81 42.18 2183
243 P 20.50 42.19 2312
244 P 20.83 42.25 1491
245 P 20.53 42.26 1654
246 P 20.66 42.33 1706
247 P 20.52 42.34 1560
248 P 20.66 42.29 1803
249 P 20.65 42.31 1852
250 P 20.36 42.36 1489
251 P 20.17 42.36 1347
252 P 20.55 42.37 1342
253 P 20.43 42.34 1777
254 P 20.58 42.37 1903
255 P 20.76 42.39 1615
256 P 20.49 42.37 1915
257 P 20.91 42.44 1661
258 P 20.51 42.38 2304
259 P 20.58 42.42 2232
260 P 20.63 42.43 2398
261 P 20.48 42.43 2424
262 P 20.37 42.42 2499
263 P 20.32 42.52 2120
264 P 20.20 42.60 2505
265 P 20.20 42.68 1874
266 P 20.46 42.64 1985
267 P 20.52 42.61 2660
268 P 20.55 42.63 2567
269 P 20.37 42.64 3384
270 P 20.27 42.67 3674
271 P 20.08 42.68 3329
272 P 20.48 42.71 3385
273 P 20.19 42.70 3529
274 P 20.01 42.70 3763
275 P 20.48 42.73 3849
276 P 20.26 42.70 3787
277 P 20.18 42.72 3596
278 P 19.88 42.75 4218
279 P 20.07 42.77 4759
280 P 20.37 42.77 5272
281 P 19.91 42.78 5733
282 P 20.06 42.77 6149
283 P 20.04 42.78 6791
284 P 19.90 42.78 6859
285 P 20.05 42.69 6584
286 P 20.17 42.76 6892
287 P 20.01 42.85 6810
288 P 20.08 42.97 7774
289 P 20.05 42.95 8384
290 P 19.98 42.89 8231
291 P 20.11 42.89 7711
292 P 20.04 42.80 7520
293 P 20.13 42.82 7477
294 P 20.39 42.72 7558
295 P 20.47 42.60 7423
296 P 20.54 42.54 7271
297 P 20.69 42.42 7500
298 P 20.88 42.35 7588
299 P 20.88 42.22 7573
300 P 21.22 42.12 7026
301 P 21.38 42.05 6903
302 P 21.30 41.86 6360
303 P 21.60 41.87 6381
304 P 21.86 41.77 6225
305 P 22.12 41.66 6098
306 P 22.27 41.51 5984
307 P 22.96 41.54 5458
308 P 22.68 41.67 4988
309 P 22.65 41.71 3824
310 P 22.74 41.65 3360
311 P 23.09 41.60 3709
312 P 23.50 41.56 4017
313 P 23.24 41.46 4224
314 P 23.81 41.47 4478
315 P 23.85 41.37 4606
316 P 23.77 41.28 4459
317 P 24.16 41.11 4106
318 P 24.39 41.08 3528
319 P 24.35 41.04 2933
320 P 24.17 41.01 2946
321 P 24.60 40.95 3251
322 P 24.33 40.89 3078
323 P 24.37 40.89 2771
324 P 24.47 40.85 2911
325 P 24.69 40.87 2590
326 P 24.80 40.84 2429
327 P 24.97 40.79 2515
328 P 24.99 40.77 2697
329 P 24.78 40.73 2460
330 P 24.47 40.77 2221
331 P 24.52 40.77 2002
332 P 24.67 40.82 2123
333 P 25.07 40.81 2277
334 P 24.56 40.81 2434
335 P 24.63 40.88 2774
336 P 24.73 40.86 2755
337 P 24.34 40.90 2785
338 P 24.09 40.91 2782
339 P 24.34 40.91 2645
340 P 24.59 40.88 2595
341 P 24.20 40.89 2776
342 P 24.32 40.87 2833
343 P 24.13 40.86 2846
344 P 24.39 40.86 2908
345 P 23.99 40.95 2975
346 P 24.58 40.97 2624
347 P 24.27 40.95 3342
348 P 24.51 40.98 3149
349 P 24.37 40.97 3101
350 P 24.26 40.94 2979
351 P 24.60 40.89 2000
352 P 24.43 40.95 1865
353 P 24.76 41.00 2125
354 P 25.47 40.49 950
