% Nframe | type | QP | PSNR | size (Bytes) 
0 I 29.40 38.38 17109
1 P 32.06 38.08 390
2 P 32.22 37.92 731
3 P 32.65 37.75 951
4 P 32.55 37.77 1291
5 P 32.10 37.99 1567
6 P 32.06 38.38 1973
7 P 32.17 38.62 2573
8 P 31.51 38.81 3177
9 P 31.92 39.12 3482
10 P 31.26 39.39 3722
11 P 29.75 39.73 4087
12 P 35.43 37.98 1886
13 P 35.25 38.15 2898
14 P 31.62 39.29 4571
15 P 29.37 40.09 5709
16 P 28.26 40.30 7536
17 P 28.60 39.70 10255
18 P 27.62 39.57 11967
19 P 27.20 40.98 10806
20 P 26.64 41.94 10128
21 P 26.68 42.65 9535
22 P 26.19 43.17 8954
23 P 25.97 43.51 8287
24 P 26.19 43.89 8546
25 P 26.14 44.03 8463
26 P 26.68 43.60 8499
27 P 27.05 42.90 9019
28 P 28.11 41.72 9104
29 P 29.11 39.53 9909
30 P 30.07 39.22 5877
31 P 29.73 39.97 6009
32 P 29.70 40.22 6191
33 P 29.49 40.64 5564
34 P 29.45 40.77 4635
35 P 29.88 40.89 3866
36 P 29.30 40.96 3374
37 P 29.66 40.91 3092
38 P 29.74 40.76 3319
39 P 30.49 40.13 3508
40 P 32.11 39.04 3051
41 P 31.88 38.44 3122
42 P 32.30 38.08 2898
43 P 33.11 37.64 2833
44 P 32.86 37.82 2470
45 P 32.82 38.17 2463
46 P 32.49 38.24 2511
47 P 32.75 38.38 2284
48 P 32.09 38.82 2514
49 P 32.18 38.64 2614
50 P 31.95 38.44 3229
51 P 31.97 38.10 3568
52 P 31.94 37.88 3979
53 P 31.91 37.90 3942
54 P 31.72 38.28 3321
55 P 31.46 38.56 2890
56 P 31.29 38.77 2474
57 P 31.09 38.68 2555
58 P 30.75 38.48 2597
59 P 30.39 38.57 2733
60 P 30.42 38.53 2880
61 P 30.07 38.75 3026
62 P 30.14 38.81 2935
63 P 30.46 38.66 3129
64 P 30.19 38.46 3416
65 P 30.42 38.10 3143
66 P 30.77 38.10 2503
67 P 30.55 38.31 2075
68 P 30.45 38.57 2521
69 P 30.53 38.39 3015
70 P 30.10 38.63 3878
71 P 29.71 38.62 5330
72 P 29.57 38.51 5133
73 P 29.36 38.35 5273
74 P 29.76 38.33 5149
75 P 29.53 38.53 4335
76 P 29.30 38.65 3828
77 P 28.84 38.89 3408
78 P 28.92 39.05 3432
79 P 28.04 39.02 3915
80 P 28.20 38.64 3859
81 P 28.56 38.63 2741
82 P 28.37 38.73 2353
83 P 29.06 38.85 2262
84 P 29.22 38.95 2424
85 P 29.35 39.03 2707
86 P 29.30 39.20 3085
87 P 29.31 39.29 3633
88 P 28.91 39.31 3905
89 P 29.24 39.20 4187
90 P 28.74 39.06 4725
91 P 28.90 38.79 5147
92 P 28.62 38.70 4773
93 P 28.32 38.65 4524
94 P 28.45 38.72 4052
95 P 27.91 38.89 3770
96 P 27.86 38.96 3232
97 P 27.10 39.16 3471
98 P 27.26 39.39 2903
99 P 27.44 39.57 2674
100 P 27.52 39.62 2776
101 P 27.49 39.55 2693
102 P 27.75 39.51 2657
103 P 27.63 39.41 2366
104 P 27.42 39.31 2790
105 P 27.43 39.25 3000
106 P 27.98 39.16 2916
107 P 27.70 39.17 2350
108 P 28.01 39.29 1646
109 P 28.01 39.33 2131
110 P 27.90 39.36 2328
111 P 27.68 39.47 2010
112 P 27.46 39.60 1930
113 P 27.26 39.61 2410
114 P 27.27 39.51 2762
115 P 27.08 39.47 2513
116 P 26.85 39.57 2623
117 P 26.61 39.72 2404
118 P 26.74 39.83 2216
119 P 26.28 39.88 2323
120 P 26.01 39.97 2564
121 P 26.12 40.05 2742
122 P 26.49 40.07 2802
123 P 26.43 39.98 3611
124 P 26.27 40.00 4532
125 P 26.25 39.99 4472
126 P 26.45 39.98 4260
127 P 26.05 40.03 3996
128 P 25.97 40.17 3749
129 P 26.02 40.25 3499
130 P 25.78 40.31 3196
131 P 25.70 40.36 3762
132 P 25.35 40.35 3994
133 P 25.21 40.40 3470
134 P 25.31 40.53 3345
135 P 25.28 40.62 2723
136 P 25.13 40.71 2783
137 P 25.28 40.78 2560
138 P 25.37 40.77 2539
139 P 24.92 40.75 2415
140 P 25.10 40.79 1818
141 P 25.06 40.87 2114
142 P 25.26 40.88 2441
143 P 24.90 40.85 2485
144 P 24.71 40.84 3285
145 P 24.64 40.90 2813
146 P 24.41 40.92 2928
147 P 24.08 40.95 2895
148 P 24.20 40.98 2978
149 P 24.16 41.01 2903
150 P 23.79 41.11 3354
151 P 23.75 41.20 3147
152 P 23.69 41.27 3386
153 P 23.71 41.23 3721
154 P 23.16 41.28 4068
155 P 23.39 41.32 4038
156 P 23.36 41.38 3311
157 P 23.40 41.39 3764
158 P 23.15 41.37 4156
159 P 22.96 41.47 3749
160 P 23.20 41.58 3725
161 P 22.87 41.56 4193
162 P 22.80 41.64 3062
163 P 22.45 41.67 3349
164 P 22.59 41.71 3235
165 P 22.44 41.69 3400
166 P 22.27 41.70 3702
167 P 21.79 41.71 3881
168 P 22.27 41.77 3936
169 P 22.18 41.78 4011
170 P 22.18 41.83 3240
171 P 21.72 41.87 3220
172 P 21.99 41.87 3376
173 P 22.03 41.89 3459
174 P 22.09 41.92 3434
175 P 22.05 41.96 3248
176 P 21.83 41.94 4766
177 P 21.94 41.98 4691
178 P 21.93 42.05 3379
179 P 22.03 42.09 3090
180 P 21.84 42.06 3654
181 P 21.81 42.04 4372
182 P 21.71 42.08 4096
183 P 21.63 42.11 4330
184 P 21.35 42.21 4022
185 P 21.47 42.28 3165
186 P 21.28 42.31 2881
187 P 20.81 42.37 3627
188 P 20.92 42.39 2941
189 P 21.20 42.32 3354
190 P 21.20 42.30 5106
191 P 21.17 42.28 5857
192 P 21.05 42.22 6314
193 P 20.93 42.21 6366
194 P 21.10 42.27 6260
195 P 20.61 42.31 5953
196 P 20.65 42.31 4965
197 P 20.56 42.43 4164
198 P 20.45 42.46 4845
199 P 20.57 42.46 4990
200 P 20.57 42.46 5697
201 P 20.58 42.51 4960
202 P 20.56 42.56 4497
203 P 20.47 42.56 4996
204 P 20.56 42.54 5588
205 P 20.64 42.58 4921
206 P 20.55 42.57 5292
207 P 20.88 42.55 5276
208 P 20.83 42.49 5994
209 P 20.81 42.42 6089
210 P 20.49 42.45 5807
211 P 20.57 42.46 5646
212 P 20.52 42.49 5504
213 P 20.64 42.46 6026
214 P 20.59 42.51 6336
215 P 20.55 42.46 6369
216 P 20.83 42.52 5326
217 P 20.58 42.57 5784
218 P 20.39 42.61 4043
219 P 20.53 42.65 3812
220 P 20.66 42.64 4576
221 P 20.62 42.58 4918
222 P 20.72 42.59 5131
223 P 20.77 42.57 4530
224 P 20.68 42.53 4506
225 P 20.81 42.52 5334
226 P 20.72 42.53 5353
227 P 20.78 42.52 4919
228 P 20.83 42.46 5130
229 P 20.70 42.43 5405
230 P 20.62 42.42 5937
231 P 20.81 42.47 4982
232 P 20.87 42.51 5339
233 P 20.55 42.49 5041
234 P 20.64 42.56 4858
235 P 20.69 42.59 3818
236 P 20.31 42.63 3630
237 P 20.59 42.58 4534
238 P 20.60 42.53 5437
239 P 20.68 42.52 6138
240 P 20.68 42.51 5392
241 P 20.42 42.57 4246
242 P 20.63 42.59 4064
243 P 20.41 42.57 4155
244 P 20.44 42.65 3251
245 P 20.61 42.66 3252
246 P 20.39 42.66 3215
247 P 20.45 42.65 3175
248 P 20.43 42.62 3472
249 P 20.37 42.64 3689
250 P 20.41 42.66 2999
251 P 20.35 42.67 2876
252 P 20.23 42.70 3091
253 P 20.19 42.65 3897
254 P 20.24 42.63 3710
255 P 20.46 42.64 3198
256 P 20.71 42.70 3912
257 P 20.45 42.71 3576
258 P 20.54 42.68 4439
259 P 20.63 42.70 4103
260 P 20.34 42.69 4212
261 P 20.29 42.68 4251
262 P 20.23 42.67 4321
263 P 20.34 42.78 4019
264 P 20.18 42.83 4274
265 P 20.17 42.88 3493
266 P 20.30 42.84 4076
267 P 20.06 42.78 5178
268 P 19.99 42.84 4631
269 P 20.02 42.84 5223
270 P 20.00 42.85 6046
271 P 20.02 42.85 5689
272 P 20.07 42.89 5979
273 P 19.92 42.88 6065
274 P 20.00 42.90 6624
275 P 20.04 42.94 6030
276 P 20.01 42.91 6730
277 P 20.01 42.96 6097
278 P 19.97 42.95 6535
279 P 19.90 43.01 7466
280 P 19.86 43.00 8401
281 P 19.95 42.98 9186
282 P 19.92 43.03 10097
283 P 19.86 43.06 10594
284 P 19.97 43.01 10884
285 P 19.99 42.95 10874
286 P 19.91 43.03 10988
287 P 19.98 43.08 10643
288 P 20.05 43.16 12425
289 P 19.97 43.18 13672
290 P 19.91 43.19 13614
291 P 20.09 43.18 12238
292 P 20.13 43.08 12070
293 P 20.25 43.08 11847
294 P 20.28 43.04 12373
295 P 20.54 42.92 11640
296 P 20.61 42.89 11865
297 P 20.79 42.82 12445
298 P 20.71 42.70 12363
299 P 20.93 42.59 12464
300 P 20.88 42.49 11659
301 P 21.23 42.38 11061
302 P 21.66 42.20 10807
303 P 21.84 42.19 10102
304 P 21.96 42.14 10431
305 P 22.09 42.01 10296
306 P 21.91 41.90 10420
307 P 21.98 41.94 9240
308 P 22.34 42.09 8379
309 P 22.37 42.15 6562
310 P 22.83 42.15 5865
311 P 22.87 42.10 6187
312 P 23.24 42.05 6493
313 P 23.34 41.93 6598
314 P 23.33 41.96 7376
315 P 23.17 41.86 7808
316 P 23.54 41.78 7618
317 P 23.51 41.55 6744
318 P 23.77 41.49 5546
319 P 23.82 41.47 5299
320 P 24.39 41.43 4819
321 P 24.50 41.41 5244
322 P 24.04 41.34 5218
323 P 24.26 41.36 4725
324 P 24.50 41.34 4623
325 P 24.58 41.36 4369
326 P 24.36 41.31 3978
327 P 24.64 41.28 4101
328 P 24.95 41.23 4440
329 P 24.87 41.17 4274
330 P 24.90 41.14 3548
331 P 24.61 41.18 3453
332 P 24.78 41.25 3605
333 P 24.88 41.30 3966
334 P 25.13 41.31 3899
335 P 24.61 41.37 4391
336 P 24.42 41.33 4463
337 P 24.66 41.38 4279
338 P 24.28 41.38 4293
339 P 24.30 41.37 4282
340 P 24.19 41.39 4369
341 P 24.46 41.37 4255
342 P 24.19 41.30 4454
343 P 24.22 41.29 4729
344 P 24.85 41.30 4693
345 P 24.01 41.35 4469
346 P 24.17 41.34 4313
347 P 24.23 41.29 5209
348 P 24.13 41.37 5413
349 P 23.76 41.32 5089
350 P 24.24 41.33 5165
351 P 24.09 41.30 3612
352 P 24.22 41.37 3258
353 P 24.17 41.44 3558
354 P 25.37 40.97 1741
