% Nframe | type | QP | PSNR | size (Bytes) 
0 I 24.24 40.39 10538
1 P 26.16 40.12 317
2 P 27.12 39.93 451
3 P 26.37 39.78 784
4 P 27.01 39.67 998
5 P 26.85 39.70 1236
6 P 26.72 39.96 1701
7 P 26.49 40.11 1979
8 P 26.34 40.31 2420
9 P 25.98 40.42 2623
10 P 25.39 40.71 2951
11 P 24.82 40.85 3001
12 P 29.89 39.36 1495
13 P 25.41 40.83 3856
14 P 22.48 42.28 5006
15 P 20.98 43.10 6121
16 P 20.02 43.53 8144
17 P 19.12 43.24 11086
18 P 18.55 43.28 13064
19 P 18.17 44.10 12509
20 P 18.01 44.76 11890
21 P 17.74 45.35 11292
22 P 17.52 45.79 10053
23 P 17.33 46.04 9405
24 P 17.28 46.53 9707
25 P 17.40 46.49 9130
26 P 17.86 46.14 9189
27 P 18.33 45.54 9592
28 P 19.22 44.55 9701
29 P 20.27 42.92 10528
30 P 21.47 42.50 7114
31 P 21.61 42.74 7104
32 P 21.51 42.99 6468
33 P 21.53 43.01 5611
34 P 21.44 43.35 4865
35 P 21.47 43.42 3933
36 P 21.62 43.57 3303
37 P 22.28 43.68 3276
38 P 21.85 43.30 3190
39 P 22.67 42.75 3534
40 P 23.06 41.91 3386
41 P 24.60 41.35 3145
42 P 24.54 40.96 3027
43 P 24.67 40.72 3129
44 P 24.94 40.81 2453
45 P 25.74 41.04 2428
46 P 24.67 41.16 2562
47 P 25.16 41.28 2432
48 P 24.96 41.58 2417
49 P 24.73 41.52 2580
50 P 24.43 41.28 3102
51 P 24.74 41.06 3871
52 P 24.79 41.01 4205
53 P 24.34 41.06 4181
54 P 23.90 41.26 3581
55 P 23.55 41.49 2872
56 P 22.88 41.67 2557
57 P 22.59 41.63 2677
58 P 22.81 41.64 2875
59 P 22.75 41.74 2693
60 P 22.16 41.83 2966
61 P 22.05 41.97 3032
62 P 22.26 42.05 3075
63 P 21.85 41.96 3341
64 P 21.60 41.83 3660
65 P 21.49 41.71 3438
66 P 22.36 41.71 2472
67 P 21.73 41.82 2391
68 P 22.04 41.90 3238
69 P 22.64 41.81 3750
70 P 21.82 41.94 4692
71 P 22.21 41.90 5629
72 P 21.28 41.94 5586
73 P 21.02 41.94 5635
74 P 21.50 41.96 5194
75 P 21.25 42.19 4816
76 P 21.11 42.33 4097
77 P 21.21 42.50 3702
78 P 20.45 42.55 3878
79 P 20.40 42.54 4192
80 P 20.48 42.50 4529
81 P 20.83 42.49 3158
82 P 20.79 42.57 2616
83 P 20.98 42.57 2727
84 P 21.34 42.54 3415
85 P 21.26 42.59 3780
86 P 21.48 42.53 3855
87 P 21.33 42.61 4478
88 P 20.95 42.54 4464
89 P 20.94 42.53 4851
90 P 20.94 42.51 5098
91 P 20.60 42.44 5419
92 P 20.79 42.39 4823
93 P 20.37 42.45 4797
94 P 19.95 42.46 4226
95 P 20.59 42.63 4335
96 P 20.35 42.69 3580
97 P 20.47 42.87 3766
98 P 20.04 43.00 2870
99 P 20.18 43.05 3126
100 P 20.26 43.01 3327
101 P 20.08 42.95 3598
102 P 19.93 42.96 3130
103 P 20.38 43.00 2577
104 P 19.94 43.03 3034
105 P 20.38 42.84 3252
106 P 19.66 42.93 3444
107 P 20.14 42.89 2465
108 P 20.18 42.98 1977
109 P 19.92 43.04 2758
110 P 20.02 43.02 2678
111 P 19.85 43.04 2807
112 P 20.34 43.12 2441
113 P 19.86 43.15 3042
114 P 19.72 43.09 3431
115 P 19.80 43.12 2895
116 P 19.65 43.31 2803
117 P 19.48 43.29 2397
118 P 19.71 43.33 2635
119 P 19.22 43.43 3247
120 P 18.88 43.49 3175
121 P 18.94 43.48 3236
122 P 18.57 43.52 4011
123 P 18.63 43.51 4633
124 P 18.40 43.55 4760
125 P 18.62 43.66 4658
126 P 18.46 43.65 4321
127 P 18.18 43.71 4105
128 P 17.98 43.75 4216
129 P 18.14 43.83 4219
130 P 17.75 43.92 3541
131 P 17.65 43.99 3767
132 P 17.64 44.04 4031
133 P 17.54 44.06 3362
134 P 17.87 44.10 3186
135 P 17.67 44.12 3566
136 P 17.65 44.17 4003
137 P 17.42 44.12 3583
138 P 17.43 44.14 3939
139 P 17.33 44.15 3830
140 P 16.89 44.31 2447
141 P 17.44 44.43 2229
142 P 16.89 44.37 3047
143 P 17.21 44.45 4068
144 P 17.19 44.43 3942
145 P 17.14 44.55 3042
146 P 16.83 44.58 3352
147 P 17.01 44.60 2883
148 P 17.12 44.57 2793
149 P 17.26 44.55 3449
150 P 17.21 44.45 3774
151 P 16.90 44.48 4084
152 P 16.64 44.53 4129
153 P 16.56 44.60 4690
154 P 16.60 44.60 5169
155 P 16.35 44.60 3925
156 P 16.27 44.74 3585
157 P 16.40 44.82 4429
158 P 16.51 44.89 4458
159 P 16.31 44.85 3199
160 P 15.96 45.07 3646
161 P 15.95 45.05 4096
162 P 16.09 45.13 2429
163 P 15.93 45.19 2746
164 P 16.07 45.25 2879
165 P 15.88 45.13 2942
166 P 16.10 45.15 3461
167 P 15.90 45.13 3801
168 P 15.80 45.20 4229
169 P 15.88 45.18 3622
170 P 15.69 45.28 3367
171 P 15.66 45.31 2957
172 P 15.67 45.32 3891
173 P 15.64 45.32 4443
174 P 15.85 45.23 4066
175 P 15.68 45.24 4496
176 P 15.59 45.32 5604
177 P 15.46 45.39 4508
178 P 15.30 45.47 3303
179 P 15.58 45.50 3003
180 P 15.39 45.51 3733
181 P 15.64 45.43 4075
182 P 15.16 45.53 3907
183 P 15.15 45.61 3999
184 P 14.93 45.70 3470
185 P 14.85 45.80 2615
186 P 14.99 45.79 2493
187 P 14.91 45.89 2961
188 P 14.91 45.94 2584
189 P 15.27 45.68 3623
190 P 15.21 45.64 5314
191 P 15.07 45.66 6354
192 P 15.32 45.69 6591
193 P 15.06 45.69 5432
194 P 15.01 45.72 5291
195 P 14.86 45.81 4685
196 P 14.60 45.85 4240
197 P 14.66 45.93 3870
198 P 14.62 46.00 4441
199 P 14.76 45.92 4967
200 P 14.79 45.99 5915
201 P 14.76 45.96 4650
202 P 14.65 45.89 5724
203 P 14.82 45.90 6204
204 P 14.80 45.90 6314
205 P 14.77 45.83 6297
206 P 14.60 45.83 6858
207 P 14.76 45.86 7271
208 P 14.65 45.88 7219
209 P 14.60 45.91 7317
210 P 14.71 45.92 6454
211 P 14.59 45.95 6358
212 P 14.71 45.93 6217
213 P 14.72 45.87 7011
214 P 14.64 45.82 7467
215 P 14.57 45.81 7069
216 P 14.73 45.95 6485
217 P 14.65 45.92 5216
218 P 14.48 45.97 3466
219 P 14.76 46.02 3311
220 P 14.78 45.98 4830
221 P 15.00 45.95 5367
222 P 14.99 45.87 5671
223 P 14.89 45.76 5944
224 P 14.88 45.82 6461
225 P 14.94 45.73 7159
226 P 15.25 45.66 6751
227 P 15.07 45.62 5993
228 P 15.26 45.60 6296
229 P 15.26 45.60 6280
230 P 15.12 45.65 6135
231 P 15.01 45.68 5809
232 P 15.02 45.74 5982
233 P 15.02 45.76 4855
234 P 14.94 45.85 4490
235 P 15.05 45.81 3348
236 P 14.85 45.84 2910
237 P 14.88 45.81 3915
238 P 14.86 45.69 4410
239 P 14.90 45.68 5570
240 P 15.03 45.66 4403
241 P 14.96 45.67 3018
242 P 15.21 45.71 3713
243 P 15.18 45.67 3408
244 P 14.92 45.77 2429
245 P 14.91 45.87 2827
246 P 14.97 45.88 2340
247 P 14.97 45.97 2761
248 P 15.08 45.92 2872
249 P 14.92 45.93 2845
250 P 15.04 45.95 2272
251 P 14.69 45.98 2354
252 P 14.90 46.00 2411
253 P 14.85 46.00 2985
254 P 14.74 46.00 2717
255 P 15.08 46.00 2734
256 P 14.93 46.00 3126
257 P 14.86 46.04 2609
258 P 14.92 45.99 3851
259 P 14.69 45.99 3352
260 P 14.68 45.99 3572
261 P 14.74 45.98 3733
262 P 14.58 46.00 3889
263 P 14.50 46.08 3568
264 P 14.51 46.16 3651
265 P 14.44 46.26 2830
266 P 14.31 46.24 3388
267 P 14.34 46.25 3907
268 P 14.46 46.26 4277
269 P 14.21 46.25 5399
270 P 14.30 46.25 5729
271 P 14.44 46.23 4821
272 P 14.27 46.28 4735
273 P 14.21 46.27 5481
274 P 14.09 46.29 5794
275 P 14.16 46.29 5917
276 P 14.26 46.28 5985
277 P 14.16 46.35 5835
278 P 14.00 46.35 6649
279 P 14.12 46.33 8073
280 P 14.26 46.33 8457
281 P 14.06 46.35 8862
282 P 14.13 46.40 9120
283 P 14.17 46.36 9558
284 P 14.08 46.34 9327
285 P 14.13 46.25 9823
286 P 14.16 46.29 9949
287 P 14.17 46.25 9593
288 P 14.33 46.25 10209
289 P 14.26 46.25 11108
290 P 14.25 46.27 11247
291 P 14.50 46.20 10462
292 P 14.40 46.18 10436
293 P 14.53 46.19 10194
294 P 14.61 46.13 10416
295 P 14.70 46.02 10229
296 P 14.90 45.99 10506
297 P 15.03 45.83 10234
298 P 14.93 45.75 10150
299 P 15.07 45.65 9943
300 P 15.14 45.61 9586
301 P 15.30 45.61 9582
302 P 15.45 45.47 9411
303 P 15.48 45.43 9152
304 P 15.57 45.39 9128
305 P 15.56 45.34 9084
306 P 15.64 45.24 8467
307 P 15.77 45.24 8414
308 P 15.74 45.31 7627
309 P 15.96 45.31 6443
310 P 15.96 45.25 5980
311 P 16.02 45.25 6409
312 P 16.25 45.18 7113
313 P 16.38 45.12 7085
314 P 16.54 45.04 7257
315 P 16.55 44.97 7518
316 P 16.58 44.97 7735
317 P 16.38 44.89 6733
318 P 16.76 44.83 5429
319 P 16.71 44.80 5891
320 P 16.73 44.74 5976
321 P 16.84 44.69 6058
322 P 16.63 44.63 5796
323 P 16.89 44.62 5732
324 P 17.01 44.64 5619
325 P 16.88 44.61 5164
326 P 16.98 44.63 5190
327 P 17.08 44.62 4939
328 P 16.99 44.55 4871
329 P 17.24 44.51 4425
330 P 16.90 44.54 4210
331 P 17.14 44.52 3920
332 P 17.18 44.53 4162
333 P 16.96 44.53 4861
334 P 17.10 44.50 4987
335 P 17.20 44.54 5380
336 P 16.86 44.54 5373
337 P 17.25 44.46 5015
338 P 17.17 44.43 5282
339 P 16.99 44.55 5376
340 P 17.28 44.52 5155
341 P 17.06 44.51 5503
342 P 17.08 44.53 5613
343 P 17.04 44.52 4925
344 P 16.97 44.58 5401
345 P 17.14 44.60 5044
346 P 16.84 44.65 5034
347 P 17.06 44.61 5771
348 P 16.91 44.63 5778
349 P 16.99 44.61 5545
350 P 17.01 44.64 5424
351 P 17.05 44.66 3779
352 P 17.00 44.72 3568
353 P 17.10 44.64 3832
354 P 17.93 43.83 2301
