% Nframe | type | QP | PSNR | size (Bytes) 
0 I 26.19 39.26 8460
1 P 27.75 38.97 228
2 P 29.28 38.87 327
3 P 29.08 38.73 507
4 P 28.99 38.70 720
5 P 28.98 38.67 863
6 P 28.23 38.89 1116
7 P 28.63 39.07 1477
8 P 27.80 39.21 1798
9 P 28.32 39.39 1960
10 P 27.88 39.58 2207
11 P 26.79 39.76 2348
12 P 32.40 38.21 1137
13 P 27.81 39.70 3018
14 P 24.47 41.07 3803
15 P 22.88 42.12 5041
16 P 21.77 42.42 6590
17 P 20.86 42.13 9008
18 P 20.17 42.26 10587
19 P 19.79 43.21 10219
20 P 19.60 43.84 9661
21 P 19.20 44.56 9154
22 P 19.48 45.06 8310
23 P 19.24 45.23 7544
24 P 18.93 45.67 7701
25 P 19.35 45.69 7474
26 P 19.84 45.32 7468
27 P 20.12 44.58 7878
28 P 20.70 43.63 7953
29 P 21.92 41.80 8421
30 P 22.92 41.54 5687
31 P 23.11 41.78 5457
32 P 23.20 41.98 5191
33 P 23.74 42.06 4470
34 P 23.30 42.34 3909
35 P 23.63 42.41 3140
36 P 23.37 42.56 2627
37 P 23.52 42.67 2681
38 P 24.32 42.36 2623
39 P 24.49 41.73 2866
40 P 26.20 40.88 2601
41 P 25.62 40.34 2473
42 P 26.97 39.93 2211
43 P 26.83 39.63 2318
44 P 27.53 39.79 1879
45 P 26.96 40.06 1911
46 P 26.82 40.08 1924
47 P 26.61 40.20 1929
48 P 26.30 40.49 1911
49 P 26.14 40.40 1973
50 P 26.22 40.31 2574
51 P 26.12 40.02 2841
52 P 26.21 39.99 3200
53 P 25.86 39.98 3172
54 P 25.31 40.21 2809
55 P 25.22 40.40 2272
56 P 25.04 40.59 1965
57 P 25.48 40.60 1989
58 P 25.41 40.57 2176
59 P 24.32 40.62 1994
60 P 24.49 40.76 2223
61 P 24.42 40.92 2393
62 P 24.47 40.96 2251
63 P 24.19 40.92 2661
64 P 23.90 40.84 2833
65 P 24.03 40.67 2402
66 P 24.21 40.66 1802
67 P 24.18 40.85 1796
68 P 24.38 40.91 2340
69 P 24.16 40.85 2848
70 P 23.47 40.99 3513
71 P 24.09 40.93 4375
72 P 23.17 40.92 4308
73 P 23.17 40.96 4373
74 P 22.81 40.99 4078
75 P 23.09 41.09 3488
76 P 22.99 41.20 3041
77 P 22.13 41.46 2976
78 P 22.00 41.61 3025
79 P 21.65 41.60 3302
80 P 22.32 41.45 3308
81 P 21.64 41.46 2473
82 P 21.59 41.60 1942
83 P 22.12 41.62 1993
84 P 22.80 41.60 2365
85 P 22.40 41.54 2717
86 P 22.42 41.59 2858
87 P 22.63 41.66 3332
88 P 22.51 41.59 3292
89 P 22.04 41.55 3740
90 P 22.28 41.56 4097
91 P 22.25 41.51 4365
92 P 21.75 41.48 3757
93 P 21.56 41.50 3687
94 P 21.38 41.58 3444
95 P 21.37 41.68 3269
96 P 21.94 41.77 2863
97 P 21.83 41.91 2934
98 P 20.96 42.08 2364
99 P 21.18 42.13 2321
100 P 21.59 42.13 2598
101 P 21.97 42.09 2577
102 P 21.93 42.17 2448
103 P 21.75 42.20 2100
104 P 21.57 42.12 2254
105 P 21.68 41.95 2534
106 P 21.09 41.99 2486
107 P 21.63 42.05 2018
108 P 21.33 42.19 1682
109 P 22.07 42.12 1728
110 P 21.71 42.13 1989
111 P 21.12 42.17 2242
112 P 21.39 42.28 1964
113 P 21.27 42.30 2168
114 P 21.43 42.41 2872
115 P 21.11 42.36 2163
116 P 20.77 42.44 1893
117 P 21.00 42.49 1863
118 P 21.18 42.52 1952
119 P 20.27 42.58 2414
120 P 20.36 42.66 2456
121 P 20.16 42.71 2729
122 P 20.38 42.74 3092
123 P 20.44 42.70 3568
124 P 20.96 42.74 3689
125 P 20.52 42.85 3581
126 P 20.56 42.86 3229
127 P 20.03 42.91 3125
128 P 19.98 42.92 3044
129 P 19.83 42.97 3301
130 P 19.54 43.10 2717
131 P 19.40 43.21 2940
132 P 19.41 43.22 3072
133 P 19.53 43.29 2641
134 P 19.61 43.32 2493
135 P 19.26 43.30 2711
136 P 19.16 43.34 2838
137 P 18.78 43.34 2658
138 P 18.84 43.33 2933
139 P 18.86 43.45 3224
140 P 18.58 43.54 1767
141 P 18.90 43.64 1637
142 P 18.89 43.57 2228
143 P 18.63 43.56 2901
144 P 18.87 43.64 3189
145 P 18.24 43.75 2458
146 P 18.46 43.77 2502
147 P 17.82 43.78 2281
148 P 18.41 43.80 2130
149 P 18.41 43.81 2736
150 P 18.33 43.73 3067
151 P 18.26 43.78 3212
152 P 18.21 43.79 3267
153 P 17.62 43.87 3890
154 P 17.80 43.91 4134
155 P 17.88 44.01 3287
156 P 17.67 44.10 2643
157 P 17.79 44.14 3312
158 P 17.32 44.20 3644
159 P 17.49 44.24 2658
160 P 16.85 44.39 2804
161 P 17.20 44.38 3189
162 P 17.37 44.50 2154
163 P 17.35 44.54 2145
164 P 17.31 44.55 2134
165 P 16.82 44.55 2647
166 P 16.63 44.44 2570
167 P 16.90 44.42 2893
168 P 17.13 44.50 3188
169 P 16.89 44.49 2849
170 P 16.76 44.59 2493
171 P 16.37 44.64 2166
172 P 16.77 44.64 2816
173 P 16.87 44.60 3274
174 P 16.68 44.58 3489
175 P 16.70 44.57 3575
176 P 16.71 44.63 4482
177 P 16.71 44.75 3633
178 P 16.45 44.85 2517
179 P 16.70 44.89 2320
180 P 16.44 44.88 2978
181 P 16.29 44.86 3402
182 P 16.27 44.91 3016
183 P 16.23 44.99 3045
184 P 15.89 45.04 2639
185 P 15.93 45.13 1924
186 P 15.97 45.18 1849
187 P 16.03 45.30 2394
188 P 15.79 45.30 1921
189 P 16.16 45.10 2772
190 P 16.11 45.03 4305
191 P 16.08 45.04 5175
192 P 15.97 45.04 5555
193 P 16.29 45.06 4546
194 P 15.92 45.10 4395
195 P 15.54 45.20 3881
196 P 15.55 45.21 3298
197 P 15.61 45.31 2961
198 P 15.43 45.38 3696
199 P 15.50 45.33 4138
200 P 15.53 45.33 4859
201 P 15.57 45.32 3862
202 P 15.76 45.25 4732
203 P 15.53 45.27 5296
204 P 15.70 45.29 4932
205 P 15.79 45.19 4854
206 P 15.65 45.25 5362
207 P 15.57 45.25 5476
208 P 15.60 45.31 6079
209 P 15.55 45.23 5675
210 P 15.59 45.24 5421
211 P 15.72 45.29 5109
212 P 15.76 45.26 5004
213 P 15.55 45.15 5689
214 P 15.60 45.22 6495
215 P 15.54 45.25 6030
216 P 15.67 45.21 4796
217 P 15.51 45.32 4757
218 P 15.32 45.36 2664
219 P 15.57 45.42 2649
220 P 15.58 45.37 3794
221 P 15.70 45.24 4074
222 P 15.88 45.14 4356
223 P 15.77 45.07 4928
224 P 15.92 45.09 5071
225 P 16.02 45.04 5801
226 P 15.93 44.90 5192
227 P 16.10 44.91 5038
228 P 16.29 44.94 5260
229 P 16.07 44.95 5198
230 P 16.09 44.98 4957
231 P 16.03 44.97 4632
232 P 15.98 45.05 4783
233 P 16.18 45.16 3966
234 P 16.03 45.21 3441
235 P 15.94 45.22 2509
236 P 15.81 45.21 2223
237 P 15.88 45.16 2943
238 P 15.76 45.09 3566
239 P 16.28 45.00 4457
240 P 16.11 44.98 3302
241 P 16.14 45.01 2542
242 P 16.27 45.05 2742
243 P 16.15 45.03 2717
244 P 15.84 45.11 1714
245 P 16.11 45.17 2034
246 P 16.17 45.23 1749
247 P 16.36 45.27 1928
248 P 16.02 45.26 2213
249 P 15.82 45.28 2265
250 P 15.78 45.31 1606
251 P 15.63 45.32 1705
252 P 15.83 45.38 1862
253 P 15.64 45.37 2372
254 P 15.48 45.34 1939
255 P 15.83 45.35 2139
256 P 15.86 45.39 2522
257 P 15.83 45.39 1967
258 P 15.83 45.34 2856
259 P 15.62 45.31 2573
260 P 15.66 45.36 2948
261 P 15.49 45.31 2820
262 P 15.37 45.31 3087
263 P 15.28 45.43 2958
264 P 15.40 45.47 2762
265 P 15.35 45.60 2221
266 P 15.38 45.63 2806
267 P 15.08 45.61 3126
268 P 14.97 45.63 3546
269 P 15.07 45.56 4173
270 P 15.20 45.61 4562
271 P 15.22 45.62 4107
272 P 15.14 45.69 3873
273 P 15.15 45.68 4538
274 P 15.23 45.66 4652
275 P 15.23 45.69 4984
276 P 15.10 45.72 5219
277 P 14.90 45.74 4870
278 P 14.86 45.72 5496
279 P 14.96 45.67 6233
280 P 15.05 45.70 7304
281 P 15.00 45.72 7664
282 P 15.00 45.75 7658
283 P 14.91 45.76 7938
284 P 14.97 45.72 8176
285 P 15.04 45.69 8312
286 P 15.12 45.69 8317
287 P 15.15 45.69 8137
288 P 15.07 45.72 8795
289 P 15.05 45.71 9552
290 P 15.08 45.66 9583
291 P 15.23 45.61 9034
292 P 15.20 45.59 9050
293 P 15.32 45.62 8902
294 P 15.45 45.51 8714
295 P 15.50 45.44 8999
296 P 15.65 45.35 8635
297 P 15.77 45.20 8858
298 P 15.78 45.09 8646
299 P 16.06 45.06 8508
300 P 16.16 44.99 7920
301 P 16.21 44.89 7839
302 P 16.33 44.77 7800
303 P 16.53 44.72 7659
304 P 16.67 44.72 7548
305 P 16.79 44.65 7309
306 P 16.96 44.50 6880
307 P 17.00 44.47 6576
308 P 16.92 44.58 6118
309 P 17.17 44.54 5122
310 P 17.32 44.50 4978
311 P 17.30 44.45 5112
312 P 17.53 44.42 5876
313 P 17.60 44.33 5671
314 P 17.74 44.34 5963
315 P 17.90 44.24 6010
316 P 17.82 44.22 6262
317 P 17.80 44.14 5244
318 P 17.99 44.05 4236
319 P 18.11 43.98 4537
320 P 18.15 43.87 4511
321 P 18.03 43.83 4747
322 P 18.12 43.84 4648
323 P 18.41 43.82 4489
324 P 18.37 43.81 4329
325 P 18.43 43.80 3985
326 P 18.20 43.82 4056
327 P 18.16 43.75 3834
328 P 18.63 43.73 3884
329 P 18.31 43.76 3833
330 P 18.57 43.73 3163
331 P 18.33 43.73 2920
332 P 18.41 43.75 3202
333 P 18.45 43.73 3551
334 P 18.65 43.70 3893
335 P 18.71 43.75 4288
336 P 18.90 43.75 3922
337 P 18.77 43.72 3844
338 P 18.77 43.74 4263
339 P 18.66 43.71 3886
340 P 18.27 43.71 3963
341 P 18.51 43.65 4063
342 P 18.66 43.73 4360
343 P 18.47 43.78 4059
344 P 18.32 43.82 4144
345 P 18.33 43.84 4096
346 P 18.45 43.91 3897
347 P 18.57 43.78 4250
348 P 18.30 43.86 4547
349 P 18.52 43.80 4092
350 P 18.82 43.85 4247
351 P 18.37 43.90 3059
352 P 18.53 43.92 2589
353 P 18.42 43.90 2959
354 P 19.74 43.14 1633
