% Nframe | type | QP | PSNR | size (Bytes) 
0 I 29.16 38.13 11445
1 P 31.48 37.78 225
2 P 32.06 37.68 435
3 P 32.71 37.58 537
4 P 31.82 37.54 797
5 P 31.80 37.66 988
6 P 31.90 38.05 1247
7 P 31.29 38.17 1690
8 P 31.40 38.38 2111
9 P 31.59 38.64 2435
10 P 31.66 38.89 2531
11 P 30.98 39.14 2690
12 P 34.39 37.54 1323
13 P 32.52 38.28 2493
14 P 29.71 39.46 3710
15 P 28.05 40.23 4735
16 P 26.62 40.55 6229
17 P 26.16 40.03 8407
18 P 25.89 40.01 9962
19 P 25.99 41.33 9229
20 P 24.89 42.30 8584
21 P 24.83 43.07 8259
22 P 24.83 43.54 7469
23 P 25.17 43.81 6674
24 P 24.31 44.25 7192
25 P 24.94 44.41 7097
26 P 25.17 44.02 6871
27 P 25.34 43.28 7665
28 P 25.94 42.04 7669
29 P 27.17 39.84 7855
30 P 28.61 39.53 4856
31 P 28.72 40.20 4999
32 P 27.89 40.52 5055
33 P 28.07 40.86 4376
34 P 27.49 41.12 3979
35 P 27.52 41.18 3131
36 P 27.93 41.25 2683
37 P 27.86 41.22 2570
38 P 27.83 41.05 2747
39 P 29.19 40.28 2824
40 P 30.58 39.29 2598
41 P 31.03 38.77 2556
42 P 31.06 38.37 2261
43 P 31.65 37.99 2369
44 P 31.40 38.12 1928
45 P 31.33 38.45 1920
46 P 30.50 38.52 2018
47 P 31.20 38.68 1898
48 P 30.76 39.03 1973
49 P 30.58 38.91 2056
50 P 30.36 38.68 2535
51 P 30.78 38.33 2852
52 P 30.64 38.14 3058
53 P 30.33 38.22 3180
54 P 30.10 38.48 2759
55 P 29.76 38.66 2249
56 P 29.72 38.90 2064
57 P 29.60 38.88 2035
58 P 28.99 38.74 2152
59 P 29.24 38.82 2063
60 P 28.65 38.80 2207
61 P 28.27 38.99 2339
62 P 28.51 39.10 2259
63 P 28.33 39.03 2538
64 P 28.81 38.77 2597
65 P 28.64 38.54 2413
66 P 28.65 38.57 1916
67 P 28.62 38.77 1668
68 P 27.77 38.95 2110
69 P 28.59 38.83 2645
70 P 28.34 38.94 2883
71 P 27.54 38.98 4371
72 P 28.11 38.97 4283
73 P 28.01 38.88 4317
74 P 28.02 38.85 4062
75 P 27.50 39.01 3444
76 P 27.50 39.22 3245
77 P 27.36 39.38 2686
78 P 26.83 39.51 2810
79 P 26.96 39.47 2912
80 P 26.52 39.19 3053
81 P 26.49 39.21 2272
82 P 26.89 39.28 1890
83 P 27.44 39.43 1919
84 P 27.61 39.47 1994
85 P 27.93 39.54 2328
86 P 27.61 39.64 2589
87 P 27.60 39.72 2987
88 P 27.80 39.74 3281
89 P 27.31 39.63 3464
90 P 27.61 39.50 3864
91 P 26.79 39.33 4285
92 P 26.75 39.26 3904
93 P 26.80 39.18 3382
94 P 26.40 39.24 3275
95 P 26.90 39.38 2968
96 P 26.49 39.50 2766
97 P 26.23 39.65 2618
98 P 26.08 39.84 2612
99 P 26.39 40.04 2229
100 P 26.36 40.07 2260
101 P 26.40 40.00 2010
102 P 26.21 39.98 2046
103 P 26.12 39.88 2046
104 P 26.27 39.80 2146
105 P 25.84 39.77 2339
106 P 26.33 39.68 2195
107 P 25.92 39.73 2055
108 P 25.86 39.85 1510
109 P 26.14 39.86 1707
110 P 25.86 39.90 1838
111 P 25.92 39.97 1525
112 P 25.65 40.08 1650
113 P 25.16 40.05 1872
114 P 25.23 40.02 2395
115 P 25.02 39.99 2076
116 P 25.02 40.11 2062
117 P 24.91 40.20 1797
118 P 24.86 40.33 1989
119 P 23.95 40.42 2235
120 P 24.29 40.51 2146
121 P 24.42 40.61 2359
122 P 24.01 40.60 2701
123 P 24.38 40.59 3395
124 P 24.77 40.56 3551
125 P 24.46 40.65 3972
126 P 24.31 40.60 3505
127 P 24.00 40.66 3110
128 P 24.00 40.74 2759
129 P 23.42 40.80 2972
130 P 23.33 40.91 2798
131 P 23.33 40.94 3201
132 P 23.26 41.01 3437
133 P 23.31 41.03 2692
134 P 23.11 41.10 2536
135 P 23.15 41.14 2278
136 P 23.34 41.25 2156
137 P 23.57 41.25 2087
138 P 23.02 41.25 2252
139 P 22.82 41.25 2476
140 P 22.49 41.30 1529
141 P 22.94 41.38 1618
142 P 22.88 41.37 2166
143 P 23.18 41.32 2081
144 P 22.63 41.35 2802
145 P 22.32 41.42 2235
146 P 22.37 41.46 2356
147 P 22.72 41.50 2194
148 P 22.37 41.50 2272
149 P 22.28 41.50 2570
150 P 22.22 41.57 2856
151 P 21.77 41.64 2538
152 P 21.75 41.68 2895
153 P 21.69 41.68 3237
154 P 21.46 41.68 4162
155 P 21.59 41.72 3097
156 P 21.34 41.87 3141
157 P 21.38 41.89 3483
158 P 21.20 41.89 3807
159 P 20.93 41.99 3200
160 P 21.05 42.12 2942
161 P 21.12 42.10 3294
162 P 20.87 42.21 2460
163 P 20.70 42.28 2773
164 P 20.82 42.30 2631
165 P 20.71 42.28 2513
166 P 20.48 42.24 2810
167 P 20.79 42.22 2825
168 P 20.78 42.26 3359
169 P 20.89 42.29 3210
170 P 20.78 42.38 2711
171 P 20.42 42.47 2465
172 P 20.48 42.44 2664
173 P 20.70 42.41 3177
174 P 20.69 42.38 2973
175 P 20.80 42.43 3035
176 P 20.38 42.44 3940
177 P 20.53 42.55 3828
178 P 20.52 42.61 2497
179 P 20.59 42.64 2403
180 P 20.64 42.67 2962
181 P 20.75 42.64 3484
182 P 20.52 42.65 3087
183 P 20.58 42.68 3314
184 P 20.11 42.82 3167
185 P 19.88 42.88 2137
186 P 20.14 42.94 2103
187 P 20.23 43.03 2617
188 P 20.10 43.08 1923
189 P 20.15 42.92 2585
190 P 20.10 42.87 4078
191 P 19.99 42.78 4664
192 P 19.92 42.78 5297
193 P 20.17 42.84 5257
194 P 20.22 42.88 4978
195 P 19.82 42.90 4012
196 P 19.63 42.91 3715
197 P 19.66 43.04 2903
198 P 19.50 43.05 3590
199 P 19.91 43.01 3795
200 P 19.63 43.04 5108
201 P 19.64 43.03 3934
202 P 19.67 43.08 4303
203 P 19.47 43.12 4332
204 P 19.61 43.13 4536
205 P 19.57 43.09 3931
206 P 19.63 43.10 3927
207 P 19.57 43.04 4081
208 P 19.61 43.01 4653
209 P 19.31 42.95 5201
210 P 19.30 42.96 4941
211 P 19.29 43.06 4857
212 P 19.65 43.05 4658
213 P 19.32 42.97 5285
214 P 19.47 43.03 5949
215 P 19.63 42.99 5231
216 P 19.36 43.03 4762
217 P 19.29 43.14 5200
218 P 19.27 43.23 3093
219 P 19.64 43.27 2938
220 P 19.58 43.16 3730
221 P 19.72 43.12 3879
222 P 19.44 43.07 4068
223 P 19.43 43.09 4826
224 P 19.77 43.06 4266
225 P 19.68 43.04 4489
226 P 19.70 43.02 4328
227 P 20.07 42.99 4017
228 P 19.93 42.96 4485
229 P 19.70 42.89 4893
230 P 19.71 42.86 5100
231 P 19.78 42.90 4482
232 P 19.79 42.97 4630
233 P 19.64 43.01 4268
234 P 19.74 43.06 3641
235 P 19.98 43.11 2977
236 P 19.42 43.16 2815
237 P 19.40 43.13 3355
238 P 19.74 43.01 3983
239 P 19.99 43.02 5379
240 P 19.92 42.99 4147
241 P 19.75 43.05 2734
242 P 19.77 43.05 2795
243 P 19.49 43.07 2985
244 P 19.56 43.15 1953
245 P 19.81 43.16 2110
246 P 20.00 43.18 2325
247 P 19.77 43.21 2421
248 P 19.37 43.20 2740
249 P 19.37 43.19 2360
250 P 19.25 43.23 2015
251 P 19.18 43.24 1877
252 P 19.48 43.27 1962
253 P 19.63 43.23 2433
254 P 19.37 43.21 2351
255 P 19.38 43.25 2208
256 P 19.20 43.23 2652
257 P 19.62 43.27 2296
258 P 19.80 43.25 3231
259 P 19.41 43.27 2822
260 P 19.39 43.24 2997
261 P 19.20 43.24 3125
262 P 19.36 43.25 3335
263 P 19.28 43.33 2749
264 P 19.31 43.39 2966
265 P 19.13 43.48 2382
266 P 19.22 43.49 3191
267 P 18.98 43.44 3808
268 P 19.05 43.47 3673
269 P 18.85 43.48 4316
270 P 18.86 43.43 4472
271 P 19.14 43.46 4110
272 P 19.02 43.48 4233
273 P 18.90 43.49 4699
274 P 18.93 43.50 5237
275 P 18.84 43.55 5001
276 P 18.79 43.53 5301
277 P 18.71 43.56 4592
278 P 18.77 43.56 5397
279 P 18.64 43.52 5953
280 P 18.64 43.57 7273
281 P 18.54 43.55 7261
282 P 18.57 43.59 7722
283 P 18.60 43.59 8575
284 P 18.62 43.52 8582
285 P 18.65 43.49 8743
286 P 18.66 43.55 8571
287 P 18.70 43.63 8620
288 P 18.59 43.71 9731
289 P 18.75 43.75 10731
290 P 18.80 43.70 10216
291 P 18.82 43.72 9756
292 P 18.97 43.63 9514
293 P 18.95 43.60 9179
294 P 19.02 43.55 9816
295 P 19.22 43.40 9331
296 P 19.35 43.33 9176
297 P 19.51 43.24 9391
298 P 19.59 43.17 9643
299 P 19.71 43.06 9809
300 P 19.72 42.98 9151
301 P 20.13 42.93 8988
302 P 20.50 42.71 8240
303 P 20.58 42.73 8401
304 P 20.88 42.70 8602
305 P 20.34 42.64 8400
306 P 20.80 42.47 7824
307 P 20.55 42.49 7659
308 P 20.61 42.61 6733
309 P 20.88 42.62 5282
310 P 20.68 42.58 4684
311 P 20.89 42.55 5200
312 P 21.24 42.48 5364
313 P 21.22 42.39 5621
314 P 21.23 42.38 5916
315 P 21.51 42.24 6050
316 P 21.60 42.18 6031
317 P 21.60 42.00 5671
318 P 22.10 41.98 4649
319 P 22.07 41.95 3940
320 P 21.95 41.96 4047
321 P 22.14 41.84 4231
322 P 22.13 41.79 4201
323 P 21.89 41.75 3711
324 P 22.21 41.72 3702
325 P 22.34 41.77 3654
326 P 22.64 41.71 3460
327 P 22.08 41.71 3405
328 P 22.58 41.63 3434
329 P 22.78 41.57 3443
330 P 22.79 41.58 2948
331 P 22.49 41.63 2933
332 P 22.57 41.69 3102
333 P 22.44 41.70 3358
334 P 22.73 41.64 3085
335 P 22.71 41.75 3808
336 P 22.71 41.72 3617
337 P 22.17 41.76 3628
338 P 22.29 41.71 3528
339 P 22.59 41.73 3685
340 P 22.22 41.71 3627
341 P 22.16 41.73 3870
342 P 22.46 41.72 3870
343 P 22.14 41.67 3773
344 P 22.61 41.69 3875
345 P 22.19 41.76 3909
346 P 22.63 41.77 3396
347 P 22.62 41.73 4596
348 P 22.19 41.78 4311
349 P 22.66 41.81 4349
350 P 22.48 41.76 4091
351 P 22.11 41.78 2983
352 P 22.26 41.80 2725
353 P 22.53 41.86 2954
354 P 23.23 41.30 1406
