% Nframe | type | QP | PSNR | size (Bytes) 
0 I 23.85 40.10 4017
1 P 23.08 39.79 121
2 P 26.13 39.62 156
3 P 26.77 39.44 198
4 P 27.17 39.42 371
5 P 26.65 39.30 536
6 P 26.42 39.27 617
7 P 26.20 39.35 865
8 P 26.33 39.30 955
9 P 25.83 39.25 1082
10 P 25.57 39.45 1180
11 P 25.30 39.57 1320
12 P 26.99 38.97 1057
13 P 22.34 40.91 2310
14 P 19.40 42.66 3029
15 P 17.86 43.97 3848
16 P 16.70 44.29 4882
17 P 15.93 44.59 6197
18 P 15.19 44.95 7113
19 P 14.89 45.30 7150
20 P 14.54 45.90 7270
21 P 14.30 46.35 6913
22 P 14.07 46.70 6527
23 P 13.88 46.93 6064
24 P 13.80 47.00 6336
25 P 14.14 47.08 5972
26 P 14.42 46.81 5733
27 P 14.95 46.32 5604
28 P 15.66 45.64 5597
29 P 16.60 44.88 5547
30 P 17.73 44.47 4327
31 P 18.02 44.20 4205
32 P 18.15 44.24 4128
33 P 18.18 44.17 3689
34 P 18.15 44.24 3199
35 P 18.28 44.41 2623
36 P 17.90 44.37 2242
37 P 18.89 44.39 2186
38 P 18.58 44.06 2254
39 P 18.94 43.60 2295
40 P 19.32 43.27 2212
41 P 20.35 42.82 1992
42 P 20.58 42.66 1997
43 P 20.52 42.56 1939
44 P 21.37 42.55 1573
45 P 21.93 42.44 1656
46 P 21.62 42.56 1781
47 P 21.14 42.59 1570
48 P 20.83 42.84 1821
49 P 20.83 42.82 1756
50 P 20.84 42.82 2026
51 P 19.65 42.82 2367
52 P 20.47 42.80 2550
53 P 21.08 42.78 2531
54 P 20.24 42.90 2266
55 P 19.83 42.98 1797
56 P 20.12 43.10 1583
57 P 19.70 43.24 1732
58 P 19.23 43.41 1752
59 P 19.00 43.50 1647
60 P 18.70 43.64 1733
61 P 19.20 43.71 1814
62 P 19.00 43.93 1964
63 P 19.26 43.69 1882
64 P 19.31 43.66 2075
65 P 18.92 43.73 1778
66 P 19.07 43.78 1741
67 P 18.31 43.69 1567
68 P 19.25 43.75 1928
69 P 18.80 43.78 2342
70 P 17.84 43.86 2637
71 P 17.96 43.95 3233
72 P 18.59 43.92 3032
73 P 17.95 44.06 3060
74 P 16.98 44.23 2984
75 P 17.64 44.23 2344
76 P 17.33 44.39 2418
77 P 18.01 44.53 2172
78 P 17.05 44.55 2228
79 P 16.51 44.69 2615
80 P 17.10 44.77 2351
81 P 16.56 44.84 1974
82 P 16.47 44.95 1669
83 P 17.54 44.93 1824
84 P 17.48 44.87 2142
85 P 17.01 44.84 2190
86 P 16.98 44.82 2372
87 P 16.80 44.78 2492
88 P 16.37 44.81 2766
89 P 16.14 44.83 2714
90 P 16.28 44.77 2694
91 P 16.19 44.72 2741
92 P 16.29 44.84 2805
93 P 16.13 44.84 2637
94 P 16.05 45.04 2686
95 P 16.17 45.13 2509
96 P 16.27 45.20 2391
97 P 16.62 45.15 2239
98 P 16.00 45.21 2303
99 P 16.30 45.36 2188
100 P 15.75 45.31 2146
101 P 16.05 45.44 2248
102 P 15.98 45.44 2151
103 P 16.19 45.33 1978
104 P 15.62 45.46 2267
105 P 16.65 45.42 2049
106 P 15.54 45.47 2149
107 P 15.78 45.50 1516
108 P 15.44 45.65 1369
109 P 15.89 45.57 1516
110 P 16.48 45.74 1652
111 P 15.81 45.58 1466
112 P 15.82 45.80 1880
113 P 16.05 45.75 1761
114 P 15.70 45.80 2016
115 P 15.45 45.82 1589
116 P 15.28 45.91 1292
117 P 15.58 45.83 1467
118 P 15.13 45.92 1707
119 P 15.32 46.01 2006
120 P 15.04 45.96 1970
121 P 15.25 46.08 2115
122 P 14.89 46.11 2433
123 P 14.97 46.13 2475
124 P 14.92 46.10 2450
125 P 14.91 46.35 2439
126 P 14.83 46.31 2177
127 P 14.38 46.38 2139
128 P 14.36 46.36 2106
129 P 14.32 46.42 1888
130 P 14.31 46.53 1934
131 P 14.07 46.51 2038
132 P 13.95 46.52 2009
133 P 13.84 46.57 1756
134 P 13.81 46.65 1855
135 P 13.85 46.52 2107
136 P 13.74 46.56 2211
137 P 13.65 46.64 2394
138 P 13.92 46.66 2086
139 P 13.65 46.79 2179
140 P 13.49 46.86 1322
141 P 13.79 46.95 1298
142 P 13.49 46.98 1864
143 P 13.65 46.99 2068
144 P 13.44 47.10 1855
145 P 12.98 47.14 1624
146 P 13.25 47.25 1741
147 P 13.07 47.29 1631
148 P 13.06 47.25 1503
149 P 12.99 47.28 2003
150 P 13.39 47.12 2151
151 P 12.82 47.20 2488
152 P 12.65 47.20 2960
153 P 12.64 47.26 2951
154 P 12.67 47.29 2814
155 P 12.59 47.40 2333
156 P 12.73 47.55 2003
157 P 12.32 47.62 2267
158 P 12.49 47.65 2164
159 P 12.18 47.64 1815
160 P 11.96 47.74 1872
161 P 12.11 47.78 2284
162 P 11.92 47.87 1801
163 P 11.66 47.96 1785
164 P 12.02 47.96 1888
165 P 12.10 47.91 1687
166 P 11.88 47.98 1925
167 P 11.91 47.93 2289
168 P 11.96 47.92 2258
169 P 12.04 47.89 2048
170 P 11.75 48.02 1956
171 P 11.21 48.10 1929
172 P 11.62 48.10 2016
173 P 11.74 48.18 2464
174 P 11.92 48.16 2420
175 P 11.68 48.09 2742
176 P 11.54 48.09 3056
177 P 11.56 48.20 2736
178 P 11.57 48.15 2112
179 P 11.47 48.39 2145
180 P 11.33 48.37 2421
181 P 11.35 48.31 2269
182 P 11.05 48.34 2326
183 P 11.15 48.40 2489
184 P 11.08 48.45 2247
185 P 11.30 48.52 1960
186 P 10.56 48.66 1759
187 P 10.48 48.74 1942
188 P 10.58 48.72 1534
189 P 11.05 48.65 2640
190 P 11.14 48.50 3274
191 P 11.17 48.48 3763
192 P 11.21 48.52 3715
193 P 11.10 48.52 3150
194 P 11.12 48.51 2932
195 P 10.93 48.57 2636
196 P 11.17 48.59 2267
197 P 10.90 48.74 2433
198 P 10.90 48.77 2714
199 P 10.79 48.76 2872
200 P 10.80 48.69 3382
201 P 10.80 48.75 3208
202 P 10.97 48.74 3616
203 P 10.88 48.79 3952
204 P 10.99 48.78 3850
205 P 10.97 48.68 4046
206 P 11.00 48.68 4349
207 P 10.95 48.61 4436
208 P 10.87 48.75 4696
209 P 10.86 48.84 4376
210 P 10.90 48.82 3951
211 P 10.90 48.80 3853
212 P 10.96 48.73 3947
213 P 10.88 48.70 4268
214 P 10.82 48.63 4051
215 P 10.84 48.71 3926
216 P 10.80 48.63 3778
217 P 10.96 48.70 3303
218 P 10.32 48.71 2488
219 P 10.65 48.76 2323
220 P 10.93 48.75 3038
221 P 11.01 48.71 3109
222 P 11.36 48.68 3281
223 P 11.28 48.59 3552
224 P 11.36 48.62 3669
225 P 11.30 48.50 3840
226 P 11.45 48.43 3804
227 P 11.30 48.41 3709
228 P 11.40 48.40 3806
229 P 11.22 48.44 3576
230 P 11.41 48.38 3259
231 P 11.34 48.41 3280
232 P 11.25 48.46 3396
233 P 11.25 48.47 2867
234 P 11.20 48.51 2578
235 P 11.33 48.54 2318
236 P 10.73 48.62 2169
237 P 10.86 48.52 2245
238 P 11.06 48.45 2465
239 P 11.47 48.34 2579
240 P 11.39 48.38 2739
241 P 11.16 48.41 2204
242 P 11.01 48.36 2037
243 P 10.71 48.41 2036
244 P 11.02 48.58 1709
245 P 10.86 48.60 1839
246 P 11.09 48.62 1911
247 P 10.91 48.68 1718
248 P 11.28 48.73 1730
249 P 11.10 48.74 1754
250 P 10.84 48.80 1590
251 P 10.70 48.75 1566
252 P 10.83 48.85 1554
253 P 10.74 48.87 1814
254 P 10.57 48.84 1702
255 P 11.17 48.85 1865
256 P 10.91 48.86 2181
257 P 11.02 48.91 1927
258 P 11.20 48.83 2191
259 P 11.09 48.77 2346
260 P 11.00 48.75 2146
261 P 10.50 48.82 2494
262 P 10.82 48.78 2320
263 P 10.45 48.88 2565
264 P 10.38 48.86 2552
265 P 10.21 49.00 1910
266 P 10.44 49.06 2447
267 P 10.52 49.08 2728
268 P 10.44 49.05 2838
269 P 10.63 49.04 3117
270 P 10.53 49.01 3511
271 P 10.47 48.96 3135
272 P 10.22 49.04 3258
273 P 10.48 49.00 3241
274 P 10.32 49.06 3496
275 P 10.36 49.00 3589
276 P 10.56 49.01 3685
277 P 10.38 49.02 3678
278 P 10.58 49.12 4083
279 P 10.52 49.03 4550
280 P 10.44 48.99 4808
281 P 10.37 48.98 5303
282 P 10.55 48.84 5284
283 P 10.49 48.81 5486
284 P 10.53 48.77 5574
285 P 10.57 48.78 5937
286 P 10.55 48.80 6044
287 P 10.48 48.78 5629
288 P 10.52 48.70 6166
289 P 10.46 48.79 6469
290 P 10.50 48.85 6592
291 P 10.71 48.73 6014
292 P 10.71 48.75 6355
293 P 10.76 48.65 6071
294 P 10.77 48.55 6088
295 P 11.00 48.48 6039
296 P 11.15 48.41 6008
297 P 11.32 48.37 6011
298 P 11.35 48.21 5573
299 P 11.42 48.18 5769
300 P 11.48 48.11 5753
301 P 11.59 48.08 5451
302 P 11.79 47.89 4919
303 P 11.92 47.85 5010
304 P 11.97 47.86 5138
305 P 12.01 47.80 4838
306 P 11.95 47.82 4822
307 P 12.20 47.65 4621
308 P 12.10 47.66 4999
309 P 12.24 47.61 4675
310 P 12.39 47.52 4571
311 P 12.36 47.49 4754
312 P 12.66 47.46 4794
313 P 12.48 47.44 4835
314 P 12.70 47.31 4780
315 P 12.46 47.31 4978
316 P 12.71 47.15 4675
317 P 12.76 47.20 4491
318 P 12.82 47.24 4263
319 P 12.93 47.22 4122
320 P 13.14 47.17 4150
321 P 13.04 47.08 3919
322 P 13.18 47.03 3993
323 P 13.12 47.10 3864
324 P 13.32 46.99 3470
325 P 13.24 47.03 3584
326 P 13.34 47.01 3612
327 P 13.08 46.94 3148
328 P 13.44 46.94 2668
329 P 13.39 47.00 2602
330 P 13.36 47.07 2322
331 P 13.42 47.00 2198
332 P 13.33 46.94 2554
333 P 13.88 46.96 2911
334 P 13.90 46.86 3031
335 P 13.77 46.79 3163
336 P 13.77 46.73 3206
337 P 13.77 46.79 3155
338 P 13.70 46.84 3381
339 P 13.73 46.79 3121
340 P 13.74 46.74 3152
341 P 13.64 46.77 3350
342 P 13.50 46.84 3366
343 P 13.66 46.85 3054
344 P 13.65 46.91 3011
345 P 13.63 46.83 2852
346 P 13.64 46.97 2802
347 P 13.80 46.93 3049
348 P 13.74 46.91 3166
349 P 13.79 46.96 3258
350 P 13.61 46.97 2995
351 P 13.45 47.03 1861
352 P 13.60 46.99 1890
353 P 14.36 46.91 2419
354 P 15.57 45.98 1498
