% Nframe | type | QP | PSNR | size (Bytes) 
0 I 49.13 30.07 3792
1 P 51.00 30.04 12
2 P 51.00 29.97 12
3 P 51.00 29.84 16
4 P 51.00 29.49 45
5 P 51.00 29.02 161
6 P 50.88 28.31 357
7 P 50.67 27.47 584
8 P 50.86 28.15 487
9 P 50.89 27.50 605
10 P 50.69 27.44 648
11 P 50.67 27.16 778
12 P 51.00 25.91 813
13 P 51.00 25.42 573
14 P 51.00 25.57 1015
15 P 51.00 25.61 744
16 P 51.00 25.60 1036
17 P 51.00 25.42 982
18 P 51.00 25.14 710
19 P 50.99 25.07 862
20 P 51.00 25.44 1039
21 P 50.98 25.65 1152
22 P 50.99 25.92 1103
23 P 51.00 25.71 808
24 P 51.00 25.42 1165
25 P 51.00 24.90 1130
26 P 51.00 24.62 1103
27 P 51.00 24.26 1127
28 P 51.00 24.08 965
29 P 51.00 23.66 586
30 P 51.00 23.89 336
31 P 51.00 24.20 427
32 P 51.00 24.18 569
33 P 51.00 24.21 755
34 P 51.00 24.42 789
35 P 51.00 24.41 772
36 P 51.00 24.43 838
37 P 51.00 24.67 888
38 P 51.00 24.64 760
39 P 51.00 24.45 391
40 P 51.00 24.01 499
41 P 51.00 23.90 462
42 P 51.00 23.89 366
43 P 51.00 23.97 247
44 P 51.00 24.03 143
45 P 51.00 24.14 182
46 P 51.00 24.19 183
47 P 51.00 24.14 186
48 P 51.00 23.90 198
49 P 51.00 23.48 192
50 P 51.00 23.09 222
51 P 51.00 23.03 313
52 P 51.00 22.85 253
53 P 51.00 22.70 238
54 P 51.00 22.68 261
55 P 51.00 22.87 327
56 P 51.00 23.18 385
57 P 51.00 23.42 371
58 P 51.00 23.58 325
59 P 51.00 23.63 342
60 P 51.00 23.59 342
61 P 51.00 23.76 425
62 P 51.00 23.71 349
63 P 51.00 23.69 355
64 P 51.00 23.70 323
65 P 51.00 23.68 239
66 P 51.00 23.64 123
67 P 51.00 23.63 129
68 P 51.00 23.70 180
69 P 51.00 23.71 119
70 P 51.00 23.77 153
71 P 51.00 23.85 234
72 P 51.00 23.88 188
73 P 51.00 23.89 184
74 P 51.00 23.85 168
75 P 51.00 23.80 195
76 P 51.00 23.72 191
77 P 51.00 23.68 221
78 P 51.00 23.65 271
79 P 51.00 23.54 193
80 P 51.00 23.48 215
81 P 51.00 23.44 122
82 P 51.00 23.47 75
83 P 51.00 23.57 70
84 P 51.00 23.67 62
85 P 51.00 23.81 86
86 P 51.00 23.91 58
87 P 51.00 23.97 108
88 P 51.00 23.97 124
89 P 51.00 23.96 131
90 P 51.00 23.94 146
91 P 51.00 23.96 178
92 P 51.00 23.91 91
93 P 51.00 23.91 114
94 P 51.00 23.91 88
95 P 51.00 23.97 152
96 P 51.00 23.99 122
97 P 51.00 24.01 149
98 P 51.00 24.04 166
99 P 51.00 24.08 169
100 P 51.00 24.09 153
101 P 51.00 24.07 120
102 P 51.00 24.05 136
103 P 51.00 24.09 177
104 P 51.00 24.08 93
105 P 51.00 24.05 62
106 P 51.00 24.05 77
107 P 51.00 24.04 48
108 P 51.00 24.06 68
109 P 51.00 24.07 57
110 P 51.00 24.07 72
111 P 51.00 24.08 89
112 P 51.00 24.14 164
113 P 51.00 24.36 349
114 P 51.00 24.42 181
115 P 51.00 24.44 72
116 P 51.00 24.51 53
117 P 51.00 24.61 46
118 P 51.00 24.70 46
119 P 51.00 24.76 38
120 P 51.00 24.81 54
121 P 51.00 24.87 75
122 P 51.00 24.90 75
123 P 51.00 24.91 72
124 P 51.00 24.93 64
125 P 51.00 24.95 68
126 P 51.00 24.97 70
127 P 51.00 24.99 58
128 P 50.86 25.00 63
129 P 50.80 25.05 99
130 P 50.85 25.07 84
131 P 51.00 25.08 68
132 P 51.00 25.09 73
133 P 50.39 25.13 85
134 P 51.00 25.17 79
135 P 51.00 25.18 57
136 P 51.00 25.23 113
137 P 51.00 25.27 115
138 P 48.80 25.31 77
139 P 49.76 25.39 113
140 P 50.13 25.43 95
141 P 48.00 25.55 95
142 P 50.15 25.67 136
143 P 50.93 25.73 73
144 P 48.10 25.79 48
145 P 48.01 25.85 56
146 P 50.77 25.98 150
147 P 46.57 26.00 54
148 P 46.73 26.03 70
149 P 47.46 26.04 48
150 P 48.69 26.14 174
151 P 48.58 26.16 123
152 P 49.02 26.18 98
153 P 47.43 26.18 166
154 P 48.41 26.25 164
155 P 49.06 26.29 92
156 P 48.89 26.34 102
157 P 46.12 26.42 100
158 P 43.81 26.48 72
159 P 47.37 26.63 105
160 P 47.80 26.72 111
161 P 46.34 26.72 95
162 P 44.75 26.78 56
163 P 49.16 26.83 77
164 P 46.86 26.93 104
165 P 46.67 26.93 43
166 P 44.40 26.98 81
167 P 47.98 27.01 57
168 P 47.45 27.04 70
169 P 46.34 27.09 49
170 P 46.91 27.19 91
171 P 46.01 27.28 121
172 P 45.97 27.34 135
173 P 45.13 27.40 128
174 P 44.69 27.42 91
175 P 46.72 27.46 90
176 P 44.29 27.51 108
177 P 47.35 27.58 99
178 P 45.04 27.63 95
179 P 46.84 27.64 79
180 P 47.38 27.64 49
181 P 46.49 27.68 80
182 P 46.19 27.74 96
183 P 47.20 27.77 69
184 P 45.09 27.82 57
185 P 45.83 27.85 36
186 P 45.59 27.92 75
187 P 46.31 27.98 90
188 P 43.96 28.06 133
189 P 44.20 28.04 53
190 P 47.05 28.05 83
191 P 45.97 28.03 132
192 P 46.45 28.01 91
193 P 45.60 27.95 73
194 P 46.29 28.02 150
195 P 46.20 28.04 83
196 P 44.37 28.05 56
197 P 46.12 28.06 60
198 P 46.00 28.07 58
199 P 48.91 28.05 29
200 P 44.49 28.02 86
201 P 47.46 28.07 104
202 P 46.55 28.09 137
203 P 46.43 28.09 148
204 P 46.70 28.09 134
205 P 47.34 28.09 147
206 P 46.93 28.09 201
207 P 46.63 28.06 212
208 P 46.43 28.08 194
209 P 45.13 28.12 250
210 P 46.17 28.20 204
211 P 45.80 28.20 154
212 P 44.24 28.22 182
213 P 44.25 28.31 247
214 P 45.15 28.34 247
215 P 44.33 28.32 141
216 P 45.66 28.34 150
217 P 46.81 28.44 148
218 P 45.92 28.44 87
219 P 45.38 28.49 109
220 P 45.82 28.57 100
221 P 45.14 28.62 87
222 P 44.28 28.69 57
223 P 45.84 28.79 61
224 P 43.68 28.86 48
225 P 44.09 28.92 50
226 P 43.07 28.93 52
227 P 46.33 28.94 70
228 P 45.11 28.96 87
229 P 44.13 28.95 75
230 P 46.96 28.97 84
231 P 44.84 28.97 55
232 P 46.72 28.94 63
233 P 45.26 28.94 74
234 P 43.48 28.96 94
235 P 42.06 28.96 37
236 P 41.39 28.98 37
237 P 43.95 29.04 83
238 P 44.01 29.08 123
239 P 46.64 29.05 58
240 P 47.35 29.08 89
241 P 46.40 29.05 69
242 P 45.25 29.05 62
243 P 44.80 29.10 112
244 P 44.41 29.14 43
245 P 45.28 29.16 47
246 P 46.24 29.19 37
247 P 40.23 29.20 31
248 P 43.62 29.22 41
249 P 44.50 29.24 43
250 P 48.00 29.24 12
251 P 45.68 29.25 50
252 P 46.76 29.27 27
253 P 41.24 29.31 194
254 P 39.75 29.35 162
255 P 41.28 29.36 32
256 P 38.58 29.39 24
257 P 47.00 29.39 12
258 P 46.03 29.43 57
259 P 42.27 29.44 41
260 P 41.88 29.44 43
261 P 39.35 29.44 34
262 P 47.00 29.43 19
263 P 42.27 29.44 58
264 P 39.31 29.50 200
265 P 45.26 29.52 48
266 P 40.74 29.54 73
267 P 45.85 29.54 33
268 P 45.07 29.57 73
269 P 41.68 29.55 104
270 P 45.34 29.53 59
271 P 44.89 29.50 56
272 P 42.58 29.69 165
273 P 43.58 29.71 141
274 P 43.34 29.74 118
275 P 43.72 29.75 129
276 P 43.73 29.75 118
277 P 42.45 29.73 106
278 P 43.03 29.71 158
279 P 43.47 29.69 185
280 P 44.02 29.72 315
281 P 43.52 29.76 327
282 P 42.22 29.77 327
283 P 43.50 29.82 404
284 P 43.12 29.82 467
285 P 44.04 29.79 440
286 P 42.86 29.82 528
287 P 43.14 29.91 576
288 P 43.51 30.03 665
289 P 43.25 30.05 752
290 P 43.30 30.04 742
291 P 42.67 29.98 726
292 P 43.05 30.01 776
293 P 43.26 30.06 835
294 P 43.30 29.99 808
295 P 43.07 29.96 824
296 P 42.85 30.03 869
297 P 42.97 29.99 807
298 P 42.95 29.93 768
299 P 43.09 29.95 785
300 P 42.71 29.93 762
301 P 42.60 30.04 772
302 P 42.99 29.90 552
303 P 42.57 29.98 656
304 P 42.84 30.00 628
305 P 42.63 30.04 597
306 P 41.79 30.03 640
307 P 42.28 30.00 615
308 P 42.69 30.09 809
309 P 42.67 30.09 731
310 P 42.86 30.10 852
311 P 42.77 30.10 899
312 P 42.83 30.17 1005
313 P 42.88 30.16 966
314 P 42.97 30.24 1005
315 P 42.50 30.30 975
316 P 42.63 30.26 940
317 P 43.05 30.14 859
318 P 42.84 30.03 795
319 P 43.36 29.98 738
320 P 42.57 30.00 718
321 P 43.19 30.01 708
322 P 42.51 29.99 603
323 P 43.11 29.98 518
324 P 42.12 29.93 544
325 P 43.23 29.92 492
326 P 42.76 30.04 601
327 P 42.40 30.05 458
328 P 42.11 30.07 394
329 P 43.04 30.13 328
330 P 42.61 30.20 228
331 P 41.93 30.24 230
332 P 43.21 30.23 253
333 P 42.74 30.23 337
334 P 42.16 30.20 369
335 P 42.22 30.29 486
336 P 42.54 30.28 521
337 P 42.24 30.12 511
338 P 42.93 30.23 629
339 P 42.04 30.09 485
340 P 43.13 30.15 587
341 P 41.99 30.11 537
342 P 42.80 30.07 497
343 P 42.78 30.08 385
344 P 41.97 30.15 312
345 P 42.67 30.28 219
346 P 43.39 30.42 206
347 P 41.33 30.45 176
348 P 44.05 30.54 199
349 P 43.52 30.56 205
350 P 42.59 30.62 218
351 P 43.54 30.61 123
352 P 42.81 30.70 104
353 P 42.54 30.72 162
354 P 44.85 30.54 93
