% Nframe | type | QP | PSNR | size (Bytes) 
0 I 28.62 37.92 6571
1 P 28.68 37.66 102
2 P 31.92 37.48 218
3 P 31.32 37.38 288
4 P 31.69 37.33 438
5 P 31.40 37.46 581
6 P 31.21 37.60 693
7 P 30.44 37.77 973
8 P 31.20 37.86 1198
9 P 31.65 38.03 1382
10 P 30.12 38.23 1607
11 P 31.03 38.41 1657
12 P 34.61 36.86 838
13 P 30.88 38.08 2204
14 P 27.33 39.48 2957
15 P 26.08 40.47 3637
16 P 24.12 40.94 4946
17 P 23.49 40.60 6629
18 P 22.58 40.74 7795
19 P 22.22 41.82 7592
20 P 22.10 42.56 7328
21 P 21.61 43.42 7082
22 P 21.43 43.81 6385
23 P 21.79 44.13 5830
24 P 21.07 44.55 6091
25 P 21.47 44.55 5869
26 P 22.17 44.13 5931
27 P 22.62 43.36 6169
28 P 23.51 42.31 6077
29 P 24.58 40.41 6183
30 P 26.29 40.16 3954
31 P 26.39 40.46 3924
32 P 25.63 40.74 3949
33 P 25.72 40.80 3350
34 P 25.70 41.05 2945
35 P 25.47 41.12 2365
36 P 26.14 41.19 1977
37 P 25.80 41.24 1955
38 P 26.18 40.78 1861
39 P 26.89 40.26 2143
40 P 28.39 39.43 1859
41 P 29.73 38.85 1668
42 P 29.51 38.53 1545
43 P 29.23 38.22 1586
44 P 29.97 38.47 1351
45 P 29.65 38.66 1316
46 P 29.60 38.71 1407
47 P 28.54 38.87 1379
48 P 28.49 39.10 1341
49 P 28.53 39.06 1465
50 P 28.84 38.90 1734
51 P 27.65 38.59 1963
52 P 28.62 38.58 2280
53 P 28.72 38.59 2230
54 P 28.27 38.90 2033
55 P 27.94 39.02 1514
56 P 27.50 39.19 1409
57 P 26.71 39.19 1500
58 P 26.73 39.17 1530
59 P 26.94 39.22 1370
60 P 26.20 39.40 1690
61 P 26.41 39.51 1635
62 P 26.78 39.62 1697
63 P 26.27 39.53 1862
64 P 26.52 39.37 1853
65 P 26.33 39.30 1808
66 P 27.13 39.33 1321
67 P 26.47 39.48 1199
68 P 26.60 39.58 1572
69 P 26.39 39.48 1896
70 P 25.76 39.57 2308
71 P 26.36 39.54 2970
72 P 26.25 39.52 3049
73 P 25.83 39.51 3034
74 P 25.49 39.62 2943
75 P 25.85 39.75 2481
76 P 25.07 39.91 2201
77 P 24.70 40.13 2132
78 P 25.07 40.28 2042
79 P 24.81 40.28 2266
80 P 24.43 40.11 2087
81 P 24.68 40.16 1680
82 P 24.55 40.22 1273
83 P 24.64 40.28 1375
84 P 25.31 40.24 1488
85 P 25.87 40.24 1722
86 P 25.56 40.35 2179
87 P 25.15 40.42 2254
88 P 25.34 40.44 2437
89 P 24.83 40.39 2643
90 P 25.02 40.35 2721
91 P 24.28 40.22 2997
92 P 24.51 40.21 2753
93 P 24.05 40.30 2745
94 P 24.53 40.37 2373
95 P 23.58 40.52 2346
96 P 23.91 40.60 2012
97 P 23.69 40.76 2019
98 P 23.04 40.90 1693
99 P 23.57 40.96 1636
100 P 23.48 40.93 1663
101 P 22.98 40.98 2090
102 P 23.75 40.94 1637
103 P 23.24 40.90 1392
104 P 22.82 40.96 1747
105 P 22.98 40.86 1750
106 P 23.28 40.89 1728
107 P 23.41 40.92 1470
108 P 23.18 41.03 1140
109 P 23.87 41.01 1289
110 P 23.46 41.02 1517
111 P 23.05 41.05 1503
112 P 22.70 41.14 1337
113 P 22.58 41.13 1480
114 P 22.89 41.13 2013
115 P 22.39 41.19 1697
116 P 22.70 41.30 1505
117 P 21.96 41.36 1298
118 P 22.49 41.42 1509
119 P 22.48 41.50 1663
120 P 21.96 41.52 1598
121 P 21.29 41.59 1937
122 P 22.29 41.64 2079
123 P 21.89 41.61 2609
124 P 22.24 41.62 2492
125 P 22.26 41.80 2830
126 P 22.21 41.80 2452
127 P 22.12 41.88 2250
128 P 21.75 41.91 2246
129 P 21.51 42.01 2456
130 P 21.45 42.11 2123
131 P 21.48 42.22 2228
132 P 21.20 42.27 2360
133 P 21.28 42.31 1809
134 P 21.38 42.37 1941
135 P 21.01 42.39 2001
136 P 20.82 42.33 1686
137 P 21.20 42.30 1655
138 P 21.01 42.38 2120
139 P 20.83 42.38 2094
140 P 20.41 42.47 1236
141 P 21.03 42.57 1213
142 P 20.51 42.58 1651
143 P 20.89 42.57 2012
144 P 20.50 42.57 2128
145 P 20.05 42.66 1609
146 P 20.85 42.77 1831
147 P 20.48 42.79 1516
148 P 20.13 42.81 1565
149 P 20.31 42.78 1863
150 P 21.13 42.75 2246
151 P 20.23 42.78 2349
152 P 20.47 42.82 2300
153 P 19.54 42.89 2641
154 P 19.64 42.94 2828
155 P 20.03 43.01 2418
156 P 19.58 43.11 1957
157 P 19.79 43.20 2432
158 P 19.45 43.18 2470
159 P 19.62 43.23 1850
160 P 18.91 43.36 1948
161 P 19.47 43.39 2326
162 P 19.11 43.50 1518
163 P 18.66 43.54 1635
164 P 18.57 43.55 1596
165 P 18.19 43.50 1758
166 P 18.41 43.51 1952
167 P 18.64 43.49 2048
168 P 18.61 43.49 2186
169 P 18.89 43.56 2218
170 P 18.74 43.63 1753
171 P 17.98 43.70 1699
172 P 18.21 43.73 2109
173 P 18.73 43.71 2339
174 P 18.36 43.70 2561
175 P 18.23 43.72 2644
176 P 17.98 43.73 3394
177 P 18.18 43.81 2732
178 P 17.87 43.96 2031
179 P 18.01 44.01 1633
180 P 17.81 44.01 2140
181 P 17.79 43.97 2443
182 P 17.86 44.01 2259
183 P 17.59 44.06 2411
184 P 17.53 44.18 2060
185 P 17.24 44.32 1519
186 P 17.01 44.36 1490
187 P 17.34 44.43 1635
188 P 17.37 44.46 1389
189 P 17.41 44.23 2025
190 P 17.80 44.16 3152
191 P 17.61 44.16 3940
192 P 17.40 44.20 4179
193 P 17.23 44.27 3615
194 P 17.48 44.23 3061
195 P 17.13 44.33 2791
196 P 16.89 44.41 2629
197 P 16.88 44.53 2291
198 P 16.74 44.51 2591
199 P 16.85 44.45 2880
200 P 17.09 44.53 4037
201 P 17.08 44.51 2993
202 P 16.85 44.38 3332
203 P 17.04 44.47 4061
204 P 16.99 44.51 3734
205 P 17.05 44.42 3578
206 P 16.94 44.43 4080
207 P 17.05 44.44 4265
208 P 17.23 44.45 4432
209 P 16.95 44.45 4480
210 P 16.98 44.46 4056
211 P 16.92 44.53 3938
212 P 16.92 44.48 3697
213 P 16.83 44.41 4575
214 P 16.95 44.45 4999
215 P 17.15 44.36 4356
216 P 16.97 44.46 4041
217 P 16.97 44.46 3275
218 P 16.61 44.56 2329
219 P 17.10 44.60 1863
220 P 17.01 44.59 2562
221 P 16.94 44.55 3153
222 P 17.32 44.39 3198
223 P 17.53 44.27 3313
224 P 17.42 44.32 3815
225 P 17.30 44.20 4405
226 P 17.69 44.18 3979
227 P 17.48 44.10 3642
228 P 17.64 44.06 3762
229 P 18.03 44.08 3805
230 P 17.80 44.08 3687
231 P 17.65 44.09 3329
232 P 17.43 44.21 3832
233 P 17.33 44.29 2908
234 P 17.67 44.34 2425
235 P 17.43 44.37 1822
236 P 16.91 44.40 1744
237 P 17.48 44.38 2332
238 P 17.56 44.25 2442
239 P 17.70 44.18 3214
240 P 17.87 44.15 2445
241 P 17.14 44.19 1840
242 P 17.62 44.20 1878
243 P 17.61 44.21 2165
244 P 16.98 44.28 1374
245 P 17.22 44.33 1441
246 P 17.24 44.44 1440
247 P 17.68 44.48 1422
248 P 17.28 44.46 1513
249 P 17.26 44.50 1614
250 P 17.29 44.54 1198
251 P 17.16 44.54 1062
252 P 16.91 44.56 1225
253 P 17.35 44.56 1615
254 P 17.20 44.57 1465
255 P 17.30 44.59 1480
256 P 17.33 44.58 1589
257 P 17.26 44.64 1482
258 P 17.50 44.60 2175
259 P 17.09 44.59 1962
260 P 17.25 44.56 1971
261 P 16.93 44.54 2064
262 P 17.00 44.59 2443
263 P 16.64 44.68 2194
264 P 16.89 44.73 1930
265 P 16.58 44.82 1654
266 P 16.60 44.83 1858
267 P 16.34 44.85 2351
268 P 16.44 44.78 2285
269 P 16.27 44.86 3512
270 P 16.24 44.89 3550
271 P 16.31 44.83 2766
272 P 16.42 44.92 2946
273 P 16.34 44.88 3166
274 P 16.23 44.91 3745
275 P 16.39 44.88 3446
276 P 16.20 44.93 3978
277 P 16.11 44.95 3706
278 P 16.09 44.91 4064
279 P 16.30 44.93 5117
280 P 16.28 45.02 5779
281 P 16.40 44.95 5797
282 P 16.24 45.01 6164
283 P 16.03 45.03 6637
284 P 15.95 44.94 6470
285 P 16.21 44.90 6874
286 P 16.19 44.95 6799
287 P 16.24 44.94 6501
288 P 16.27 44.98 7180
289 P 16.09 45.02 7814
290 P 16.22 45.01 7781
291 P 16.33 44.94 7254
292 P 16.40 44.87 7251
293 P 16.50 44.88 7172
294 P 16.65 44.80 7139
295 P 16.73 44.66 6958
296 P 16.69 44.59 7113
297 P 17.09 44.42 7081
298 P 17.28 44.35 7053
299 P 17.33 44.24 6869
300 P 17.45 44.19 6448
301 P 17.62 44.09 6214
302 P 17.99 43.90 5913
303 P 17.99 43.84 5819
304 P 18.11 43.75 5798
305 P 18.31 43.75 5676
306 P 18.50 43.57 5180
307 P 19.02 43.56 5197
308 P 18.87 43.63 4487
309 P 18.79 43.65 3872
310 P 18.73 43.65 3754
311 P 19.34 43.62 3768
312 P 19.16 43.51 4464
313 P 19.20 43.44 4321
314 P 19.54 43.37 4493
315 P 19.28 43.32 4838
316 P 19.89 43.29 4677
317 P 19.62 43.14 3990
318 P 19.96 43.12 3343
319 P 19.76 43.06 3453
320 P 19.89 42.95 3259
321 P 20.08 42.89 3394
322 P 20.03 42.88 3489
323 P 20.26 42.80 3171
324 P 20.60 42.86 3301
325 P 20.13 42.89 2951
326 P 19.95 42.85 3119
327 P 20.69 42.83 2811
328 P 20.85 42.80 2721
329 P 20.05 42.76 2504
330 P 19.90 42.79 2268
331 P 20.29 42.73 2074
332 P 20.61 42.78 2358
333 P 20.31 42.78 2567
334 P 20.39 42.74 2544
335 P 20.48 42.72 2857
336 P 20.33 42.75 3052
337 P 20.60 42.86 3260
338 P 20.49 42.80 3033
339 P 20.20 42.79 2786
340 P 20.58 42.78 2851
341 P 20.75 42.76 3104
342 P 20.26 42.78 3051
343 P 20.50 42.79 2979
344 P 19.83 42.85 3013
345 P 20.39 42.92 3072
346 P 20.63 42.97 2861
347 P 20.79 42.90 3265
348 P 20.52 42.93 3227
349 P 20.69 42.92 3141
350 P 20.58 42.92 3132
351 P 20.20 42.93 2098
352 P 20.60 42.99 1887
353 P 20.70 42.96 2099
354 P 22.09 42.26 1019
