% Nframe | type | QP | PSNR | size (Bytes) 
0 I 22.67 41.43 12776
1 P 23.04 41.06 509
2 P 25.10 40.88 737
3 P 24.33 40.68 1089
4 P 24.87 40.61 1565
5 P 24.39 40.68 1933
6 P 24.78 40.87 2204
7 P 23.95 41.04 2753
8 P 24.49 41.21 3073
9 P 23.88 41.49 3431
10 P 23.49 41.67 3677
11 P 23.42 41.84 3889
12 P 28.11 40.07 1785
13 P 23.71 41.78 4647
14 P 21.15 43.18 5935
15 P 19.57 44.05 7124
16 P 18.55 44.23 9358
17 P 18.04 43.89 12685
18 P 17.65 43.94 14841
19 P 17.21 44.67 14252
20 P 16.97 45.29 13666
21 P 16.76 45.85 12579
22 P 16.57 46.28 11527
23 P 16.50 46.50 10659
24 P 16.28 46.92 10853
25 P 16.46 46.98 10504
26 P 16.69 46.65 10479
27 P 17.01 46.06 10863
28 P 17.64 45.22 11173
29 P 18.72 43.62 12130
30 P 19.91 43.27 8617
31 P 20.25 43.45 8367
32 P 20.19 43.61 7680
33 P 20.11 43.78 6822
34 P 20.40 44.03 5626
35 P 20.20 44.14 4589
36 P 20.21 44.28 3957
37 P 20.41 44.49 3944
38 P 20.52 44.17 4042
39 P 21.19 43.57 4319
40 P 21.30 42.74 4150
41 P 21.71 42.26 4131
42 P 22.20 41.87 3799
43 P 22.75 41.62 3995
44 P 23.12 41.74 3183
45 P 23.57 41.90 3149
46 P 22.96 42.05 3252
47 P 22.92 42.18 3116
48 P 22.07 42.48 3152
49 P 22.14 42.39 3252
50 P 22.34 42.20 4041
51 P 21.87 41.96 4821
52 P 21.52 41.91 5286
53 P 21.74 42.01 5373
54 P 21.38 42.15 4479
55 P 21.58 42.37 3622
56 P 21.28 42.55 3253
57 P 21.06 42.57 3408
58 P 20.69 42.49 3527
59 P 20.68 42.60 3609
60 P 20.34 42.67 3692
61 P 20.33 42.89 4082
62 P 20.47 42.94 3852
63 P 20.36 42.87 4283
64 P 20.76 42.74 4597
65 P 20.15 42.59 4131
66 P 20.77 42.64 3342
67 P 20.71 42.72 2986
68 P 20.46 42.82 4134
69 P 20.39 42.73 4945
70 P 20.66 42.83 5839
71 P 20.43 42.77 6945
72 P 20.42 42.75 6833
73 P 19.94 42.79 6937
74 P 20.01 42.95 6694
75 P 19.71 43.08 5762
76 P 19.66 43.13 4973
77 P 19.85 43.33 4599
78 P 19.54 43.42 4705
79 P 19.22 43.47 5485
80 P 18.84 43.33 5446
81 P 19.48 43.32 4090
82 P 18.97 43.39 3522
83 P 19.62 43.41 3932
84 P 19.51 43.35 4306
85 P 19.43 43.35 4671
86 P 19.06 43.34 5074
87 P 19.49 43.29 5280
88 P 19.91 43.35 5773
89 P 19.40 43.31 5827
90 P 19.28 43.29 6185
91 P 18.75 43.20 6665
92 P 19.25 43.19 6103
93 P 18.94 43.24 5761
94 P 18.97 43.25 5144
95 P 18.67 43.48 5321
96 P 18.51 43.47 4571
97 P 18.75 43.65 4605
98 P 18.32 43.80 3692
99 P 18.85 43.78 3821
100 P 18.33 43.75 4157
101 P 18.67 43.71 4385
102 P 18.59 43.69 3778
103 P 18.52 43.75 3305
104 P 18.38 43.72 3893
105 P 18.85 43.54 4344
106 P 18.40 43.63 4257
107 P 18.27 43.65 3221
108 P 19.04 43.74 2590
109 P 19.04 43.72 3253
110 P 18.86 43.71 3442
111 P 18.47 43.69 3240
112 P 18.35 43.79 3376
113 P 18.12 43.81 3732
114 P 18.08 43.85 4430
115 P 18.17 43.87 3593
116 P 17.69 43.98 3360
117 P 17.73 44.02 3276
118 P 17.77 44.05 3635
119 P 17.42 44.15 4184
120 P 17.34 44.18 4072
121 P 17.40 44.19 4248
122 P 17.52 44.24 4770
123 P 17.32 44.21 5633
124 P 17.13 44.27 6141
125 P 17.07 44.42 5913
126 P 16.77 44.47 5526
127 P 16.86 44.47 5018
128 P 16.91 44.47 4924
129 P 16.67 44.51 5453
130 P 16.71 44.59 4372
131 P 16.71 44.72 4799
132 P 16.68 44.79 5236
133 P 16.50 44.80 3915
134 P 16.53 44.81 4048
135 P 16.53 44.78 4477
136 P 16.45 44.75 4674
137 P 16.47 44.71 4397
138 P 16.25 44.79 4972
139 P 16.29 44.84 4911
140 P 15.94 44.87 2679
141 P 16.36 44.95 2647
142 P 16.22 44.94 3942
143 P 16.02 45.03 4898
144 P 16.26 45.02 4943
145 P 16.13 45.11 3874
146 P 16.00 45.17 4117
147 P 16.12 45.16 3597
148 P 15.95 45.19 3573
149 P 15.95 45.15 4397
150 P 15.87 45.09 4858
151 P 15.68 45.09 5129
152 P 15.63 45.17 5785
153 P 15.68 45.20 6002
154 P 15.68 45.23 6144
155 P 15.49 45.26 4803
156 P 15.41 45.36 4429
157 P 15.43 45.45 5169
158 P 15.46 45.43 5327
159 P 15.48 45.48 4042
160 P 15.42 45.59 4061
161 P 15.26 45.58 4661
162 P 15.13 45.66 2994
163 P 15.19 45.75 3404
164 P 15.26 45.76 3302
165 P 15.11 45.64 3441
166 P 15.19 45.64 3926
167 P 15.25 45.58 4351
168 P 15.24 45.69 4963
169 P 15.08 45.69 4566
170 P 14.84 45.76 3711
171 P 14.87 45.83 3626
172 P 15.11 45.82 4539
173 P 15.01 45.79 5022
174 P 14.89 45.77 5222
175 P 14.90 45.81 5563
176 P 14.70 45.86 6523
177 P 14.75 45.92 5284
178 P 14.66 45.99 3513
179 P 14.60 46.09 3689
180 P 14.48 46.04 4235
181 P 14.59 46.04 5186
182 P 14.49 46.11 4504
183 P 14.53 46.11 4715
184 P 14.22 46.19 3877
185 P 14.14 46.29 3064
186 P 14.26 46.31 2870
187 P 14.10 46.39 3500
188 P 14.15 46.42 2751
189 P 14.39 46.22 4419
190 P 14.48 46.13 6095
191 P 14.40 46.14 7244
192 P 14.21 46.16 7714
193 P 14.32 46.18 6569
194 P 14.31 46.20 6255
195 P 14.06 46.34 5650
196 P 13.98 46.36 4951
197 P 13.96 46.49 4461
198 P 13.97 46.51 5140
199 P 13.94 46.48 6001
200 P 13.81 46.49 6872
201 P 13.76 46.52 6005
202 P 13.94 46.49 7028
203 P 13.95 46.51 7625
204 P 13.93 46.49 7538
205 P 13.98 46.46 7433
206 P 13.95 46.47 8178
207 P 13.85 46.48 8716
208 P 13.83 46.49 8559
209 P 13.73 46.52 8437
210 P 13.74 46.57 8097
211 P 13.83 46.60 7701
212 P 13.82 46.57 7316
213 P 13.89 46.48 8376
214 P 14.02 46.50 8864
215 P 13.87 46.50 8394
216 P 13.89 46.50 7073
217 P 13.93 46.55 6654
218 P 13.56 46.59 3986
219 P 13.75 46.61 3839
220 P 13.98 46.55 5600
221 P 14.05 46.45 6315
222 P 14.36 46.36 6484
223 P 14.41 46.31 6752
224 P 14.24 46.33 7264
225 P 14.31 46.18 8129
226 P 14.34 46.13 8138
227 P 14.46 46.07 7046
228 P 14.29 46.10 7340
229 P 14.35 46.14 7751
230 P 14.28 46.14 7053
231 P 14.24 46.18 6710
232 P 14.27 46.28 7000
233 P 14.16 46.30 5969
234 P 14.26 46.36 5441
235 P 14.08 46.39 4223
236 P 14.18 46.37 3632
237 P 14.29 46.35 4559
238 P 14.21 46.30 5490
239 P 14.43 46.26 6493
240 P 14.25 46.22 4980
241 P 14.32 46.25 3818
242 P 14.22 46.29 4467
243 P 14.23 46.28 4374
244 P 14.11 46.38 3056
245 P 14.15 46.43 3262
246 P 14.38 46.46 2971
247 P 14.50 46.49 3373
248 P 14.19 46.48 3825
249 P 14.16 46.46 3561
250 P 14.07 46.50 2997
251 P 13.98 46.53 2880
252 P 14.21 46.62 3281
253 P 14.05 46.57 3760
254 P 13.98 46.55 3393
255 P 14.04 46.56 3384
256 P 14.11 46.58 3932
257 P 13.92 46.62 3309
258 P 13.99 46.58 4756
259 P 13.96 46.60 4165
260 P 13.98 46.60 4336
261 P 13.85 46.58 4625
262 P 13.90 46.61 4957
263 P 13.72 46.69 4235
264 P 13.74 46.73 3917
265 P 13.64 46.84 3401
266 P 13.60 46.82 4055
267 P 13.46 46.85 4837
268 P 13.52 46.81 4996
269 P 13.34 46.82 6422
270 P 13.42 46.83 6786
271 P 13.52 46.81 5558
272 P 13.56 46.87 5661
273 P 13.26 46.83 6287
274 P 13.30 46.84 7028
275 P 13.39 46.85 7051
276 P 13.35 46.80 7091
277 P 13.44 46.84 6927
278 P 13.23 46.90 8155
279 P 13.30 46.84 9079
280 P 13.29 46.85 9924
281 P 13.27 46.85 10319
282 P 13.30 46.91 10755
283 P 13.31 46.87 10990
284 P 13.33 46.87 10956
285 P 13.37 46.80 11667
286 P 13.41 46.82 11594
287 P 13.39 46.80 11225
288 P 13.38 46.82 11857
289 P 13.53 46.75 12421
290 P 13.53 46.80 12949
291 P 13.57 46.75 11817
292 P 13.52 46.74 12110
293 P 13.69 46.75 11599
294 P 13.80 46.64 11753
295 P 13.81 46.58 11942
296 P 13.98 46.46 11732
297 P 13.98 46.41 12008
298 P 14.09 46.30 11654
299 P 14.26 46.29 11618
300 P 14.19 46.17 10885
301 P 14.29 46.14 11197
302 P 14.52 46.05 10710
303 P 14.64 46.03 10651
304 P 14.59 45.99 10723
305 P 14.69 45.89 10232
306 P 14.82 45.82 9989
307 P 14.81 45.82 9816
308 P 14.85 45.87 8888
309 P 14.95 45.91 7835
310 P 14.96 45.84 7206
311 P 15.15 45.87 7910
312 P 15.16 45.78 8574
313 P 15.22 45.75 8623
314 P 15.33 45.67 8767
315 P 15.43 45.64 9117
316 P 15.48 45.64 9208
317 P 15.52 45.53 7968
318 P 15.72 45.53 6761
319 P 15.74 45.38 6917
320 P 15.78 45.38 7368
321 P 15.65 45.28 7581
322 P 15.73 45.33 7358
323 P 15.83 45.26 6978
324 P 15.86 45.25 6674
325 P 15.84 45.26 6321
326 P 15.93 45.22 6476
327 P 15.77 45.20 6063
328 P 15.99 45.19 6323
329 P 15.85 45.20 5894
330 P 15.88 45.16 4971
331 P 15.93 45.20 5036
332 P 15.98 45.17 5390
333 P 15.82 45.23 6126
334 P 15.91 45.21 6345
335 P 16.09 45.14 6531
336 P 15.91 45.23 6587
337 P 15.90 45.17 6339
338 P 16.03 45.16 6673
339 P 16.06 45.13 6525
340 P 16.10 45.15 6345
341 P 16.02 45.12 6601
342 P 16.07 45.14 6617
343 P 16.00 45.15 6265
344 P 16.20 45.23 6336
345 P 16.01 45.23 6386
346 P 15.77 45.29 6244
347 P 16.08 45.22 6776
348 P 15.96 45.21 7093
349 P 15.92 45.19 6543
350 P 15.83 45.22 6502
351 P 15.77 45.24 4682
352 P 15.97 45.31 4515
353 P 16.04 45.26 4850
354 P 16.90 44.47 3157
