% Nframe | type | QP | PSNR | size (Bytes) 
0 I 50.99 30.18 7721
1 P 51.00 30.16 12
2 P 51.00 30.08 12
3 P 51.00 29.94 35
4 P 51.00 29.57 58
5 P 51.00 29.01 222
6 P 51.00 28.31 571
7 P 51.00 27.36 1014
8 P 51.00 26.63 1097
9 P 51.00 26.03 1240
10 P 51.00 25.50 1374
11 P 51.00 25.40 1676
12 P 51.00 23.95 753
13 P 51.00 18.83 12
14 P 51.00 16.13 12
15 P 51.00 14.84 12
16 P 51.00 15.67 874
17 P 51.00 17.75 1533
18 P 51.00 19.13 1282
19 P 51.00 19.86 528
20 P 51.00 19.99 414
21 P 51.00 19.55 439
22 P 51.00 18.39 468
23 P 51.00 17.11 317
24 P 51.00 16.04 233
25 P 51.00 16.45 935
26 P 51.00 17.75 1456
27 P 51.00 19.01 1458
28 P 51.00 18.15 223
29 P 51.00 17.64 21
30 P 51.00 17.67 12
31 P 51.00 17.93 12
32 P 51.00 18.15 12
33 P 51.00 18.02 12
34 P 51.00 17.73 12
35 P 51.00 17.33 12
36 P 51.00 16.78 12
37 P 51.00 16.34 12
38 P 51.00 16.07 12
39 P 51.00 15.93 12
40 P 51.00 15.86 12
41 P 51.00 15.80 12
42 P 51.00 15.77 12
43 P 51.00 15.76 12
44 P 51.00 15.77 12
45 P 51.00 16.01 182
46 P 51.00 16.10 96
47 P 51.00 16.68 385
48 P 51.00 17.46 483
49 P 51.00 17.74 272
50 P 51.00 18.72 670
51 P 51.00 19.11 438
52 P 51.00 19.92 852
53 P 51.00 20.49 688
54 P 51.00 21.14 822
55 P 51.00 22.11 1095
56 P 51.00 22.67 782
57 P 51.00 22.92 676
58 P 51.00 23.27 863
59 P 51.00 23.27 545
60 P 51.00 23.22 507
61 P 51.00 23.28 638
62 P 51.00 23.13 459
63 P 51.00 23.09 540
64 P 51.00 22.85 247
65 P 51.00 22.73 224
66 P 51.00 22.61 96
67 P 51.00 22.53 56
68 P 51.00 22.40 44
69 P 51.00 22.30 58
70 P 51.00 22.28 76
71 P 51.00 22.26 93
72 P 51.00 22.24 110
73 P 51.00 22.16 82
74 P 51.00 22.11 129
75 P 51.00 21.97 80
76 P 51.00 21.88 140
77 P 51.00 21.81 192
78 P 51.00 21.75 278
79 P 51.00 22.01 545
80 P 51.00 22.19 433
81 P 51.00 22.33 285
82 P 51.00 22.54 291
83 P 51.00 22.71 243
84 P 51.00 22.98 348
85 P 51.00 23.23 291
86 P 51.00 23.46 300
87 P 51.00 23.63 298
88 P 51.00 23.70 314
89 P 51.00 23.71 280
90 P 51.00 23.74 314
91 P 51.00 23.73 238
92 P 51.00 23.74 253
93 P 51.00 23.73 185
94 P 51.00 23.76 264
95 P 51.00 23.78 241
96 P 51.00 23.82 245
97 P 51.00 23.87 292
98 P 51.00 23.94 374
99 P 51.00 24.00 354
100 P 51.00 24.02 348
101 P 51.00 24.03 400
102 P 51.00 24.06 338
103 P 51.00 24.05 255
104 P 51.00 24.05 247
105 P 51.00 24.09 216
106 P 51.00 24.08 143
107 P 51.00 24.08 128
108 P 51.00 24.10 133
109 P 51.00 24.10 133
110 P 51.00 24.10 121
111 P 51.00 24.08 118
112 P 51.00 24.09 150
113 P 51.00 24.09 141
114 P 51.00 24.09 117
115 P 51.00 24.09 65
116 P 51.00 24.15 67
117 P 51.00 24.21 24
118 P 51.00 24.26 28
119 P 51.00 24.30 32
120 P 51.00 24.34 71
121 P 51.00 24.37 100
122 P 51.00 24.38 114
123 P 51.00 24.36 65
124 P 51.00 24.36 82
125 P 51.00 24.36 109
126 P 51.00 24.35 63
127 P 51.00 24.34 42
128 P 51.00 24.34 81
129 P 51.00 24.32 78
130 P 51.00 24.30 65
131 P 51.00 24.30 86
132 P 51.00 24.29 45
133 P 51.00 24.28 41
134 P 51.00 24.28 27
135 P 51.00 24.27 70
136 P 51.00 24.25 43
137 P 51.00 24.23 83
138 P 51.00 24.22 67
139 P 51.00 24.22 63
140 P 51.00 24.23 23
141 P 51.00 24.24 35
142 P 51.00 24.27 52
143 P 51.00 24.29 55
144 P 51.00 24.32 37
145 P 51.00 24.35 45
146 P 51.00 24.38 131
147 P 51.00 24.61 588
148 P 51.00 24.80 527
149 P 51.00 24.82 125
150 P 51.00 24.81 94
151 P 51.00 24.81 147
152 P 51.00 24.80 130
153 P 51.00 24.79 138
154 P 51.00 24.80 148
155 P 51.00 24.81 141
156 P 51.00 24.84 133
157 P 51.00 24.91 180
158 P 51.00 24.97 167
159 P 51.00 25.01 64
160 P 51.00 25.02 80
161 P 51.00 25.03 117
162 P 51.00 25.06 100
163 P 51.00 25.08 137
164 P 51.00 25.10 139
165 P 49.86 25.18 176
166 P 50.30 25.25 162
167 P 51.00 25.29 151
168 P 49.56 25.32 106
169 P 51.00 25.37 187
170 P 50.09 25.43 134
171 P 48.12 25.45 46
172 P 51.00 25.55 396
173 P 49.79 25.56 138
174 P 51.00 25.62 409
175 P 50.93 25.67 296
176 P 50.01 25.71 149
177 P 50.71 25.81 343
178 P 49.40 25.87 175
179 P 49.40 25.92 189
180 P 50.79 26.01 291
181 P 50.71 26.05 217
182 P 49.92 26.09 150
183 P 47.83 26.14 95
184 P 49.82 26.21 128
185 P 45.06 26.25 94
186 P 48.05 26.30 118
187 P 50.36 26.37 193
188 P 50.29 26.39 166
189 P 50.67 26.40 115
190 P 49.73 26.39 123
191 P 50.81 26.38 164
192 P 50.22 26.44 175
193 P 50.15 26.45 149
194 P 49.88 26.47 187
195 P 49.86 26.51 140
196 P 48.20 26.51 101
197 P 50.65 26.53 112
198 P 48.91 26.55 76
199 P 49.07 26.55 65
200 P 49.72 26.52 78
201 P 50.05 26.53 128
202 P 50.39 26.55 136
203 P 50.35 26.57 196
204 P 49.97 26.53 124
205 P 50.34 26.51 223
206 P 50.27 26.52 287
207 P 50.06 26.55 308
208 P 50.52 26.53 231
209 P 48.83 26.57 263
210 P 49.11 26.57 271
211 P 48.96 26.63 280
212 P 49.15 26.64 292
213 P 49.22 26.67 301
214 P 49.94 26.67 273
215 P 48.77 26.66 269
216 P 48.37 26.66 209
217 P 48.92 26.67 146
218 P 48.10 26.72 180
219 P 48.98 26.77 171
220 P 48.61 26.83 118
221 P 47.94 26.91 162
222 P 46.24 26.98 85
223 P 48.50 27.07 82
224 P 49.23 27.17 68
225 P 48.69 27.27 61
226 P 46.62 27.35 98
227 P 48.02 27.40 105
228 P 48.96 27.42 70
229 P 49.64 27.46 96
230 P 49.51 27.49 100
231 P 46.23 27.50 76
232 P 46.95 27.55 151
233 P 48.89 27.55 83
234 P 46.56 27.56 70
235 P 48.46 27.57 80
236 P 47.60 27.61 74
237 P 49.61 27.66 130
238 P 48.82 27.67 80
239 P 48.55 27.66 87
240 P 47.99 27.66 92
241 P 47.78 27.64 81
242 P 46.60 27.62 92
243 P 50.24 27.64 53
244 P 51.00 27.65 49
245 P 48.71 27.70 90
246 P 47.09 27.73 57
247 P 50.69 27.74 32
248 P 47.97 27.74 49
249 P 45.50 27.77 81
250 P 46.39 27.78 39
251 P 49.86 27.77 21
252 P 46.58 27.79 57
253 P 51.00 27.80 35
254 P 47.43 27.81 37
255 P 47.16 27.83 45
256 P 45.23 27.85 81
257 P 51.00 27.86 35
258 P 47.50 27.86 41
259 P 48.94 27.88 55
260 P 49.36 27.89 34
261 P 45.46 27.88 47
262 P 48.94 27.89 71
263 P 47.74 27.90 60
264 P 47.19 27.91 54
265 P 48.46 27.92 37
266 P 44.99 27.94 50
267 P 48.65 27.95 55
268 P 48.69 27.96 64
269 P 47.89 27.97 83
270 P 46.30 27.96 83
271 P 48.12 27.96 88
272 P 45.25 28.00 168
273 P 46.57 28.01 161
274 P 48.04 28.01 114
275 P 48.75 28.02 138
276 P 47.43 28.02 119
277 P 47.59 28.00 131
278 P 47.10 28.00 184
279 P 48.73 28.00 230
280 P 48.59 28.00 283
281 P 48.44 28.00 359
282 P 47.25 27.99 406
283 P 47.69 28.00 479
284 P 47.73 27.97 581
285 P 47.73 27.99 535
286 P 48.03 27.99 605
287 P 47.11 28.01 813
288 P 47.49 28.01 922
289 P 47.16 28.00 1018
290 P 47.12 28.03 1198
291 P 47.00 28.01 1139
292 P 47.27 27.90 1153
293 P 47.26 27.93 1182
294 P 47.02 27.96 1343
295 P 46.87 27.91 1174
296 P 47.24 27.94 1176
297 P 47.19 27.87 1154
298 P 47.20 27.82 1135
299 P 47.20 27.77 1153
300 P 46.83 27.73 980
301 P 47.21 27.74 1037
302 P 47.17 27.72 887
303 P 46.82 27.68 898
304 P 46.84 27.72 1017
305 P 46.65 27.73 917
306 P 46.72 27.74 857
307 P 46.78 27.78 928
308 P 47.03 27.93 1069
309 P 46.76 27.99 1154
310 P 46.59 28.01 1266
311 P 47.00 27.97 1292
312 P 47.09 27.90 1412
313 P 46.97 27.94 1488
314 P 46.93 28.05 1618
315 P 46.40 28.02 1608
316 P 46.89 28.06 1579
317 P 46.94 27.99 1305
318 P 46.81 27.92 1107
319 P 47.06 27.87 1044
320 P 47.15 27.81 1038
321 P 47.35 27.80 987
322 P 46.77 27.79 931
323 P 47.10 27.79 862
324 P 47.68 27.84 871
325 P 46.73 27.81 730
326 P 47.65 27.77 698
327 P 47.52 27.78 633
328 P 47.31 27.74 499
329 P 47.86 27.77 417
330 P 46.48 27.84 311
331 P 47.83 27.88 264
332 P 46.66 27.90 408
333 P 46.49 27.93 414
334 P 46.89 27.95 439
335 P 46.46 27.98 546
336 P 46.84 27.99 649
337 P 47.14 27.94 630
338 P 46.94 27.95 756
339 P 46.65 27.89 650
340 P 47.19 27.85 728
341 P 46.93 27.88 728
342 P 46.80 27.91 664
343 P 46.72 27.95 545
344 P 47.40 28.00 315
345 P 47.03 28.14 287
346 P 47.29 28.27 181
347 P 47.67 28.35 198
348 P 47.55 28.43 216
349 P 47.83 28.50 171
350 P 48.04 28.53 199
351 P 46.94 28.55 140
352 P 44.13 28.60 117
353 P 48.70 28.57 107
354 P 49.50 28.49 108
