% Nframe | type | QP | PSNR | size (Bytes) 
0 I 23.70 41.10 21395
1 P 25.44 40.74 796
2 P 25.75 40.59 1204
3 P 26.00 40.44 1906
4 P 25.92 40.38 2557
5 P 26.12 40.52 3107
6 P 26.10 40.90 3632
7 P 25.22 41.09 4512
8 P 25.80 41.23 5001
9 P 24.73 41.53 5476
10 P 24.52 41.78 5719
11 P 24.39 42.05 5836
12 P 27.95 40.46 2768
13 P 27.59 41.27 4920
14 P 25.12 42.41 6721
15 P 22.65 43.16 8426
16 P 21.76 43.36 11188
17 P 21.22 42.72 15366
18 P 20.91 42.56 17806
19 P 20.64 43.60 16313
20 P 20.44 44.39 14826
21 P 20.32 45.05 13532
22 P 20.21 45.49 12122
23 P 20.08 45.77 11132
24 P 19.88 46.13 11751
25 P 20.10 46.28 11423
26 P 19.91 46.05 11562
27 P 20.16 45.37 12863
28 P 20.68 44.43 13631
29 P 21.60 42.37 14808
30 P 22.90 42.01 10104
31 P 22.96 42.60 9744
32 P 23.01 42.92 9016
33 P 23.34 43.17 7920
34 P 22.99 43.47 6905
35 P 22.72 43.68 5808
36 P 22.84 43.75 4817
37 P 22.82 43.93 4752
38 P 23.02 43.67 4916
39 P 24.16 43.01 5404
40 P 24.54 42.07 5405
41 P 25.04 41.47 5297
42 P 25.73 41.04 4926
43 P 25.16 40.57 5130
44 P 25.85 40.73 4172
45 P 26.48 40.98 3933
46 P 26.09 41.13 4029
47 P 25.60 41.33 3904
48 P 25.37 41.69 3823
49 P 25.62 41.61 4002
50 P 25.60 41.37 5059
51 P 25.63 40.93 6000
52 P 25.07 40.83 6941
53 P 24.92 40.87 6752
54 P 24.36 41.18 5872
55 P 24.14 41.40 4482
56 P 24.45 41.67 4294
57 P 23.97 41.65 4288
58 P 24.28 41.47 4300
59 P 23.83 41.57 4605
60 P 23.45 41.58 4996
61 P 23.52 41.77 4849
62 P 22.68 41.88 4765
63 P 23.31 41.75 5257
64 P 22.73 41.49 5860
65 P 22.98 41.15 5384
66 P 23.11 41.21 4370
67 P 23.46 41.36 3755
68 P 23.02 41.51 5003
69 P 22.92 41.39 6084
70 P 23.41 41.58 7243
71 P 22.65 41.59 9224
72 P 22.75 41.53 9016
73 P 22.27 41.48 9520
74 P 22.16 41.46 8714
75 P 21.90 41.66 7307
76 P 22.01 41.87 6976
77 P 21.84 42.04 5782
78 P 21.89 42.10 5825
79 P 21.47 42.07 6651
80 P 21.20 41.79 6961
81 P 21.37 41.82 5413
82 P 21.68 41.88 4336
83 P 21.73 41.91 4477
84 P 21.95 41.97 5023
85 P 21.86 41.93 5241
86 P 22.10 42.10 6253
87 P 22.30 42.10 6531
88 P 22.37 42.04 6935
89 P 21.78 42.00 7595
90 P 21.84 41.89 8265
91 P 21.84 41.71 8851
92 P 21.55 41.65 8235
93 P 21.44 41.61 7237
94 P 21.49 41.70 6715
95 P 21.10 41.82 6055
96 P 21.33 41.92 5384
97 P 21.21 42.09 5246
98 P 21.30 42.20 4874
99 P 21.30 42.34 4279
100 P 20.89 42.34 4729
101 P 20.86 42.28 4713
102 P 21.11 42.24 4666
103 P 21.02 42.13 4233
104 P 20.97 42.06 5061
105 P 21.00 42.03 4821
106 P 21.16 41.96 4953
107 P 21.02 42.01 4141
108 P 21.16 42.13 3264
109 P 21.26 42.11 3914
110 P 21.00 42.12 4194
111 P 20.86 42.20 3746
112 P 20.78 42.33 3650
113 P 20.84 42.33 4214
114 P 20.71 42.25 4715
115 P 20.74 42.25 4674
116 P 20.49 42.35 4182
117 P 20.58 42.44 4097
118 P 20.33 42.57 3755
119 P 20.75 42.64 4005
120 P 20.48 42.71 4155
121 P 20.27 42.70 4617
122 P 20.36 42.73 5509
123 P 20.44 42.70 6933
124 P 20.42 42.68 7301
125 P 19.90 42.76 7948
126 P 19.79 42.78 7189
127 P 19.77 42.81 6432
128 P 20.04 42.84 5437
129 P 19.60 42.94 6205
130 P 19.69 43.02 5284
131 P 19.28 43.09 6436
132 P 19.57 43.13 6777
133 P 19.43 43.17 5560
134 P 19.39 43.24 4890
135 P 19.29 43.27 4920
136 P 19.42 43.30 4130
137 P 19.50 43.27 4359
138 P 19.63 43.23 4628
139 P 19.30 43.28 5760
140 P 19.34 43.31 3488
141 P 19.46 43.44 3113
142 P 19.41 43.39 4750
143 P 19.23 43.37 5091
144 P 19.53 43.39 6342
145 P 19.09 43.46 4757
146 P 19.40 43.51 5075
147 P 18.99 43.54 4791
148 P 19.08 43.52 4803
149 P 18.84 43.45 5402
150 P 18.79 43.54 6456
151 P 19.23 43.61 5088
152 P 18.61 43.64 5423
153 P 18.28 43.68 6715
154 P 18.35 43.68 7662
155 P 18.41 43.76 6151
156 P 18.57 43.87 5363
157 P 18.42 43.88 6904
158 P 18.29 43.93 7542
159 P 18.37 43.93 5123
160 P 18.27 44.06 5407
161 P 18.15 44.02 6282
162 P 17.74 44.14 4151
163 P 17.92 44.17 4550
164 P 17.93 44.25 5103
165 P 17.98 44.16 4978
166 P 17.94 44.14 5323
167 P 17.71 44.14 5840
168 P 17.71 44.20 6430
169 P 17.89 44.17 5559
170 P 17.66 44.26 4991
171 P 17.56 44.32 5213
172 P 17.70 44.29 6127
173 P 17.53 44.24 6488
174 P 17.46 44.26 6330
175 P 17.40 44.32 6450
176 P 17.23 44.38 8663
177 P 17.10 44.43 7433
178 P 17.00 44.54 5478
179 P 17.27 44.56 5116
180 P 17.10 44.50 5982
181 P 17.04 44.49 7646
182 P 16.96 44.55 6605
183 P 17.02 44.62 6941
184 P 16.72 44.71 5794
185 P 16.87 44.80 4801
186 P 16.71 44.80 4282
187 P 16.70 44.90 5159
188 P 16.56 44.92 4299
189 P 16.87 44.72 5736
190 P 16.90 44.67 8129
191 P 16.87 44.59 9443
192 P 16.84 44.59 10184
193 P 16.91 44.62 9086
194 P 16.75 44.66 9193
195 P 16.78 44.69 7660
196 P 16.60 44.69 6977
197 P 16.62 44.83 6076
198 P 16.67 44.86 7542
199 P 16.61 44.80 7820
200 P 16.57 44.79 9222
201 P 16.55 44.79 8438
202 P 16.48 44.82 9044
203 P 16.64 44.85 8736
204 P 16.55 44.82 9166
205 P 16.64 44.84 8221
206 P 16.58 44.77 7835
207 P 16.63 44.82 9158
208 P 16.61 44.80 9885
209 P 16.55 44.75 10203
210 P 16.61 44.73 9315
211 P 16.65 44.80 9228
212 P 16.60 44.78 9028
213 P 16.70 44.75 10638
214 P 16.66 44.74 11875
215 P 16.66 44.72 10622
216 P 16.69 44.75 8976
217 P 16.75 44.83 9133
218 P 16.47 44.93 6055
219 P 16.65 44.90 5690
220 P 16.54 44.84 7791
221 P 16.78 44.78 8042
222 P 16.66 44.74 8293
223 P 16.72 44.74 9074
224 P 16.83 44.71 8340
225 P 16.86 44.68 9147
226 P 16.87 44.58 8354
227 P 16.90 44.58 8114
228 P 16.93 44.56 8644
229 P 16.97 44.54 9204
230 P 16.88 44.50 9072
231 P 16.91 44.53 8248
232 P 16.97 44.63 8389
233 P 16.90 44.63 7915
234 P 16.83 44.66 6471
235 P 16.85 44.72 5429
236 P 16.84 44.76 5613
237 P 16.73 44.77 6721
238 P 16.73 44.59 7602
239 P 17.05 44.59 9012
240 P 16.95 44.61 7317
241 P 16.78 44.67 5525
242 P 16.65 44.63 5726
243 P 16.73 44.65 6108
244 P 16.69 44.75 4394
245 P 17.00 44.79 4692
246 P 16.91 44.79 4499
247 P 17.03 44.80 4743
248 P 16.67 44.76 5571
249 P 16.88 44.79 5223
250 P 16.69 44.82 4005
251 P 16.62 44.83 4239
252 P 16.76 44.88 4675
253 P 16.94 44.83 5571
254 P 16.58 44.81 4816
255 P 16.95 44.83 4447
256 P 16.91 44.81 4954
257 P 16.92 44.86 4690
258 P 16.94 44.77 5981
259 P 16.75 44.78 5395
260 P 16.72 44.80 6064
261 P 16.66 44.81 6360
262 P 16.64 44.83 6504
263 P 16.56 44.91 5381
264 P 16.59 44.96 5623
265 P 16.72 45.05 4504
266 P 16.54 45.03 5734
267 P 16.41 45.01 7177
268 P 16.40 45.02 6728
269 P 16.37 44.98 7755
270 P 16.24 44.99 8758
271 P 16.39 45.03 7705
272 P 16.40 45.05 7759
273 P 16.34 45.05 8501
274 P 16.29 45.00 8717
275 P 16.29 45.02 9258
276 P 16.23 45.03 9368
277 P 16.19 45.06 8691
278 P 16.11 45.01 9649
279 P 16.10 45.04 11303
280 P 16.11 45.08 12060
281 P 16.14 45.07 12369
282 P 16.06 45.04 12810
283 P 16.17 45.05 13532
284 P 16.17 44.99 13777
285 P 16.22 44.98 14096
286 P 16.18 44.98 13938
287 P 16.40 45.05 13752
288 P 16.24 45.17 15558
289 P 16.33 45.17 16397
290 P 16.29 45.14 16008
291 P 16.37 45.10 15048
292 P 16.39 45.07 15139
293 P 16.57 45.08 14744
294 P 16.54 45.00 15150
295 P 16.65 44.92 15068
296 P 16.82 44.86 14613
297 P 16.89 44.81 15333
298 P 16.92 44.73 15363
299 P 16.99 44.63 15469
300 P 17.07 44.60 14809
301 P 17.19 44.53 14525
302 P 17.25 44.34 13804
303 P 17.50 44.40 13545
304 P 17.48 44.37 13841
305 P 17.56 44.27 13441
306 P 17.72 44.19 13408
307 P 17.84 44.18 12744
308 P 17.88 44.30 11216
309 P 18.06 44.28 8929
310 P 17.98 44.23 8105
311 P 18.01 44.22 8938
312 P 18.33 44.18 9402
313 P 18.42 44.09 9828
314 P 18.31 44.10 10481
315 P 18.34 43.98 10646
316 P 18.49 43.94 10213
317 P 18.37 43.83 10040
318 P 18.82 43.78 7989
319 P 18.75 43.76 7008
320 P 18.92 43.76 7206
321 P 18.82 43.66 8053
322 P 18.69 43.59 7614
323 P 18.94 43.62 7433
324 P 19.02 43.59 7106
325 P 18.96 43.62 6555
326 P 18.81 43.62 6681
327 P 19.18 43.56 6163
328 P 19.14 43.53 7061
329 P 19.07 43.48 6751
330 P 18.84 43.48 5937
331 P 19.20 43.52 5630
332 P 18.92 43.56 5989
333 P 19.24 43.53 6370
334 P 18.93 43.51 6536
335 P 19.09 43.59 7334
336 P 18.86 43.63 7201
337 P 18.89 43.63 6507
338 P 18.78 43.59 6640
339 P 19.03 43.58 6674
340 P 19.09 43.65 7025
341 P 19.09 43.66 7116
342 P 18.85 43.61 7100
343 P 19.21 43.59 7228
344 P 18.82 43.64 7222
345 P 18.77 43.71 7541
346 P 19.10 43.69 6792
347 P 18.72 43.68 8609
348 P 18.94 43.69 7869
349 P 18.93 43.69 7836
350 P 18.88 43.71 8009
351 P 18.88 43.69 5974
352 P 18.87 43.71 4951
353 P 18.65 43.78 5806
354 P 20.30 43.11 2988
