% Nframe | type | QP | PSNR | size (Bytes) 
0 I 37.99 32.42 2668
1 P 37.91 32.42 61
2 P 42.40 32.28 17
3 P 40.98 32.18 71
4 P 42.14 31.98 96
5 P 41.90 31.84 175
6 P 41.29 32.04 205
7 P 41.71 32.19 271
8 P 40.27 32.21 443
9 P 41.08 32.14 439
10 P 40.97 32.26 470
11 P 41.54 32.36 514
12 P 45.06 30.62 305
13 P 41.68 31.41 590
14 P 37.82 32.52 878
15 P 36.43 33.29 1163
16 P 36.42 34.09 1555
17 P 34.59 34.09 1903
18 P 34.18 34.30 1996
19 P 33.99 35.60 2071
20 P 34.00 36.62 2045
21 P 32.91 37.33 2093
22 P 32.88 38.04 2030
23 P 32.08 38.38 1880
24 P 31.44 38.86 1928
25 P 32.41 38.88 1941
26 P 32.36 38.40 1948
27 P 33.24 37.41 1983
28 P 34.05 36.25 1779
29 P 34.85 34.63 1466
30 P 36.17 34.57 920
31 P 35.59 35.05 1178
32 P 35.89 35.12 1162
33 P 35.33 35.23 1111
34 P 35.66 35.47 969
35 P 35.88 35.65 878
36 P 36.56 35.56 645
37 P 35.25 35.55 672
38 P 35.62 35.14 645
39 P 36.40 34.83 724
40 P 37.88 34.14 541
41 P 38.16 33.61 407
42 P 38.62 33.48 448
43 P 37.82 33.44 452
44 P 38.58 33.46 452
45 P 38.01 33.55 451
46 P 38.14 33.63 540
47 P 38.04 33.54 439
48 P 37.82 33.82 506
49 P 37.63 33.78 518
50 P 37.10 33.84 587
51 P 38.02 33.71 651
52 P 37.44 33.74 702
53 P 37.79 33.69 653
54 P 36.90 33.74 610
55 P 36.80 33.73 522
56 P 36.67 33.90 468
57 P 36.39 34.01 510
58 P 36.28 34.01 446
59 P 36.19 34.09 451
60 P 35.56 34.17 450
61 P 36.11 34.20 488
62 P 35.44 34.23 538
63 P 36.10 34.31 562
64 P 35.11 34.22 491
65 P 35.98 34.20 491
66 P 36.45 34.11 361
67 P 35.39 34.29 389
68 P 35.35 34.50 536
69 P 35.71 34.42 503
70 P 35.54 34.57 636
71 P 35.10 34.60 774
72 P 34.30 34.57 718
73 P 35.21 34.52 776
74 P 34.12 34.60 745
75 P 34.13 34.67 601
76 P 34.37 34.80 623
77 P 34.43 35.01 569
78 P 33.35 35.15 602
79 P 33.71 35.20 562
80 P 33.09 35.09 535
81 P 33.12 35.09 409
82 P 33.89 35.19 348
83 P 34.10 35.29 355
84 P 32.87 35.35 409
85 P 33.47 35.40 474
86 P 33.86 35.41 446
87 P 33.65 35.56 613
88 P 33.46 35.62 660
89 P 33.64 35.62 608
90 P 33.00 35.54 682
91 P 32.70 35.56 728
92 P 32.84 35.46 618
93 P 32.65 35.41 590
94 P 31.88 35.54 721
95 P 31.79 35.72 765
96 P 31.33 35.77 616
97 P 31.62 35.98 630
98 P 31.78 36.12 591
99 P 32.08 36.17 493
100 P 31.98 36.21 513
101 P 31.72 36.26 545
102 P 31.64 36.35 530
103 P 31.68 36.34 393
104 P 31.01 36.30 435
105 P 30.85 36.35 508
106 P 31.16 36.30 486
107 P 31.74 36.31 358
108 P 31.55 36.41 339
109 P 31.25 36.47 378
110 P 31.71 36.42 298
111 P 30.66 36.54 349
112 P 30.25 36.61 408
113 P 30.55 36.70 415
114 P 30.00 36.65 449
115 P 30.89 36.67 386
116 P 31.23 36.78 361
117 P 30.38 36.83 391
118 P 30.67 36.91 367
119 P 30.02 36.93 346
120 P 29.72 37.00 447
121 P 29.77 37.06 528
122 P 30.12 37.13 566
123 P 30.07 37.15 585
124 P 29.33 37.22 586
125 P 29.53 37.35 704
126 P 29.69 37.39 606
127 P 29.22 37.44 502
128 P 29.31 37.51 625
129 P 28.68 37.52 586
130 P 29.09 37.60 553
131 P 29.04 37.73 731
132 P 28.18 37.71 528
133 P 28.56 37.81 513
134 P 28.59 37.81 388
135 P 28.87 37.86 493
136 P 28.01 37.88 470
137 P 28.79 37.99 491
138 P 28.86 38.11 556
139 P 28.52 38.13 504
140 P 27.70 38.19 261
141 P 28.17 38.26 280
142 P 28.30 38.27 385
143 P 28.25 38.29 470
144 P 27.96 38.32 450
145 P 27.57 38.35 392
146 P 27.32 38.44 412
147 P 28.23 38.49 362
148 P 27.70 38.54 391
149 P 28.56 38.52 400
150 P 27.65 38.51 516
151 P 27.61 38.65 484
152 P 28.07 38.70 629
153 P 26.97 38.76 648
154 P 26.47 38.83 791
155 P 26.82 38.86 629
156 P 27.18 38.94 625
157 P 26.75 39.02 626
158 P 27.00 39.03 562
159 P 26.03 39.07 514
160 P 26.67 39.25 661
161 P 26.46 39.25 665
162 P 26.16 39.36 651
163 P 25.98 39.39 537
164 P 25.57 39.43 706
165 P 26.06 39.46 455
166 P 25.90 39.52 525
167 P 25.59 39.50 569
168 P 26.00 39.54 649
169 P 25.50 39.55 549
170 P 25.82 39.61 541
171 P 24.68 39.69 513
172 P 25.34 39.76 511
173 P 25.69 39.77 659
174 P 25.30 39.74 629
175 P 25.45 39.80 738
176 P 24.69 39.81 931
177 P 25.11 39.92 807
178 P 24.84 40.00 583
179 P 24.74 40.09 581
180 P 24.90 40.09 573
181 P 24.52 40.09 697
182 P 24.45 40.12 719
183 P 24.47 40.22 732
184 P 23.91 40.30 713
185 P 23.46 40.38 420
186 P 23.82 40.41 328
187 P 23.68 40.53 671
188 P 23.52 40.53 465
189 P 24.23 40.41 566
190 P 23.63 40.41 905
191 P 24.33 40.37 1066
192 P 24.00 40.35 1179
193 P 23.96 40.42 1221
194 P 23.94 40.46 1097
195 P 23.42 40.53 935
196 P 23.43 40.55 715
197 P 23.48 40.64 705
198 P 23.75 40.70 848
199 P 24.03 40.68 800
200 P 23.45 40.73 1210
201 P 22.83 40.75 899
202 P 23.50 40.73 985
203 P 23.73 40.77 1128
204 P 23.54 40.81 1103
205 P 23.44 40.78 1025
206 P 22.77 40.78 1250
207 P 23.31 40.80 1162
208 P 23.48 40.78 1251
209 P 23.62 40.78 1352
210 P 23.42 40.81 1201
211 P 23.50 40.83 1234
212 P 22.75 40.81 1103
213 P 23.04 40.78 1399
214 P 23.32 40.82 1666
215 P 23.12 40.83 1540
216 P 22.71 40.82 1070
217 P 23.52 40.87 1095
218 P 23.56 40.89 683
219 P 22.96 40.93 649
220 P 22.87 40.96 847
221 P 22.73 40.94 886
222 P 23.64 40.91 814
223 P 22.93 40.81 925
224 P 23.60 40.83 1084
225 P 23.91 40.81 1067
226 P 23.73 40.75 997
227 P 23.69 40.74 943
228 P 23.87 40.69 952
229 P 24.21 40.65 1027
230 P 24.21 40.61 939
231 P 24.37 40.66 947
232 P 23.92 40.70 1015
233 P 23.86 40.72 784
234 P 23.62 40.76 746
235 P 23.36 40.88 750
236 P 22.47 40.89 501
237 P 23.22 40.92 807
238 P 23.78 40.81 749
239 P 23.72 40.78 1049
240 P 23.20 40.78 949
241 P 23.35 40.83 694
242 P 22.61 40.87 802
243 P 23.23 40.91 626
244 P 22.29 40.95 431
245 P 23.95 40.99 414
246 P 22.91 41.01 427
247 P 22.50 41.08 388
248 P 23.08 41.11 390
249 P 22.68 41.13 426
250 P 21.99 41.15 299
251 P 22.03 41.16 305
252 P 21.43 41.17 356
253 P 21.71 41.17 406
254 P 22.32 41.16 322
255 P 22.04 41.17 410
256 P 22.24 41.20 578
257 P 22.19 41.25 507
258 P 21.85 41.23 666
259 P 21.95 41.30 710
260 P 22.23 41.32 656
261 P 21.80 41.33 668
262 P 22.14 41.37 788
263 P 21.77 41.41 651
264 P 21.64 41.46 704
265 P 21.25 41.54 648
266 P 20.83 41.53 690
267 P 20.83 41.54 753
268 P 21.50 41.57 911
269 P 21.16 41.59 1038
270 P 21.39 41.62 1344
271 P 21.58 41.68 1122
272 P 21.28 41.78 1326
273 P 21.01 41.77 1254
274 P 21.71 41.78 1273
275 P 21.57 41.76 1313
276 P 21.79 41.72 1344
277 P 21.01 41.78 1401
278 P 21.70 41.83 1498
279 P 21.29 41.85 1856
280 P 21.60 41.84 2091
281 P 21.70 41.85 2235
282 P 20.89 41.85 2436
283 P 21.47 41.86 2545
284 P 21.21 41.85 2588
285 P 21.53 41.78 2684
286 P 21.36 41.82 2747
287 P 21.77 41.78 2484
288 P 21.34 41.88 2852
289 P 21.38 41.85 3125
290 P 21.38 41.74 3073
291 P 21.37 41.74 3026
292 P 21.48 41.65 2885
293 P 21.90 41.67 2822
294 P 22.21 41.51 2741
295 P 22.37 41.37 2739
296 P 22.40 41.31 2872
297 P 23.06 41.18 2803
298 P 23.71 41.02 2672
299 P 23.98 40.85 2451
300 P 23.54 40.78 2397
301 P 24.06 40.67 2261
302 P 24.60 40.48 2090
303 P 24.46 40.39 2004
304 P 25.12 40.30 2137
305 P 25.20 40.29 2089
306 P 25.09 40.17 1850
307 P 25.63 40.06 1701
308 P 25.68 40.12 1617
309 P 26.06 40.18 1357
310 P 25.90 40.12 1168
311 P 26.20 40.09 1324
312 P 26.46 39.96 1381
313 P 26.12 39.90 1403
314 P 26.64 39.85 1589
315 P 26.39 39.77 1631
316 P 26.23 39.70 1624
317 P 26.61 39.59 1391
318 P 26.80 39.57 1124
319 P 27.08 39.44 951
320 P 27.04 39.43 1000
321 P 27.24 39.38 1030
322 P 27.27 39.33 1043
323 P 27.33 39.27 940
324 P 27.28 39.30 1024
325 P 27.22 39.33 1017
326 P 27.56 39.32 963
327 P 27.97 39.27 914
328 P 26.99 39.25 843
329 P 27.54 39.23 742
330 P 27.33 39.20 557
331 P 26.73 39.21 642
332 P 27.69 39.21 638
333 P 27.28 39.23 816
334 P 27.44 39.21 779
335 P 27.34 39.26 798
336 P 26.74 39.25 932
337 P 27.19 39.26 872
338 P 27.10 39.27 931
339 P 27.41 39.30 840
340 P 27.62 39.32 915
341 P 26.69 39.22 874
342 P 27.63 39.21 852
343 P 27.10 39.24 926
344 P 27.37 39.28 978
345 P 27.36 39.37 1009
346 P 27.22 39.40 887
347 P 27.45 39.44 1094
348 P 27.09 39.44 1041
349 P 26.88 39.42 959
350 P 26.77 39.41 939
351 P 26.94 39.43 589
352 P 27.43 39.44 482
353 P 27.56 39.43 611
354 P 28.82 38.99 334
