% Nframe | type | QP | PSNR | size (Bytes) 
0 I 31.15 38.43 27504
1 P 33.85 38.01 771
2 P 34.30 37.83 1247
3 P 33.99 37.68 1653
4 P 33.79 37.67 2188
5 P 33.60 38.00 2742
6 P 33.28 38.45 3124
7 P 33.76 38.65 3869
8 P 32.39 38.87 4717
9 P 32.33 39.25 5267
10 P 32.94 39.55 5489
11 P 31.65 39.77 6036
12 P 35.29 37.94 3262
13 P 38.05 36.49 2946
14 P 35.52 38.32 5706
15 P 33.31 39.05 6492
16 P 33.45 39.33 8313
17 P 32.14 38.58 10927
18 P 32.26 38.44 12382
19 P 31.57 39.89 11256
20 P 31.58 40.86 10979
21 P 31.20 41.49 10738
22 P 31.14 41.82 9965
23 P 30.76 42.03 9273
24 P 30.69 42.23 9753
25 P 30.65 42.43 9997
26 P 30.88 41.96 9410
27 P 31.10 41.36 10113
28 P 32.04 40.36 9883
29 P 33.80 38.18 9777
30 P 34.29 37.90 5902
31 P 33.20 38.67 6627
32 P 33.24 38.91 6660
33 P 33.56 39.14 6086
34 P 33.56 39.34 5558
35 P 33.09 39.20 4445
36 P 33.09 39.29 4166
37 P 33.67 39.20 3881
38 P 33.83 39.06 3966
39 P 34.43 38.52 3980
40 P 35.40 37.77 3635
41 P 35.80 37.24 3688
42 P 35.80 36.91 3431
43 P 36.19 36.56 3526
44 P 36.02 36.75 3327
45 P 36.04 37.03 3149
46 P 36.02 37.05 3247
47 P 35.80 37.26 3120
48 P 35.48 37.65 3288
49 P 35.48 37.50 3411
50 P 35.49 37.38 4015
51 P 35.62 37.10 4228
52 P 35.64 36.93 4717
53 P 35.53 36.87 4549
54 P 35.02 37.27 4280
55 P 34.60 37.51 3251
56 P 34.35 37.73 2899
57 P 34.44 37.66 3054
58 P 34.07 37.44 2802
59 P 34.28 37.44 2970
60 P 33.83 37.42 3301
61 P 33.98 37.58 3437
62 P 33.73 37.61 3334
63 P 34.06 37.50 3819
64 P 34.14 37.31 4177
65 P 34.19 37.00 3821
66 P 34.06 36.94 3040
67 P 34.17 37.10 2527
68 P 33.88 37.36 3205
69 P 34.09 37.26 3686
70 P 33.89 37.49 4444
71 P 33.49 37.49 5841
72 P 33.49 37.42 5866
73 P 33.30 37.23 5822
74 P 33.29 37.16 5546
75 P 32.69 37.33 4974
76 P 32.73 37.46 4326
77 P 32.71 37.64 3839
78 P 32.59 37.76 3782
79 P 32.20 37.76 4285
80 P 32.02 37.35 4182
81 P 32.09 37.30 3262
82 P 32.70 37.38 2820
83 P 32.56 37.54 2787
84 P 32.52 37.72 2981
85 P 32.48 37.80 3128
86 P 32.74 38.02 3689
87 P 32.67 38.15 4247
88 P 32.35 38.17 4316
89 P 32.47 38.08 4696
90 P 32.20 37.95 5148
91 P 32.26 37.62 5785
92 P 31.97 37.49 5644
93 P 32.12 37.42 5064
94 P 31.70 37.48 4821
95 P 31.23 37.64 4720
96 P 31.77 37.72 3821
97 P 31.02 37.84 3743
98 P 30.44 38.12 3706
99 P 31.05 38.28 3227
100 P 31.16 38.35 3477
101 P 30.65 38.32 3542
102 P 31.13 38.26 3270
103 P 31.32 38.22 3438
104 P 30.92 38.11 3572
105 P 31.15 38.02 3299
106 P 31.03 37.92 3517
107 P 31.07 37.90 3107
108 P 31.21 38.04 2562
109 P 31.23 38.07 2839
110 P 31.02 38.10 2983
111 P 30.86 38.23 2436
112 P 30.50 38.39 2489
113 P 30.55 38.38 2910
114 P 30.31 38.28 3239
115 P 29.86 38.25 3205
116 P 29.65 38.33 3026
117 P 29.50 38.51 2938
118 P 29.61 38.62 2694
119 P 29.40 38.70 2907
120 P 29.26 38.77 2854
121 P 29.24 38.86 3093
122 P 29.30 38.89 3329
123 P 29.84 38.77 4070
124 P 29.75 38.76 4936
125 P 29.50 38.80 5342
126 P 29.34 38.76 4944
127 P 28.98 38.88 4887
128 P 29.10 38.97 4198
129 P 28.95 39.04 4143
130 P 28.60 39.11 3707
131 P 28.66 39.12 4027
132 P 28.57 39.10 4462
133 P 28.74 39.15 3927
134 P 28.56 39.26 3831
135 P 28.41 39.35 3803
136 P 28.40 39.48 3306
137 P 28.58 39.51 2931
138 P 28.40 39.49 2847
139 P 28.51 39.47 2892
140 P 28.17 39.51 2321
141 P 28.19 39.59 2618
142 P 28.15 39.65 2667
143 P 28.25 39.64 2783
144 P 27.94 39.63 2998
145 P 27.69 39.69 2968
146 P 27.92 39.69 2982
147 P 27.79 39.71 2874
148 P 27.62 39.73 2916
149 P 27.64 39.78 3200
150 P 27.33 39.84 3659
151 P 27.34 39.96 3457
152 P 27.58 40.02 3825
153 P 27.50 39.99 3878
154 P 27.16 40.00 4351
155 P 27.10 40.04 4073
156 P 27.09 40.10 3800
157 P 26.48 40.13 4385
158 P 26.57 40.16 4614
159 P 26.29 40.23 4071
160 P 26.27 40.34 4214
161 P 26.19 40.34 4726
162 P 26.53 40.40 3490
163 P 26.27 40.39 3958
164 P 26.25 40.45 3705
165 P 26.60 40.45 3907
166 P 26.31 40.49 3686
167 P 26.57 40.51 3965
168 P 26.71 40.57 3931
169 P 26.07 40.56 3947
170 P 26.23 40.63 3481
171 P 26.38 40.67 3426
172 P 26.28 40.71 3559
173 P 26.26 40.74 3712
174 P 26.23 40.78 3781
175 P 25.78 40.83 3853
176 P 25.99 40.81 4549
177 P 25.75 40.78 4640
178 P 25.53 40.85 3731
179 P 25.19 40.86 3546
180 P 25.52 40.89 4267
181 P 25.42 40.90 4328
182 P 25.35 40.94 4317
183 P 25.25 40.95 4486
184 P 25.11 41.01 4457
185 P 25.07 41.06 3782
186 P 25.50 41.11 3537
187 P 24.76 41.19 4268
188 P 24.92 41.23 3734
189 P 25.21 41.20 4276
190 P 25.08 41.21 5380
191 P 25.06 41.17 6348
192 P 25.01 41.16 7259
193 P 24.72 41.18 6890
194 P 24.75 41.24 6532
195 P 24.53 41.29 5701
196 P 24.54 41.30 5669
197 P 24.56 41.38 4741
198 P 24.51 41.39 5248
199 P 24.56 41.43 5430
200 P 24.30 41.44 5460
201 P 24.65 41.52 4954
202 P 24.09 41.57 5323
203 P 24.41 41.58 5824
204 P 24.23 41.58 5674
205 P 24.43 41.66 5211
206 P 24.28 41.69 5320
207 P 24.16 41.65 5973
208 P 24.46 41.61 6185
209 P 24.30 41.54 6396
210 P 24.08 41.61 5803
211 P 24.35 41.63 5807
212 P 24.29 41.66 5030
213 P 24.22 41.68 5892
214 P 24.23 41.72 6236
215 P 24.23 41.72 6149
216 P 24.30 41.71 5369
217 P 24.06 41.72 6043
218 P 24.05 41.74 4701
219 P 24.20 41.79 4678
220 P 24.25 41.83 5139
221 P 24.27 41.78 5302
222 P 24.28 41.74 5320
223 P 24.13 41.76 5830
224 P 24.09 41.80 5612
225 P 24.06 41.83 5652
226 P 24.04 41.85 5818
227 P 24.15 41.86 5452
228 P 24.20 41.83 5851
229 P 24.45 41.85 5759
230 P 23.94 41.85 5994
231 P 24.04 41.90 5477
232 P 23.72 41.90 6099
233 P 24.04 41.91 5592
234 P 23.86 41.94 5566
235 P 24.33 41.96 4593
236 P 23.85 41.97 4418
237 P 23.83 41.97 5931
238 P 23.97 41.94 5900
239 P 24.25 41.96 6494
240 P 24.04 41.95 6402
241 P 24.01 41.99 5084
242 P 23.90 42.01 4987
243 P 24.05 41.99 4980
244 P 23.63 42.01 4736
245 P 24.22 42.04 4585
246 P 23.83 42.06 4313
247 P 23.84 42.07 4327
248 P 23.98 42.07 4230
249 P 23.71 42.10 4624
250 P 23.81 42.09 3678
251 P 23.63 42.10 3926
252 P 23.80 42.11 4020
253 P 23.89 42.08 4755
254 P 24.05 42.06 4454
255 P 23.75 42.09 4593
256 P 23.59 42.11 4842
257 P 23.81 42.10 4456
258 P 23.67 42.10 5180
259 P 23.71 42.11 5079
260 P 23.42 42.12 5207
261 P 23.60 42.10 5136
262 P 23.24 42.15 5370
263 P 23.22 42.23 5231
264 P 23.16 42.25 5368
265 P 22.85 42.27 4662
266 P 22.98 42.23 5619
267 P 22.66 42.22 6495
268 P 22.51 42.29 6106
269 P 22.54 42.32 6270
270 P 22.45 42.30 7025
271 P 22.59 42.29 6998
272 P 22.43 42.31 7660
273 P 22.45 42.30 7597
274 P 22.38 42.32 7909
275 P 22.55 42.33 7650
276 P 22.37 42.27 8350
277 P 22.31 42.34 7495
278 P 22.20 42.39 8426
279 P 22.42 42.40 8773
280 P 22.38 42.34 10195
281 P 22.41 42.36 12089
282 P 22.48 42.38 12575
283 P 22.39 42.39 13183
284 P 22.45 42.34 13838
285 P 22.66 42.29 13597
286 P 22.56 42.35 14240
287 P 22.77 42.39 14117
288 P 22.92 42.45 16355
289 P 22.73 42.49 17536
290 P 22.86 42.48 17019
291 P 23.04 42.51 15727
292 P 23.18 42.45 15955
293 P 23.25 42.41 15415
294 P 23.48 42.39 15894
295 P 23.79 42.30 15123
296 P 23.96 42.26 15198
297 P 23.93 42.15 15657
298 P 24.04 42.04 15924
299 P 24.54 41.87 15444
300 P 24.42 41.78 14727
301 P 24.92 41.69 14265
302 P 24.96 41.43 13304
303 P 25.10 41.45 12885
304 P 25.27 41.40 13260
305 P 25.50 41.28 13035
306 P 25.65 41.12 12914
307 P 25.83 41.19 11339
308 P 25.91 41.39 10588
309 P 26.14 41.49 8054
310 P 25.93 41.43 6753
311 P 26.27 41.38 7476
312 P 26.49 41.32 8015
313 P 26.69 41.25 8487
314 P 26.98 41.26 9244
315 P 26.81 41.15 9424
316 P 27.00 41.06 9205
317 P 27.16 40.83 8452
318 P 27.39 40.76 6932
319 P 27.48 40.73 6318
320 P 27.52 40.71 6175
321 P 27.84 40.65 6576
322 P 27.71 40.58 6099
323 P 27.78 40.61 5561
324 P 27.68 40.61 5790
325 P 27.81 40.67 5143
326 P 27.60 40.62 4836
327 P 27.94 40.58 4624
328 P 28.19 40.50 5167
329 P 27.94 40.42 4916
330 P 27.88 40.43 4712
331 P 27.95 40.48 4562
332 P 27.89 40.54 4623
333 P 27.77 40.58 4458
334 P 27.93 40.60 4604
335 P 27.94 40.69 5143
336 P 27.65 40.70 5398
337 P 27.65 40.70 5115
338 P 27.77 40.69 5471
339 P 27.64 40.66 5089
340 P 27.84 40.64 5087
341 P 27.74 40.67 5559
342 P 27.62 40.59 5725
343 P 27.56 40.52 5838
344 P 27.67 40.52 5768
345 P 27.73 40.60 5441
346 P 27.72 40.60 5260
347 P 27.61 40.56 6376
348 P 27.76 40.64 6298
349 P 27.71 40.64 6194
350 P 27.55 40.63 5810
351 P 27.85 40.60 4483
352 P 27.80 40.67 3530
353 P 27.51 40.74 4232
354 P 29.26 40.31 2443
