% Nframe | type | QP | PSNR | size (Bytes) 
0 I 33.74 36.09 10955
1 P 35.99 35.85 143
2 P 36.56 35.59 272
3 P 36.44 35.44 480
4 P 35.80 35.45 662
5 P 36.60 35.64 814
6 P 36.42 36.02 1058
7 P 36.41 36.22 1237
8 P 36.30 36.38 1738
9 P 36.42 36.60 1922
10 P 36.26 36.85 2087
11 P 36.15 36.99 2206
12 P 40.16 34.98 1200
13 P 40.50 34.74 1741
14 P 37.89 36.24 2887
15 P 34.52 37.04 3513
16 P 33.22 37.29 4388
17 P 32.14 36.99 6040
18 P 31.98 37.00 6749
19 P 31.99 38.54 6189
20 P 31.73 39.54 6041
21 P 31.77 40.24 6033
22 P 31.27 40.84 5595
23 P 30.81 41.22 5212
24 P 30.65 41.53 5656
25 P 30.56 41.68 5547
26 P 31.19 41.31 5491
27 P 31.70 40.47 5639
28 P 32.67 39.22 5441
29 P 33.90 36.98 4974
30 P 34.76 36.82 3037
31 P 33.83 37.56 3439
32 P 34.39 37.72 3623
33 P 33.63 37.98 3316
34 P 33.43 38.19 2816
35 P 33.27 38.22 2375
36 P 33.61 38.17 2044
37 P 34.55 38.07 1933
38 P 33.60 37.85 2037
39 P 34.49 37.36 2122
40 P 35.99 36.58 1729
41 P 37.16 35.98 1659
42 P 36.95 35.70 1549
43 P 37.09 35.28 1512
44 P 37.39 35.47 1407
45 P 36.99 35.78 1566
46 P 36.69 35.80 1632
47 P 36.49 35.99 1594
48 P 36.31 36.32 1537
49 P 36.58 36.20 1596
50 P 36.16 35.99 1841
51 P 36.54 35.75 1892
52 P 36.41 35.61 2231
53 P 36.31 35.66 2199
54 P 35.68 35.94 2020
55 P 35.51 36.21 1745
56 P 35.40 36.41 1372
57 P 35.17 36.26 1332
58 P 35.17 36.13 1261
59 P 34.85 36.21 1362
60 P 35.02 36.19 1462
61 P 34.69 36.36 1652
62 P 34.69 36.40 1567
63 P 34.72 36.26 1721
64 P 34.81 36.12 1722
65 P 34.77 35.84 1629
66 P 34.61 35.83 1257
67 P 35.04 35.98 1165
68 P 34.87 36.24 1439
69 P 34.47 36.17 1586
70 P 34.95 36.36 1844
71 P 33.32 36.39 2829
72 P 34.56 36.34 2625
73 P 33.91 36.22 2686
74 P 33.78 36.14 2468
75 P 33.79 36.26 2210
76 P 33.35 36.41 2058
77 P 33.40 36.58 1853
78 P 33.23 36.75 1817
79 P 32.79 36.75 1998
80 P 32.67 36.47 1849
81 P 32.92 36.40 1481
82 P 32.38 36.52 1330
83 P 33.58 36.65 1200
84 P 33.06 36.77 1292
85 P 33.30 36.84 1402
86 P 33.18 37.04 1633
87 P 33.32 37.11 1872
88 P 33.06 37.15 1970
89 P 32.68 37.09 2144
90 P 32.67 36.97 2297
91 P 32.52 36.73 2548
92 P 32.33 36.64 2456
93 P 32.16 36.56 2345
94 P 31.89 36.58 2294
95 P 31.79 36.74 2226
96 P 31.55 36.85 1811
97 P 31.44 37.00 1989
98 P 31.13 37.23 1917
99 P 31.36 37.37 1703
100 P 31.41 37.44 1719
101 P 31.13 37.41 1725
102 P 31.01 37.38 1614
103 P 30.81 37.35 1468
104 P 31.24 37.26 1552
105 P 30.89 37.21 1652
106 P 31.11 37.11 1496
107 P 30.38 37.09 1495
108 P 30.03 37.26 1347
109 P 30.69 37.27 1478
110 P 30.30 37.29 1229
111 P 30.34 37.42 1278
112 P 29.56 37.55 1261
113 P 30.19 37.57 1441
114 P 30.35 37.49 1499
115 P 30.33 37.48 1426
116 P 30.01 37.57 1412
117 P 29.95 37.68 1264
118 P 29.72 37.78 1392
119 P 29.96 37.82 1358
120 P 29.06 37.91 1518
121 P 29.37 37.99 1563
122 P 29.50 38.07 1757
123 P 29.55 37.97 1723
124 P 29.63 37.99 2276
125 P 29.67 38.02 2415
126 P 29.46 38.01 2107
127 P 29.55 38.04 2005
128 P 29.16 38.13 2010
129 P 28.94 38.17 1931
130 P 28.18 38.29 2196
131 P 28.73 38.32 2064
132 P 28.45 38.35 2072
133 P 28.29 38.38 1839
134 P 28.23 38.46 1708
135 P 28.20 38.57 1762
136 P 28.38 38.64 1652
137 P 28.73 38.69 1482
138 P 28.43 38.69 1398
139 P 28.25 38.71 1518
140 P 28.02 38.76 1096
141 P 28.20 38.84 1183
142 P 28.25 38.87 1322
143 P 28.42 38.87 1257
144 P 28.28 38.84 1526
145 P 27.92 38.89 1374
146 P 27.84 38.91 1486
147 P 27.88 38.93 1299
148 P 27.30 38.99 1396
149 P 27.87 39.01 1512
150 P 27.58 39.08 1810
151 P 27.26 39.19 1821
152 P 27.24 39.24 1894
153 P 26.95 39.22 1954
154 P 26.96 39.27 2300
155 P 27.10 39.31 2032
156 P 26.94 39.37 1816
157 P 26.78 39.36 1985
158 P 26.45 39.39 2149
159 P 26.86 39.47 2030
160 P 26.33 39.59 2090
161 P 26.67 39.61 2296
162 P 26.70 39.70 1779
163 P 26.66 39.70 1725
164 P 26.36 39.73 1745
165 P 26.14 39.72 1841
166 P 26.48 39.75 1942
167 P 26.82 39.77 1928
168 P 26.79 39.82 1919
169 P 26.47 39.84 1995
170 P 26.70 39.89 1535
171 P 26.14 39.94 1494
172 P 26.44 39.94 1623
173 P 26.66 39.98 1841
174 P 26.30 40.02 1881
175 P 26.03 40.05 1759
176 P 26.10 40.06 2594
177 P 26.28 40.07 2336
178 P 25.89 40.15 1903
179 P 26.01 40.19 1681
180 P 26.38 40.21 1875
181 P 25.70 40.24 2252
182 P 25.87 40.25 2066
183 P 25.64 40.28 2301
184 P 25.73 40.37 2213
185 P 25.48 40.45 1834
186 P 25.47 40.48 1514
187 P 24.84 40.55 2292
188 P 25.15 40.61 1599
189 P 25.68 40.57 1847
190 P 25.12 40.57 2735
191 P 25.24 40.57 3311
192 P 25.09 40.52 3331
193 P 25.02 40.51 3614
194 P 25.17 40.55 3494
195 P 24.62 40.61 3389
196 P 24.53 40.63 2747
197 P 24.31 40.73 2376
198 P 23.73 40.75 2613
199 P 24.13 40.76 2816
200 P 23.60 40.80 3306
201 P 23.89 40.89 2913
202 P 23.66 40.97 2690
203 P 23.90 41.00 2917
204 P 23.98 41.00 3165
205 P 24.19 41.00 2843
206 P 23.66 41.03 2950
207 P 24.23 41.02 3136
208 P 24.01 40.98 3544
209 P 24.18 40.93 3374
210 P 23.98 40.98 3485
211 P 24.20 40.99 3106
212 P 23.94 40.99 3097
213 P 23.93 41.02 3606
214 P 23.83 41.06 3679
215 P 24.06 41.03 3487
216 P 24.01 41.08 2967
217 P 23.74 41.11 3226
218 P 23.59 41.16 2480
219 P 23.66 41.16 2297
220 P 24.01 41.16 2706
221 P 24.16 41.12 2776
222 P 23.92 41.09 2535
223 P 23.95 41.11 2647
224 P 24.59 41.10 2671
225 P 24.23 41.08 3033
226 P 24.29 41.09 2893
227 P 24.13 41.10 2883
228 P 24.01 41.04 2716
229 P 24.16 41.00 3030
230 P 24.32 40.99 3030
231 P 24.04 41.03 2866
232 P 24.12 41.08 3260
233 P 24.00 41.08 2859
234 P 23.40 41.12 2845
235 P 23.99 41.17 2301
236 P 23.69 41.21 2207
237 P 23.40 41.16 2530
238 P 23.49 41.13 2946
239 P 24.18 41.14 3513
240 P 23.97 41.11 3342
241 P 23.58 41.15 2353
242 P 23.63 41.20 2284
243 P 23.30 41.20 2431
244 P 23.88 41.27 1760
245 P 23.52 41.31 1914
246 P 22.84 41.31 1730
247 P 23.58 41.34 1823
248 P 22.81 41.32 1826
249 P 23.36 41.32 1862
250 P 23.14 41.35 1715
251 P 22.91 41.33 1484
252 P 23.25 41.36 1430
253 P 23.15 41.34 1851
254 P 23.25 41.32 1855
255 P 23.52 41.34 1711
256 P 23.27 41.35 2020
257 P 23.16 41.39 1881
258 P 23.28 41.38 2293
259 P 23.08 41.39 2292
260 P 23.04 41.39 2207
261 P 23.04 41.41 2541
262 P 22.78 41.42 2578
263 P 22.86 41.45 1997
264 P 22.94 41.49 2245
265 P 22.86 41.55 1927
266 P 23.16 41.55 2541
267 P 22.60 41.50 2986
268 P 22.50 41.57 2556
269 P 22.43 41.62 3144
270 P 22.49 41.60 3576
271 P 22.62 41.62 3429
272 P 22.51 41.64 3798
273 P 22.30 41.65 3737
274 P 22.64 41.63 3775
275 P 22.40 41.67 3803
276 P 22.15 41.64 3998
277 P 22.11 41.71 3833
278 P 21.88 41.72 4415
279 P 22.44 41.78 4737
280 P 22.27 41.76 5417
281 P 22.24 41.78 6088
282 P 21.99 41.83 6371
283 P 22.28 41.85 6774
284 P 22.12 41.82 7124
285 P 22.36 41.78 7256
286 P 22.21 41.82 7019
287 P 22.43 41.89 7121
288 P 22.55 42.00 8076
289 P 22.18 42.02 9041
290 P 22.26 42.00 9096
291 P 22.29 41.97 8137
292 P 22.49 41.90 8300
293 P 22.72 41.90 8016
294 P 22.67 41.85 8351
295 P 23.08 41.75 8113
296 P 23.15 41.70 7882
297 P 23.55 41.60 8358
298 P 23.35 41.48 8157
299 P 24.12 41.33 8311
300 P 24.26 41.20 7431
301 P 24.30 41.12 7325
302 P 25.50 40.87 6596
303 P 25.52 40.86 6336
304 P 25.59 40.77 6499
305 P 25.76 40.66 6549
306 P 25.66 40.50 6196
307 P 25.99 40.51 5474
308 P 26.16 40.67 5047
309 P 26.25 40.71 3806
310 P 26.28 40.70 3570
311 P 26.48 40.70 3858
312 P 26.78 40.62 4021
313 P 26.80 40.56 4184
314 P 27.12 40.54 4450
315 P 27.08 40.44 4635
316 P 27.05 40.33 4607
317 P 27.15 40.11 3994
318 P 27.51 40.02 3228
319 P 27.03 39.98 3311
320 P 27.57 39.94 2876
321 P 27.41 39.92 3272
322 P 27.60 39.89 3066
323 P 27.72 39.91 2715
324 P 27.78 39.84 2749
325 P 27.78 39.88 2652
326 P 27.89 39.82 2459
327 P 27.90 39.82 2514
328 P 27.54 39.78 2579
329 P 27.96 39.71 2456
330 P 27.90 39.70 2076
331 P 27.90 39.73 2160
332 P 27.76 39.82 2076
333 P 27.80 39.86 2480
334 P 27.97 39.86 2227
335 P 27.96 39.92 2538
336 P 27.61 39.91 2752
337 P 27.68 39.95 2769
338 P 27.63 39.94 2606
339 P 27.53 39.93 2576
340 P 27.35 39.93 2668
341 P 27.74 39.95 2735
342 P 27.59 39.88 2545
343 P 27.74 39.82 2765
344 P 27.79 39.82 2754
345 P 27.57 39.87 2636
346 P 27.44 39.90 2741
347 P 27.70 39.86 3010
348 P 27.69 39.88 2923
349 P 27.64 39.88 3069
350 P 27.63 39.89 3080
351 P 27.81 39.87 2125
352 P 27.83 39.93 1724
353 P 27.74 39.97 1973
354 P 29.51 39.57 1030
