% Nframe | type | QP | PSNR | size (Bytes) 
0 I 33.35 34.36 1680
1 P 35.10 34.31 26
2 P 34.00 34.15 24
3 P 35.19 33.94 39
4 P 34.52 33.76 77
5 P 34.86 33.72 107
6 P 35.56 33.62 119
7 P 36.50 33.67 192
8 P 35.80 33.65 238
9 P 35.82 33.66 305
10 P 35.96 33.61 363
11 P 34.11 33.63 412
12 P 39.49 32.65 221
13 P 32.66 33.83 631
14 P 30.11 35.43 961
15 P 28.98 36.61 1191
16 P 27.90 37.38 1633
17 P 26.48 37.52 1907
18 P 26.11 38.12 2388
19 P 24.59 39.09 2374
20 P 25.08 39.79 2520
21 P 24.58 40.39 2455
22 P 23.66 40.91 2347
23 P 23.88 41.17 2114
24 P 23.97 41.58 2281
25 P 24.00 41.66 2232
26 P 23.77 41.50 2113
27 P 25.01 40.73 2101
28 P 26.08 39.54 1925
29 P 26.71 38.36 1776
30 P 28.06 38.01 1167
31 P 27.95 38.10 1303
32 P 28.55 38.16 1361
33 P 28.29 38.03 1186
34 P 28.82 38.01 1009
35 P 28.71 38.11 837
36 P 28.56 38.06 691
37 P 26.97 38.12 698
38 P 28.42 37.78 663
39 P 30.39 37.19 605
40 P 29.90 36.71 536
41 P 31.31 36.46 528
42 P 30.43 36.32 501
43 P 30.72 36.19 436
44 P 31.63 36.17 382
45 P 31.15 36.24 433
46 P 31.68 36.21 435
47 P 31.99 36.34 441
48 P 31.04 36.51 475
49 P 30.90 36.62 490
50 P 31.08 36.60 537
51 P 30.62 36.62 631
52 P 30.35 36.54 687
53 P 29.81 36.57 705
54 P 30.23 36.72 654
55 P 30.31 36.73 500
56 P 29.28 36.90 429
57 P 29.71 37.02 498
58 P 28.69 37.17 489
59 P 28.86 37.32 460
60 P 28.57 37.49 488
61 P 28.78 37.64 489
62 P 28.72 37.55 486
63 P 28.71 37.63 556
64 P 28.64 37.69 509
65 P 28.67 37.57 388
66 P 28.64 37.79 415
67 P 28.41 37.93 368
68 P 28.90 37.99 462
69 P 27.95 37.94 573
70 P 28.08 37.84 643
71 P 28.18 37.79 879
72 P 28.28 37.89 864
73 P 27.85 37.99 901
74 P 26.94 38.07 801
75 P 27.14 38.15 695
76 P 27.11 38.38 611
77 P 26.44 38.60 594
78 P 26.52 38.78 648
79 P 26.09 38.85 627
80 P 26.21 38.92 597
81 P 25.91 38.96 483
82 P 26.07 39.01 348
83 P 27.23 39.05 348
84 P 25.98 39.09 416
85 P 26.76 38.93 473
86 P 26.77 38.92 537
87 P 26.41 39.04 691
88 P 26.78 39.00 701
89 P 26.59 39.09 829
90 P 26.08 39.24 799
91 P 25.68 39.20 756
92 P 26.11 39.23 746
93 P 25.61 39.26 728
94 P 25.75 39.40 749
95 P 25.57 39.51 669
96 P 24.78 39.60 631
97 P 24.73 39.73 661
98 P 24.80 39.87 600
99 P 24.38 39.95 519
100 P 24.47 40.07 555
101 P 24.85 40.06 494
102 P 24.58 40.13 489
103 P 23.91 40.10 462
104 P 24.33 40.04 458
105 P 24.45 40.07 541
106 P 23.78 40.10 528
107 P 24.45 40.20 441
108 P 24.38 40.30 333
109 P 23.75 40.39 420
110 P 24.41 40.48 396
111 P 23.56 40.50 384
112 P 23.35 40.58 413
113 P 23.70 40.51 411
114 P 23.70 40.58 523
115 P 23.49 40.64 442
116 P 23.20 40.76 366
117 P 22.79 40.77 325
118 P 22.61 40.88 477
119 P 23.00 40.96 489
120 P 22.68 40.99 496
121 P 23.37 41.12 530
122 P 23.00 41.11 656
123 P 23.11 41.19 704
124 P 22.53 41.27 716
125 P 22.54 41.32 646
126 P 23.32 41.31 610
127 P 22.96 41.47 636
128 P 22.62 41.55 672
129 P 21.75 41.56 544
130 P 22.11 41.68 574
131 P 22.58 41.84 623
132 P 21.78 41.84 549
133 P 21.20 41.88 481
134 P 21.76 41.91 445
135 P 21.57 41.90 568
136 P 21.97 41.92 528
137 P 21.64 42.03 646
138 P 21.87 42.08 548
139 P 21.82 42.11 523
140 P 21.55 42.17 242
141 P 21.94 42.23 265
142 P 21.43 42.33 396
143 P 21.25 42.41 518
144 P 20.85 42.48 475
145 P 19.98 42.54 402
146 P 20.93 42.64 361
147 P 19.20 42.68 338
148 P 20.27 42.71 409
149 P 21.02 42.77 469
150 P 19.92 42.76 641
151 P 20.08 42.78 648
152 P 20.11 42.78 755
153 P 19.77 42.77 894
154 P 19.46 42.93 912
155 P 20.32 42.98 634
156 P 19.48 43.13 643
157 P 19.60 43.20 516
158 P 18.63 43.35 686
159 P 18.88 43.34 499
160 P 18.69 43.48 581
161 P 18.48 43.52 645
162 P 18.53 43.67 535
163 P 17.90 43.74 490
164 P 18.57 43.76 453
165 P 18.38 43.80 468
166 P 18.71 43.88 522
167 P 18.57 43.80 447
168 P 18.68 43.84 621
169 P 18.15 43.85 581
170 P 18.32 43.90 430
171 P 17.98 44.00 445
172 P 18.46 44.18 518
173 P 18.23 44.16 544
174 P 18.22 44.14 649
175 P 18.02 44.11 730
176 P 17.85 44.20 1019
177 P 17.54 44.25 747
178 P 17.70 44.22 447
179 P 17.00 44.37 499
180 P 17.73 44.35 573
181 P 17.23 44.33 556
182 P 17.37 44.45 673
183 P 17.02 44.50 698
184 P 16.78 44.64 627
185 P 16.28 44.76 504
186 P 16.42 44.81 373
187 P 16.03 44.94 494
188 P 16.89 45.00 454
189 P 16.53 44.81 647
190 P 16.65 44.85 1067
191 P 16.78 44.83 1282
192 P 16.54 44.88 1274
193 P 16.30 44.91 1034
194 P 16.49 44.92 845
195 P 16.19 45.02 728
196 P 15.30 45.06 642
197 P 16.50 45.19 660
198 P 15.25 45.18 785
199 P 15.91 45.23 868
200 P 16.23 45.29 1123
201 P 16.32 45.36 869
202 P 16.12 45.26 1039
203 P 16.39 45.31 1292
204 P 16.61 45.28 1301
205 P 16.35 45.22 1250
206 P 16.17 45.15 1476
207 P 17.12 45.20 1579
208 P 16.60 45.23 1533
209 P 16.68 45.27 1378
210 P 16.60 45.34 1330
211 P 16.81 45.35 1276
212 P 16.76 45.37 1329
213 P 16.59 45.37 1404
214 P 16.31 45.34 1476
215 P 16.17 45.32 1294
216 P 16.35 45.40 1328
217 P 16.42 45.39 984
218 P 15.53 45.51 606
219 P 16.04 45.61 621
220 P 16.99 45.54 812
221 P 16.40 45.58 830
222 P 16.16 45.38 838
223 P 16.75 45.27 1082
224 P 16.96 45.30 1180
225 P 17.28 45.22 1275
226 P 17.57 45.14 1368
227 P 18.17 45.12 1182
228 P 17.45 45.08 1125
229 P 17.23 45.10 1113
230 P 16.76 45.09 1086
231 P 16.05 45.12 1120
232 P 16.51 45.26 1152
233 P 16.97 45.24 826
234 P 16.73 45.24 688
235 P 16.77 45.24 550
236 P 15.86 45.31 487
237 P 16.49 45.23 715
238 P 16.41 45.13 821
239 P 16.30 45.14 954
240 P 16.34 45.10 814
241 P 16.58 45.19 622
242 P 15.47 45.18 526
243 P 16.00 45.20 535
244 P 15.93 45.31 379
245 P 16.30 45.36 405
246 P 15.48 45.35 396
247 P 15.82 45.51 355
248 P 16.01 45.60 344
249 P 15.68 45.66 363
250 P 15.78 45.73 352
251 P 15.38 45.68 294
252 P 15.82 45.68 336
253 P 16.22 45.71 433
254 P 14.95 45.69 397
255 P 16.23 45.69 376
256 P 16.22 45.71 610
257 P 16.28 45.71 407
258 P 16.42 45.74 589
259 P 15.94 45.77 597
260 P 16.31 45.77 675
261 P 16.27 45.81 597
262 P 16.31 45.84 653
263 P 15.82 45.92 701
264 P 15.94 45.96 779
265 P 15.69 46.03 498
266 P 15.12 46.08 669
267 P 14.88 46.06 759
268 P 14.75 46.11 881
269 P 15.08 46.11 988
270 P 15.14 46.00 1093
271 P 15.27 46.02 1098
272 P 14.79 46.12 1084
273 P 14.54 46.17 1164
274 P 14.98 46.18 1196
275 P 14.72 46.16 1202
276 P 15.30 46.24 1389
277 P 14.49 46.28 1401
278 P 15.28 46.34 1599
279 P 15.43 46.24 1701
280 P 15.01 46.22 2131
281 P 14.95 46.20 2243
282 P 15.20 46.17 2494
283 P 15.03 46.15 2648
284 P 14.71 46.18 2743
285 P 15.13 46.06 2621
286 P 14.62 45.97 2700
287 P 15.13 46.02 2721
288 P 15.01 45.97 2960
289 P 15.10 46.05 3132
290 P 15.20 46.02 3108
291 P 15.52 46.00 3127
292 P 15.66 45.86 2932
293 P 15.70 45.80 2778
294 P 15.82 45.65 2743
295 P 15.76 45.49 2701
296 P 15.94 45.33 2898
297 P 15.93 45.14 2643
298 P 16.12 45.02 2677
299 P 16.43 44.95 2558
300 P 16.96 44.85 2403
301 P 17.34 44.56 2248
302 P 17.71 44.48 2148
303 P 17.67 44.35 1956
304 P 18.20 44.29 2082
305 P 17.67 44.20 1854
306 P 18.80 44.12 1830
307 P 18.79 44.02 1699
308 P 18.54 43.91 1806
309 P 19.11 43.90 1712
310 P 18.89 43.67 1615
311 P 19.69 43.67 1593
312 P 19.27 43.59 1734
313 P 19.52 43.53 1798
314 P 19.72 43.51 1832
315 P 19.82 43.39 1857
316 P 19.55 43.32 1745
317 P 19.90 43.29 1596
318 P 19.82 43.16 1452
319 P 20.00 43.22 1455
320 P 19.95 43.15 1301
321 P 20.30 43.05 1318
322 P 20.65 42.98 1254
323 P 20.35 43.04 1373
324 P 20.25 42.90 1190
325 P 20.19 42.89 1259
326 P 20.25 42.89 1276
327 P 20.32 42.90 1049
328 P 20.29 42.93 905
329 P 20.45 42.95 751
330 P 20.26 42.88 582
331 P 20.83 42.76 518
332 P 20.72 42.83 800
333 P 20.69 42.85 930
334 P 20.90 42.62 912
335 P 20.27 42.62 973
336 P 20.72 42.63 1069
337 P 20.60 42.62 1096
338 P 20.92 42.59 1071
339 P 21.00 42.60 1058
340 P 21.00 42.54 1042
341 P 20.67 42.60 1152
342 P 20.51 42.67 1078
343 P 20.95 42.81 1082
344 P 20.52 42.87 1073
345 P 20.42 42.90 955
346 P 20.65 43.00 975
347 P 21.06 42.95 1059
348 P 20.88 42.82 1086
349 P 20.06 42.84 1018
350 P 20.43 42.87 1032
351 P 20.87 42.93 570
352 P 20.46 42.92 452
353 P 21.00 42.88 702
354 P 21.76 42.16 346
