% Nframe | type | QP | PSNR | size (Bytes) 
0 I 25.91 40.26 25518
1 P 28.59 39.92 995
2 P 28.44 39.80 1392
3 P 28.45 39.66 1915
4 P 28.98 39.64 2563
5 P 28.50 39.87 3192
6 P 28.13 40.28 3974
7 P 27.84 40.46 5026
8 P 28.24 40.72 5540
9 P 27.94 40.98 6038
10 P 27.37 41.34 6428
11 P 27.08 41.64 6604
12 P 31.42 40.26 3260
13 P 31.58 40.25 4216
14 P 28.02 41.37 6581
15 P 26.16 42.04 8009
16 P 24.99 42.26 10940
17 P 24.64 41.53 14957
18 P 25.01 41.32 17209
19 P 24.21 42.49 15073
20 P 24.22 43.44 13782
21 P 23.94 44.15 12867
22 P 23.71 44.56 11720
23 P 24.01 44.92 11133
24 P 23.75 45.23 11398
25 P 24.02 45.40 11327
26 P 23.88 45.06 11351
27 P 24.00 44.40 12483
28 P 24.64 43.30 12855
29 P 26.28 41.11 14593
30 P 27.57 40.81 9154
31 P 26.75 41.59 9165
32 P 26.63 41.88 8984
33 P 26.34 42.28 7910
34 P 26.34 42.62 6987
35 P 26.26 42.74 5566
36 P 26.25 42.85 5006
37 P 26.48 42.91 4706
38 P 25.97 42.68 4791
39 P 26.65 42.01 5481
40 P 27.98 40.97 5333
41 P 28.07 40.31 5207
42 P 28.93 39.92 4871
43 P 29.01 39.42 5044
44 P 29.54 39.60 4074
45 P 29.49 39.99 4089
46 P 29.35 40.05 3850
47 P 29.08 40.24 3724
48 P 28.88 40.69 3813
49 P 28.24 40.53 4028
50 P 28.72 40.27 5029
51 P 28.91 39.84 5864
52 P 28.57 39.59 6543
53 P 28.40 39.62 6653
54 P 28.23 40.07 5699
55 P 28.09 40.39 4661
56 P 27.59 40.53 3817
57 P 26.72 40.46 4047
58 P 26.61 40.28 4455
59 P 26.46 40.35 4361
60 P 26.69 40.35 4747
61 P 26.64 40.55 4864
62 P 26.65 40.61 4538
63 P 26.53 40.49 5338
64 P 27.08 40.28 5857
65 P 27.29 39.84 5100
66 P 26.90 39.84 4021
67 P 26.76 40.08 3566
68 P 26.74 40.30 4491
69 P 26.07 40.13 5637
70 P 26.24 40.35 6760
71 P 26.10 40.30 8810
72 P 26.44 40.25 8828
73 P 26.02 40.09 8972
74 P 25.92 40.02 8442
75 P 25.31 40.28 7244
76 P 25.66 40.44 6191
77 P 25.29 40.69 5679
78 P 25.71 40.80 5399
79 P 25.32 40.77 6178
80 P 25.43 40.31 6380
81 P 25.26 40.31 4753
82 P 25.65 40.38 3968
83 P 26.17 40.51 3795
84 P 26.23 40.63 4390
85 P 26.67 40.66 4743
86 P 26.41 40.82 5473
87 P 26.12 40.89 6325
88 P 26.06 40.92 6776
89 P 25.99 40.81 6939
90 P 25.89 40.65 7854
91 P 25.98 40.36 8723
92 P 25.58 40.28 7970
93 P 25.67 40.21 7158
94 P 24.99 40.30 6387
95 P 25.12 40.46 5864
96 P 24.97 40.55 5341
97 P 25.16 40.79 4918
98 P 24.70 41.02 4366
99 P 24.95 41.17 4027
100 P 25.03 41.18 4281
101 P 24.94 41.12 4071
102 P 24.97 41.04 4241
103 P 25.03 40.94 3973
104 P 24.96 40.79 4504
105 P 25.15 40.74 4622
106 P 25.06 40.68 4561
107 P 24.97 40.66 3443
108 P 25.35 40.82 3043
109 P 25.25 40.83 3253
110 P 25.10 40.84 3759
111 P 24.75 40.97 3399
112 P 24.46 41.13 3271
113 P 24.38 41.12 3944
114 P 23.78 41.02 4866
115 P 23.75 40.99 4179
116 P 23.59 41.08 4298
117 P 23.78 41.21 3782
118 P 23.70 41.37 3792
119 P 23.25 41.42 3771
120 P 23.06 41.51 4126
121 P 23.03 41.57 4347
122 P 23.24 41.60 4887
123 P 23.09 41.46 6404
124 P 23.23 41.41 7209
125 P 22.87 41.44 7882
126 P 22.75 41.41 7255
127 P 22.67 41.54 6712
128 P 22.67 41.63 5246
129 P 22.12 41.71 5838
130 P 22.07 41.80 5417
131 P 22.09 41.83 5962
132 P 22.27 41.83 6357
133 P 22.03 41.87 5578
134 P 22.05 41.98 5027
135 P 21.75 42.06 4428
136 P 22.04 42.15 4219
137 P 22.04 42.17 3957
138 P 22.06 42.15 4233
139 P 22.01 42.11 4161
140 P 21.75 42.18 3343
141 P 21.98 42.26 3377
142 P 21.88 42.21 3856
143 P 21.88 42.17 4234
144 P 21.68 42.19 5359
145 P 21.40 42.26 4893
146 P 21.53 42.24 4602
147 P 21.46 42.30 4801
148 P 21.32 42.31 4609
149 P 21.16 42.37 4905
150 P 21.15 42.44 4877
151 P 20.73 42.52 4997
152 P 20.92 42.57 5083
153 P 20.82 42.55 6315
154 P 20.59 42.57 6582
155 P 20.59 42.60 6143
156 P 20.60 42.68 5367
157 P 20.51 42.68 6134
158 P 20.31 42.69 6953
159 P 20.24 42.76 5940
160 P 20.21 42.90 6104
161 P 20.30 42.86 6721
162 P 20.15 42.97 5072
163 P 19.98 43.00 5302
164 P 20.00 43.08 5631
165 P 19.85 43.04 5454
166 P 19.88 43.02 5657
167 P 19.85 43.01 6173
168 P 19.90 43.08 6392
169 P 20.01 43.09 6153
170 P 19.82 43.17 5319
171 P 19.80 43.20 5248
172 P 19.70 43.18 5581
173 P 19.82 43.20 5555
174 P 19.63 43.20 5540
175 P 19.76 43.27 5774
176 P 19.56 43.23 7254
177 P 20.11 43.27 7328
178 P 19.76 43.35 5222
179 P 19.58 43.39 5116
180 P 19.62 43.34 5515
181 P 19.57 43.33 6680
182 P 19.78 43.37 6121
183 P 19.53 43.39 6415
184 P 19.35 43.50 5942
185 P 19.42 43.54 4853
186 P 19.42 43.57 4435
187 P 19.19 43.67 5211
188 P 19.31 43.69 4324
189 P 19.52 43.58 5324
190 P 19.47 43.52 7456
191 P 19.35 43.50 8669
192 P 19.22 43.48 9627
193 P 19.27 43.43 9058
194 P 19.06 43.43 8939
195 P 19.02 43.52 8532
196 P 19.04 43.54 7755
197 P 18.88 43.66 6032
198 P 18.81 43.68 7336
199 P 18.92 43.70 7536
200 P 18.69 43.70 8724
201 P 18.82 43.69 7406
202 P 18.81 43.76 7021
203 P 18.83 43.77 7669
204 P 18.83 43.73 8152
205 P 18.71 43.76 7068
206 P 18.92 43.76 7468
207 P 19.13 43.76 7831
208 P 18.98 43.72 9149
209 P 18.88 43.63 8999
210 P 18.81 43.69 8629
211 P 18.75 43.68 8313
212 P 18.85 43.69 7993
213 P 18.86 43.66 9034
214 P 18.88 43.72 9193
215 P 18.84 43.65 8759
216 P 18.91 43.69 8095
217 P 18.80 43.77 8575
218 P 18.57 43.82 5906
219 P 18.74 43.88 5712
220 P 18.89 43.83 6865
221 P 18.87 43.76 7156
222 P 18.87 43.75 7874
223 P 18.85 43.71 6902
224 P 18.86 43.72 7649
225 P 18.97 43.73 8363
226 P 18.92 43.73 8251
227 P 18.90 43.70 7527
228 P 19.03 43.66 8002
229 P 19.02 43.65 8305
230 P 19.00 43.64 8617
231 P 18.99 43.71 8021
232 P 18.87 43.75 8164
233 P 18.87 43.77 7645
234 P 18.92 43.81 6738
235 P 19.05 43.81 5667
236 P 18.71 43.83 5556
237 P 18.72 43.80 6908
238 P 18.85 43.71 8324
239 P 19.01 43.71 9143
240 P 19.05 43.74 8242
241 P 18.93 43.77 6134
242 P 18.84 43.80 6026
243 P 18.89 43.78 6330
244 P 18.76 43.87 5032
245 P 18.85 43.88 5234
246 P 18.98 43.89 5152
247 P 18.80 43.90 5471
248 P 18.69 43.87 6240
249 P 18.64 43.87 5941
250 P 18.73 43.89 4745
251 P 18.76 43.90 4524
252 P 18.77 43.93 5151
253 P 18.79 43.87 6449
254 P 18.73 43.87 5739
255 P 18.81 43.89 5056
256 P 18.85 43.92 6069
257 P 18.80 43.92 5501
258 P 18.72 43.87 6581
259 P 18.75 43.90 6173
260 P 18.72 43.89 6453
261 P 18.67 43.87 6791
262 P 18.57 43.87 6491
263 P 18.44 43.98 6005
264 P 18.56 44.00 6210
265 P 18.41 44.06 5155
266 P 18.52 44.02 6238
267 P 18.49 43.97 7835
268 P 18.70 44.00 6421
269 P 18.32 44.03 8250
270 P 18.55 44.00 8567
271 P 18.49 44.04 8322
272 P 18.41 44.06 8707
273 P 18.40 44.03 8464
274 P 18.52 44.04 8916
275 P 18.45 44.05 8788
276 P 18.38 44.03 9140
277 P 18.36 44.09 8654
278 P 18.40 44.10 10213
279 P 18.38 44.13 10621
280 P 18.37 44.09 11919
281 P 18.26 44.10 12974
282 P 18.29 44.14 14172
283 P 18.47 44.12 14185
284 P 18.47 44.09 14836
285 P 18.47 44.03 15106
286 P 18.50 44.12 15345
287 P 18.44 44.15 14919
288 P 18.52 44.21 17080
289 P 18.40 44.26 18280
290 P 18.43 44.26 18169
291 P 18.54 44.24 16501
292 P 18.67 44.20 16527
293 P 18.60 44.18 16103
294 P 18.69 44.13 17036
295 P 18.70 44.06 16791
296 P 18.71 44.03 16419
297 P 18.86 43.95 17448
298 P 18.96 43.85 17261
299 P 19.21 43.74 17305
300 P 19.26 43.65 16383
301 P 19.51 43.57 16076
302 P 19.59 43.37 15589
303 P 19.82 43.39 14773
304 P 19.75 43.36 15233
305 P 19.80 43.26 15243
306 P 19.75 43.13 15181
307 P 19.97 43.17 13545
308 P 19.93 43.29 12419
309 P 20.01 43.37 9851
310 P 20.01 43.32 8650
311 P 20.32 43.27 9362
312 P 20.47 43.25 9651
313 P 20.56 43.16 10235
314 P 20.57 43.14 10503
315 P 20.60 43.06 11426
316 P 20.73 42.97 11213
317 P 20.86 42.78 10269
318 P 20.83 42.72 8284
319 P 21.17 42.70 7991
320 P 21.14 42.66 7268
321 P 21.03 42.59 7821
322 P 21.16 42.56 7837
323 P 21.34 42.56 7054
324 P 21.41 42.53 7275
325 P 21.13 42.59 6677
326 P 21.51 42.52 6265
327 P 21.42 42.50 6331
328 P 21.56 42.45 6785
329 P 21.61 42.38 6811
330 P 21.23 42.39 6208
331 P 21.40 42.41 5472
332 P 21.60 42.47 5590
333 P 21.70 42.49 6053
334 P 21.74 42.49 6059
335 P 21.72 42.61 7235
336 P 21.70 42.57 6678
337 P 21.50 42.58 6461
338 P 21.30 42.58 6573
339 P 21.45 42.60 6440
340 P 21.19 42.60 6406
341 P 21.56 42.59 6701
342 P 21.28 42.55 7130
343 P 21.18 42.50 7200
344 P 21.35 42.56 7120
345 P 21.32 42.60 6731
346 P 21.22 42.56 6566
347 P 21.39 42.52 8090
348 P 21.17 42.56 8138
349 P 21.39 42.54 7899
350 P 21.28 42.55 7745
351 P 21.26 42.52 5556
352 P 21.13 42.57 5027
353 P 21.34 42.65 5389
354 P 22.22 42.11 3106
