% Nframe | type | QP | PSNR | size (Bytes) 
0 I 32.10 36.02 4701
1 P 34.90 35.85 40
2 P 35.00 35.65 102
3 P 34.72 35.50 164
4 P 34.72 35.40 233
5 P 35.26 35.47 298
6 P 34.95 35.68 441
7 P 34.50 35.94 583
8 P 34.50 35.97 767
9 P 34.97 35.99 843
10 P 35.02 36.13 986
11 P 34.66 36.28 1079
12 P 39.76 34.66 500
13 P 33.92 35.84 1341
14 P 31.62 37.04 1863
15 P 29.26 37.92 2451
16 P 28.57 38.45 3265
17 P 26.85 38.43 4345
18 P 26.76 38.60 4948
19 P 26.78 39.76 4689
20 P 26.37 40.62 4710
21 P 25.72 41.44 4621
22 P 25.70 41.99 4248
23 P 25.47 42.18 3773
24 P 25.37 42.66 4047
25 P 25.70 42.76 3947
26 P 26.16 42.37 4015
27 P 26.72 41.41 4051
28 P 27.38 40.14 3888
29 P 28.60 38.35 3780
30 P 29.28 38.15 2323
31 P 29.62 38.66 2563
32 P 29.83 38.79 2545
33 P 30.29 38.89 2231
34 P 29.83 39.11 1951
35 P 28.74 39.11 1535
36 P 30.06 39.23 1346
37 P 28.89 39.25 1321
38 P 29.85 38.94 1285
39 P 30.08 38.28 1369
40 P 31.77 37.49 1123
41 P 32.58 36.98 1090
42 P 32.91 36.70 983
43 P 33.19 36.54 993
44 P 32.80 36.69 886
45 P 32.91 36.91 893
46 P 32.55 36.93 937
47 P 32.13 37.12 933
48 P 32.00 37.28 885
49 P 32.15 37.26 977
50 P 31.95 37.05 1052
51 P 32.32 37.03 1450
52 P 31.72 36.89 1373
53 P 31.73 36.89 1454
54 P 31.35 37.06 1311
55 P 31.37 37.24 1099
56 P 31.31 37.42 898
57 P 30.70 37.38 904
58 P 30.19 37.40 1005
59 P 30.28 37.41 873
60 P 30.24 37.53 967
61 P 29.86 37.64 1043
62 P 29.36 37.71 1137
63 P 30.02 37.71 1202
64 P 29.67 37.62 1178
65 P 29.69 37.48 997
66 P 30.09 37.54 804
67 P 30.04 37.63 699
68 P 29.38 37.79 1033
69 P 29.45 37.73 1094
70 P 29.27 37.86 1403
71 P 28.79 37.81 1820
72 P 29.12 37.78 1808
73 P 29.27 37.84 1940
74 P 29.07 37.78 1651
75 P 28.14 37.96 1539
76 P 28.20 38.12 1353
77 P 28.56 38.26 1212
78 P 27.67 38.43 1323
79 P 27.67 38.46 1315
80 P 27.47 38.32 1219
81 P 27.12 38.32 919
82 P 27.19 38.44 864
83 P 28.27 38.57 821
84 P 28.56 38.58 909
85 P 27.93 38.55 974
86 P 28.44 38.64 1159
87 P 28.37 38.69 1404
88 P 28.41 38.74 1520
89 P 28.35 38.72 1532
90 P 28.01 38.66 1628
91 P 27.45 38.57 1784
92 P 27.92 38.57 1664
93 P 27.42 38.58 1527
94 P 26.62 38.62 1503
95 P 27.18 38.77 1507
96 P 26.55 38.86 1308
97 P 26.68 39.05 1299
98 P 26.62 39.19 1151
99 P 26.73 39.26 995
100 P 26.53 39.29 1126
101 P 26.51 39.33 1140
102 P 26.50 39.33 957
103 P 26.47 39.32 900
104 P 26.47 39.30 1028
105 P 26.44 39.24 1097
106 P 26.58 39.27 1000
107 P 26.17 39.30 892
108 P 26.69 39.38 671
109 P 26.47 39.41 806
110 P 26.44 39.40 714
111 P 26.49 39.47 892
112 P 26.17 39.53 795
113 P 25.23 39.58 910
114 P 25.86 39.58 1140
115 P 25.90 39.63 977
116 P 25.54 39.66 889
117 P 25.57 39.74 719
118 P 25.25 39.78 844
119 P 24.73 39.85 1009
120 P 24.61 39.94 1053
121 P 25.05 40.08 1320
122 P 24.40 40.17 1318
123 P 24.60 40.12 1367
124 P 24.98 40.19 1668
125 P 24.87 40.28 1684
126 P 24.78 40.31 1539
127 P 23.52 40.42 1472
128 P 24.41 40.47 1351
129 P 23.31 40.48 1409
130 P 23.64 40.61 1275
131 P 23.48 40.67 1423
132 P 23.45 40.71 1516
133 P 23.44 40.76 1213
134 P 23.52 40.81 1054
135 P 23.47 40.85 1231
136 P 23.13 40.88 1200
137 P 23.02 40.90 1020
138 P 22.91 40.92 1214
139 P 22.69 40.94 1315
140 P 21.70 41.05 890
141 P 22.47 41.13 779
142 P 22.36 41.16 1089
143 P 22.66 41.13 1138
144 P 22.59 41.09 1173
145 P 22.22 41.22 1129
146 P 21.99 41.28 1055
147 P 21.88 41.33 1009
148 P 21.92 41.35 1037
149 P 21.91 41.32 1060
150 P 21.83 41.36 1444
151 P 22.13 41.42 1466
152 P 22.17 41.48 1583
153 P 21.83 41.48 1679
154 P 21.55 41.53 2001
155 P 21.79 41.58 1595
156 P 21.77 41.67 1280
157 P 21.72 41.71 1534
158 P 21.47 41.70 1534
159 P 21.44 41.82 1344
160 P 20.72 42.00 1425
161 P 21.05 42.02 1525
162 P 21.49 42.07 1009
163 P 21.21 42.11 1073
164 P 21.40 42.18 1278
165 P 20.95 42.18 1202
166 P 21.27 42.18 1198
167 P 21.26 42.16 1269
168 P 21.01 42.21 1505
169 P 20.92 42.22 1322
170 P 21.16 42.30 1113
171 P 20.89 42.35 893
172 P 20.54 42.35 1098
173 P 21.38 42.32 1395
174 P 21.31 42.28 1388
175 P 20.94 42.32 1676
176 P 21.08 42.37 2278
177 P 20.71 42.45 1745
178 P 21.13 42.54 1197
179 P 21.02 42.60 1004
180 P 20.69 42.57 1315
181 P 20.81 42.62 1638
182 P 20.35 42.65 1576
183 P 20.87 42.72 1406
184 P 20.54 42.84 1421
185 P 20.07 42.95 952
186 P 20.20 43.01 822
187 P 19.71 43.08 1056
188 P 19.55 43.12 946
189 P 19.96 42.96 1270
190 P 19.85 42.88 1973
191 P 20.66 42.83 2474
192 P 20.08 42.85 2747
193 P 20.14 42.89 2374
194 P 20.00 42.89 2088
195 P 19.64 43.00 2016
196 P 19.50 43.03 1537
197 P 19.27 43.16 1580
198 P 19.56 43.15 1648
199 P 19.52 43.14 2024
200 P 19.79 43.18 2415
201 P 19.41 43.21 1999
202 P 19.74 43.13 2228
203 P 19.10 43.18 2593
204 P 19.30 43.19 2318
205 P 19.57 43.15 2269
206 P 19.62 43.11 2486
207 P 19.10 43.15 2609
208 P 19.55 43.08 2587
209 P 19.34 43.16 3035
210 P 19.32 43.20 2776
211 P 19.50 43.23 2614
212 P 19.43 43.23 2502
213 P 19.02 43.15 2978
214 P 19.34 43.16 3465
215 P 19.27 43.07 2689
216 P 19.17 43.11 2516
217 P 19.92 43.22 2407
218 P 19.24 43.28 1440
219 P 19.16 43.39 1382
220 P 19.28 43.35 1634
221 P 19.43 43.27 1887
222 P 19.59 43.18 1951
223 P 19.77 43.08 2276
224 P 19.92 43.00 2349
225 P 19.88 42.94 2847
226 P 19.58 42.93 2718
227 P 19.92 42.92 2239
228 P 20.22 42.91 2283
229 P 20.29 42.94 2590
230 P 19.86 42.86 2244
231 P 19.57 42.88 2059
232 P 20.13 42.96 2224
233 P 19.74 43.00 1837
234 P 19.83 43.03 1547
235 P 19.63 43.12 1369
236 P 19.10 43.16 1037
237 P 18.98 43.15 1584
238 P 19.44 43.06 1777
239 P 19.79 42.92 2045
240 P 20.10 42.96 1934
241 P 19.92 43.05 1278
242 P 19.85 43.04 1291
243 P 20.18 43.05 1276
244 P 19.65 43.18 962
245 P 20.04 43.17 801
246 P 19.73 43.26 842
247 P 20.27 43.33 780
248 P 19.55 43.30 834
249 P 18.98 43.29 825
250 P 19.42 43.34 755
251 P 18.52 43.36 673
252 P 19.33 43.38 649
253 P 19.74 43.38 826
254 P 19.28 43.35 688
255 P 19.40 43.38 846
256 P 19.27 43.37 1000
257 P 19.50 43.43 821
258 P 19.46 43.39 1306
259 P 19.28 43.43 1281
260 P 19.36 43.43 1215
261 P 18.99 43.46 1412
262 P 19.14 43.48 1483
263 P 18.43 43.55 1506
264 P 18.49 43.63 1450
265 P 18.02 43.72 1180
266 P 18.14 43.73 1310
267 P 18.20 43.76 1581
268 P 18.19 43.72 1670
269 P 17.77 43.72 2153
270 P 18.10 43.78 2686
271 P 18.25 43.76 2063
272 P 17.85 43.89 2304
273 P 17.43 43.83 2309
274 P 17.68 43.87 2641
275 P 17.91 43.85 2586
276 P 17.98 43.89 2918
277 P 17.95 43.87 2473
278 P 17.77 43.92 3136
279 P 17.91 43.87 3486
280 P 17.75 43.88 4173
281 P 17.69 43.89 4243
282 P 17.77 43.92 4432
283 P 17.55 43.93 4673
284 P 17.67 43.88 4635
285 P 17.91 43.82 4997
286 P 17.82 43.84 5230
287 P 18.36 43.86 4836
288 P 18.02 43.87 5048
289 P 17.93 43.88 5694
290 P 18.02 43.79 5652
291 P 18.37 43.82 5456
292 P 18.17 43.72 5306
293 P 19.01 43.71 5105
294 P 18.85 43.61 4941
295 P 18.92 43.52 5138
296 P 19.23 43.45 5124
297 P 19.68 43.33 5298
298 P 19.23 43.09 4830
299 P 19.57 43.01 4812
300 P 19.60 42.88 4439
301 P 19.73 42.79 4335
302 P 20.34 42.65 4132
303 P 20.72 42.59 4110
304 P 20.90 42.53 4176
305 P 20.97 42.49 4073
306 P 21.26 42.34 3759
307 P 21.10 42.33 3526
308 P 21.53 42.34 3121
309 P 21.54 42.39 2662
310 P 21.29 42.36 2484
311 P 21.57 42.26 2493
312 P 21.40 42.22 3036
313 P 22.06 42.12 2837
314 P 21.25 42.08 3167
315 P 21.68 42.06 3470
316 P 22.00 41.94 3207
317 P 21.89 41.82 2810
318 P 22.14 41.78 2207
319 P 21.92 41.70 2255
320 P 21.89 41.63 2183
321 P 21.95 41.64 2387
322 P 22.01 41.51 2179
323 P 22.58 41.49 1954
324 P 22.57 41.52 2118
325 P 21.52 41.53 2078
326 P 22.23 41.53 2007
327 P 22.45 41.53 1914
328 P 22.62 41.45 1761
329 P 22.39 41.50 1771
330 P 22.12 41.50 1328
331 P 22.38 41.47 1265
332 P 22.68 41.47 1499
333 P 22.87 41.44 1660
334 P 22.31 41.40 1766
335 P 22.19 41.42 1916
336 P 22.43 41.43 1974
337 P 22.56 41.48 1926
338 P 22.25 41.48 2068
339 P 22.67 41.50 1895
340 P 22.26 41.45 1868
341 P 22.37 41.46 1928
342 P 22.66 41.41 1873
343 P 22.54 41.43 2017
344 P 22.74 41.47 2013
345 P 22.33 41.55 2136
346 P 22.13 41.59 1887
347 P 22.20 41.58 2137
348 P 22.65 41.55 2091
349 P 22.46 41.56 2196
350 P 22.01 41.60 2121
351 P 22.31 41.59 1391
352 P 22.50 41.63 1214
353 P 22.50 41.54 1382
354 P 23.43 41.03 746
