% Nframe | type | QP | PSNR | size (Bytes) 
0 I 40.84 30.32 1126
1 P 44.91 30.33 16
2 P 43.00 30.29 11
3 P 43.00 30.18 14
4 P 43.77 29.92 35
5 P 43.79 29.70 61
6 P 40.96 29.38 112
7 P 44.04 29.33 103
8 P 44.54 29.28 209
9 P 44.65 29.58 197
10 P 44.01 29.44 216
11 P 43.65 29.58 221
12 P 48.01 28.18 151
13 P 43.11 29.10 269
14 P 42.19 30.60 486
15 P 39.88 31.18 516
16 P 36.86 31.51 674
17 P 35.87 31.84 942
18 P 34.95 32.23 1033
19 P 35.93 33.35 996
20 P 35.44 34.12 919
21 P 34.59 34.80 1028
22 P 34.39 35.20 898
23 P 34.39 35.59 840
24 P 33.76 36.21 959
25 P 34.09 36.24 945
26 P 34.17 35.60 942
27 P 34.76 34.79 1007
28 P 35.08 33.86 805
29 P 36.20 32.87 695
30 P 37.06 32.70 428
31 P 36.78 32.83 513
32 P 37.84 32.82 532
33 P 36.71 33.04 511
34 P 35.79 33.02 494
35 P 37.89 32.96 379
36 P 37.30 33.36 345
37 P 38.22 33.27 292
38 P 38.52 32.96 289
39 P 38.42 32.48 288
40 P 38.94 32.12 297
41 P 39.89 31.87 269
42 P 38.86 31.75 217
43 P 39.68 31.73 200
44 P 38.95 31.86 197
45 P 39.71 31.93 217
46 P 38.24 31.77 200
47 P 38.36 31.97 225
48 P 38.80 32.02 214
49 P 39.02 32.14 256
50 P 38.77 32.39 305
51 P 39.27 32.15 293
52 P 38.64 32.24 318
53 P 36.24 32.24 378
54 P 38.27 32.38 307
55 P 38.18 32.27 223
56 P 36.06 32.45 236
57 P 37.79 32.51 220
58 P 37.15 32.58 241
59 P 36.31 32.67 208
60 P 34.87 32.75 254
61 P 34.76 32.94 244
62 P 36.72 32.91 240
63 P 36.84 32.97 269
64 P 35.89 33.08 261
65 P 36.29 33.09 199
66 P 36.46 33.06 163
67 P 37.11 33.17 183
68 P 35.49 33.20 246
69 P 36.57 33.18 237
70 P 36.25 33.32 278
71 P 35.95 33.38 376
72 P 36.04 33.24 330
73 P 35.69 33.41 403
74 P 35.14 33.38 317
75 P 35.34 33.52 302
76 P 35.44 33.67 296
77 P 33.86 33.77 273
78 P 33.76 33.89 335
79 P 33.54 33.98 311
80 P 33.14 34.01 297
81 P 34.08 34.06 212
82 P 33.96 34.16 158
83 P 34.75 34.27 140
84 P 34.85 34.27 208
85 P 35.45 34.18 175
86 P 34.15 34.31 268
87 P 34.70 34.42 337
88 P 33.93 34.45 317
89 P 34.13 34.49 323
90 P 33.80 34.58 313
91 P 33.03 34.50 277
92 P 33.33 34.57 315
93 P 32.26 34.69 346
94 P 33.30 34.77 324
95 P 32.46 34.94 357
96 P 32.64 34.95 253
97 P 32.87 35.07 313
98 P 32.34 35.25 336
99 P 31.74 35.38 288
100 P 32.08 35.35 245
101 P 32.09 35.43 264
102 P 31.19 35.47 257
103 P 31.80 35.52 242
104 P 32.30 35.59 242
105 P 32.39 35.62 204
106 P 31.83 35.60 197
107 P 31.27 35.60 148
108 P 31.59 35.64 151
109 P 31.82 35.72 206
110 P 31.76 35.71 149
111 P 31.58 35.80 182
112 P 31.24 35.83 196
113 P 31.03 35.95 208
114 P 30.46 36.01 219
115 P 31.53 36.00 156
116 P 30.83 36.04 116
117 P 30.73 36.05 160
118 P 30.39 36.12 178
119 P 29.15 36.16 161
120 P 30.17 36.24 195
121 P 30.12 36.27 207
122 P 30.84 36.33 229
123 P 30.47 36.46 310
124 P 29.80 36.50 278
125 P 30.10 36.60 333
126 P 30.13 36.61 250
127 P 30.62 36.66 205
128 P 30.12 36.84 346
129 P 29.24 36.89 291
130 P 29.53 36.93 258
131 P 28.27 36.96 280
132 P 28.35 37.05 246
133 P 28.28 37.07 231
134 P 28.82 37.13 197
135 P 28.87 37.15 249
136 P 29.25 37.18 227
137 P 28.67 37.33 261
138 P 28.31 37.37 248
139 P 28.95 37.51 262
140 P 29.32 37.62 182
141 P 28.91 37.65 131
142 P 28.61 37.71 180
143 P 27.02 37.73 204
144 P 28.61 37.77 187
145 P 28.23 37.76 172
146 P 27.92 37.85 209
147 P 27.84 37.85 144
148 P 28.18 37.98 185
149 P 28.20 37.96 178
150 P 27.81 38.01 270
151 P 27.68 38.05 269
152 P 27.73 38.15 297
153 P 27.26 38.11 326
154 P 26.55 38.21 363
155 P 26.22 38.30 324
156 P 25.83 38.40 312
157 P 26.22 38.50 295
158 P 26.08 38.53 271
159 P 25.38 38.56 217
160 P 26.74 38.72 354
161 P 26.09 38.75 359
162 P 26.10 38.84 287
163 P 25.97 38.89 275
164 P 25.97 38.91 283
165 P 26.02 38.99 276
166 P 26.48 39.06 227
167 P 25.47 39.03 257
168 P 25.93 39.03 232
169 P 25.09 39.06 248
170 P 24.28 39.14 218
171 P 26.03 39.21 184
172 P 24.52 39.31 209
173 P 24.82 39.36 224
174 P 24.56 39.32 280
175 P 25.80 39.36 326
176 P 25.06 39.41 427
177 P 24.30 39.41 321
178 P 24.70 39.51 292
179 P 23.76 39.74 330
180 P 24.99 39.74 245
181 P 24.25 39.82 342
182 P 24.53 39.81 243
183 P 23.69 39.85 344
184 P 23.42 39.93 340
185 P 22.92 40.08 274
186 P 21.71 40.06 143
187 P 22.05 40.18 299
188 P 23.14 40.16 255
189 P 23.73 40.09 312
190 P 24.08 40.08 443
191 P 24.12 40.04 438
192 P 23.69 40.10 548
193 P 24.18 40.16 615
194 P 24.18 40.27 526
195 P 23.54 40.31 382
196 P 24.34 40.33 281
197 P 23.47 40.37 306
198 P 24.46 40.35 299
199 P 23.13 40.37 363
200 P 23.22 40.40 422
201 P 23.88 40.42 308
202 P 22.51 40.34 369
203 P 23.53 40.40 603
204 P 23.85 40.41 486
205 P 23.75 40.38 464
206 P 23.76 40.30 570
207 P 23.53 40.36 734
208 P 23.89 40.38 629
209 P 23.12 40.35 575
210 P 23.55 40.41 595
211 P 23.32 40.46 516
212 P 23.79 40.51 570
213 P 23.04 40.50 683
214 P 23.39 40.53 646
215 P 23.17 40.55 681
216 P 23.04 40.57 520
217 P 23.10 40.69 507
218 P 22.51 40.73 354
219 P 22.41 40.76 303
220 P 22.55 40.77 384
221 P 23.32 40.82 479
222 P 23.30 40.89 458
223 P 22.93 40.81 443
224 P 23.14 40.84 479
225 P 23.40 40.81 599
226 P 22.88 40.79 642
227 P 23.12 40.84 593
228 P 23.38 40.81 557
229 P 23.51 40.80 544
230 P 22.55 40.80 490
231 P 22.98 40.77 421
232 P 23.02 40.90 635
233 P 23.21 40.93 360
234 P 21.97 40.95 411
235 P 23.11 40.98 297
236 P 21.69 41.02 309
237 P 22.15 41.09 434
238 P 22.57 40.99 374
239 P 22.42 40.93 450
240 P 22.62 40.93 472
241 P 21.95 40.97 330
242 P 23.04 41.00 306
243 P 21.92 41.08 337
244 P 23.26 41.16 181
245 P 21.39 41.13 165
246 P 22.49 41.13 204
247 P 21.73 41.21 197
248 P 21.86 41.26 184
249 P 23.03 41.32 149
250 P 19.12 41.34 82
251 P 21.34 41.36 139
252 P 19.68 41.31 143
253 P 22.60 41.30 181
254 P 21.92 41.32 164
255 P 22.00 41.33 202
256 P 22.50 41.35 256
257 P 21.63 41.44 258
258 P 22.22 41.48 350
259 P 21.57 41.49 238
260 P 22.16 41.53 330
261 P 21.12 41.57 303
262 P 22.04 41.59 303
263 P 22.52 41.60 271
264 P 22.29 41.64 304
265 P 20.44 41.70 248
266 P 22.63 41.72 265
267 P 21.96 41.70 224
268 P 21.71 41.71 364
269 P 21.94 41.67 363
270 P 22.16 41.66 447
271 P 21.93 41.68 407
272 P 20.65 41.68 494
273 P 21.92 41.61 409
274 P 21.84 41.62 426
275 P 22.76 41.64 592
276 P 22.35 41.65 620
277 P 22.50 41.69 648
278 P 21.95 41.71 673
279 P 21.87 41.63 690
280 P 22.02 41.66 900
281 P 21.88 41.64 971
282 P 21.86 41.68 1295
283 P 21.87 41.71 1330
284 P 21.90 41.73 1324
285 P 21.96 41.65 1401
286 P 22.40 41.70 1501
287 P 22.14 41.77 1484
288 P 21.55 41.84 1670
289 P 21.38 41.80 1744
290 P 22.19 41.77 1658
291 P 22.05 41.78 1713
292 P 21.54 41.75 1680
293 P 22.07 41.71 1585
294 P 21.00 41.76 1831
295 P 21.39 41.66 1715
296 P 22.06 41.58 1644
297 P 22.52 41.38 1511
298 P 22.27 41.28 1556
299 P 22.14 41.09 1499
300 P 22.55 40.88 1359
301 P 23.14 40.76 1222
302 P 24.07 40.63 1135
303 P 24.09 40.43 1071
304 P 24.43 40.36 1137
305 P 24.80 40.22 1011
306 P 25.21 40.13 933
307 P 25.36 39.92 824
308 P 25.68 39.93 743
309 P 25.76 39.80 667
310 P 25.98 39.72 588
311 P 25.71 39.53 657
312 P 26.37 39.48 727
313 P 26.26 39.37 773
314 P 26.41 39.47 915
315 P 26.70 39.26 748
316 P 27.11 39.15 799
317 P 26.66 39.04 646
318 P 26.85 39.05 646
319 P 27.45 39.07 513
320 P 27.11 39.00 615
321 P 26.61 38.95 600
322 P 26.71 38.92 569
323 P 27.03 38.95 498
324 P 27.11 38.98 575
325 P 27.23 38.95 515
326 P 27.15 38.88 462
327 P 27.33 38.87 466
328 P 27.60 38.78 385
329 P 27.78 38.81 343
330 P 27.94 38.83 298
331 P 26.99 38.81 254
332 P 27.36 38.85 423
333 P 27.31 38.83 405
334 P 27.70 38.78 391
335 P 27.27 38.87 444
336 P 27.58 38.81 453
337 P 27.36 38.75 494
338 P 27.14 38.74 526
339 P 27.89 38.72 387
340 P 27.68 38.74 514
341 P 27.50 38.71 433
342 P 27.04 38.74 508
343 P 27.31 38.88 526
344 P 27.37 38.86 431
345 P 27.05 38.85 390
346 P 26.97 38.92 407
347 P 26.05 38.96 471
348 P 28.28 38.91 417
349 P 27.21 38.93 448
350 P 27.02 38.96 381
351 P 27.54 39.09 310
352 P 27.54 39.13 226
353 P 27.70 39.05 311
354 P 28.73 38.52 113
