% Nframe | type | QP | PSNR | size (Bytes) 
0 I 27.26 39.07 14079
1 P 30.42 38.74 360
2 P 30.28 38.65 569
3 P 30.36 38.50 728
4 P 30.21 38.46 1185
5 P 30.02 38.62 1557
6 P 29.75 38.98 1722
7 P 29.19 39.18 2330
8 P 29.51 39.38 2870
9 P 29.81 39.54 3087
10 P 28.52 39.80 3319
11 P 27.73 40.11 3617
12 P 33.86 38.56 1700
13 P 31.34 39.27 3198
14 P 28.19 40.47 4580
15 P 25.79 41.32 5795
16 P 24.80 41.61 7748
17 P 24.18 41.03 10555
18 P 23.74 40.94 12488
19 P 23.15 42.20 11745
20 P 23.08 43.09 10797
21 P 22.84 43.77 10004
22 P 22.95 44.24 9137
23 P 22.72 44.55 8260
24 P 22.48 44.94 8753
25 P 22.68 45.06 8397
26 P 22.55 44.69 8545
27 P 22.98 44.05 9377
28 P 24.03 42.93 9498
29 P 25.62 40.83 10198
30 P 26.61 40.49 6426
31 P 26.35 41.10 6487
32 P 26.38 41.43 6290
33 P 26.02 41.73 5451
34 P 26.13 42.00 4809
35 P 25.99 42.06 3907
36 P 25.89 42.13 3240
37 P 25.77 42.20 3183
38 P 25.82 41.96 3405
39 P 27.60 41.28 3651
40 P 28.64 40.28 3294
41 P 29.54 39.64 3240
42 P 29.44 39.27 3001
43 P 29.61 38.82 2983
44 P 29.75 39.01 2481
45 P 29.77 39.32 2406
46 P 29.35 39.41 2539
47 P 29.53 39.56 2435
48 P 28.84 39.94 2429
49 P 28.95 39.79 2555
50 P 28.82 39.62 3223
51 P 28.69 39.23 3616
52 P 28.42 39.07 4141
53 P 28.62 39.08 3995
54 P 28.16 39.44 3745
55 P 28.24 39.66 2912
56 P 27.23 39.88 2593
57 P 27.48 39.84 2592
58 P 27.34 39.72 2829
59 P 27.00 39.81 2720
60 P 27.10 39.84 3046
61 P 26.83 39.94 2948
62 P 27.23 40.05 2885
63 P 27.07 39.96 3266
64 P 27.28 39.71 3475
65 P 27.20 39.43 3200
66 P 27.39 39.49 2578
67 P 27.56 39.65 2003
68 P 26.85 39.88 2813
69 P 27.03 39.67 3386
70 P 26.69 39.89 4342
71 P 26.26 39.86 5537
72 P 26.12 39.82 5606
73 P 25.90 39.72 5625
74 P 26.19 39.77 5549
75 P 25.99 39.89 4406
76 P 25.97 40.05 4064
77 P 25.16 40.28 3641
78 P 25.47 40.41 3620
79 P 25.16 40.33 4007
80 P 25.15 40.06 4105
81 P 24.63 40.10 3350
82 P 25.51 40.17 2398
83 P 25.77 40.28 2579
84 P 26.37 40.33 2787
85 P 26.32 40.33 2932
86 P 26.06 40.49 3565
87 P 26.32 40.51 3939
88 P 25.88 40.51 4240
89 P 25.78 40.42 4620
90 P 26.00 40.28 4995
91 P 25.66 40.08 5396
92 P 25.62 40.06 5184
93 P 25.06 40.01 4468
94 P 25.18 40.06 4228
95 P 24.50 40.25 4024
96 P 24.47 40.35 3462
97 P 24.07 40.53 3450
98 P 24.72 40.69 2898
99 P 24.12 40.85 2878
100 P 24.04 40.89 3003
101 P 24.42 40.81 2770
102 P 23.95 40.82 3039
103 P 23.96 40.74 2804
104 P 24.47 40.65 3243
105 P 24.27 40.60 2766
106 P 24.35 40.55 3096
107 P 24.15 40.58 2704
108 P 24.39 40.69 1938
109 P 24.79 40.71 2435
110 P 24.27 40.71 2251
111 P 23.61 40.80 2223
112 P 24.12 40.85 1945
113 P 24.04 40.86 2465
114 P 23.74 40.84 3154
115 P 23.80 40.84 2737
116 P 23.81 40.92 2522
117 P 23.33 41.04 2480
118 P 23.19 41.13 2233
119 P 22.87 41.19 2545
120 P 22.74 41.24 2662
121 P 22.63 41.32 2913
122 P 22.60 41.34 3477
123 P 22.75 41.26 4174
124 P 22.96 41.21 4638
125 P 22.82 41.29 5020
126 P 22.61 41.31 4684
127 P 22.12 41.36 4064
128 P 22.11 41.42 3478
129 P 21.60 41.54 4321
130 P 21.62 41.63 3563
131 P 21.53 41.69 4147
132 P 21.52 41.71 4302
133 P 21.52 41.72 3631
134 P 21.35 41.79 3258
135 P 21.63 41.85 3190
136 P 21.42 41.91 2748
137 P 21.43 41.95 2863
138 P 21.47 41.92 2859
139 P 21.31 41.92 3477
140 P 20.98 41.97 2230
141 P 21.03 42.07 2194
142 P 20.79 42.02 3061
143 P 20.92 42.01 3249
144 P 21.02 42.02 3810
145 P 20.95 42.12 3159
146 P 20.98 42.16 3171
147 P 21.01 42.20 3168
148 P 20.69 42.21 3191
149 P 20.75 42.14 3137
150 P 21.08 42.23 3823
151 P 20.67 42.27 3300
152 P 21.03 42.36 3790
153 P 20.48 42.32 4103
154 P 20.76 42.37 5129
155 P 20.58 42.41 4114
156 P 20.77 42.53 3335
157 P 20.26 42.55 4373
158 P 20.57 42.54 4571
159 P 20.15 42.63 3707
160 P 20.29 42.83 3877
161 P 20.13 42.78 4039
162 P 20.27 42.89 2738
163 P 20.22 42.94 3192
164 P 19.91 42.95 2944
165 P 20.15 42.92 3235
166 P 20.09 42.86 3270
167 P 19.84 42.85 3789
168 P 19.92 42.91 3947
169 P 19.83 42.91 3862
170 P 19.84 42.97 3215
171 P 20.04 43.06 2979
172 P 19.72 43.02 3570
173 P 19.42 43.01 3800
174 P 19.78 42.99 3693
175 P 19.49 43.03 3913
176 P 19.45 43.12 5652
177 P 19.60 43.18 4892
178 P 19.34 43.25 3267
179 P 19.46 43.26 2822
180 P 19.32 43.26 3848
181 P 19.19 43.23 4622
182 P 19.32 43.29 4117
183 P 19.52 43.31 3963
184 P 18.90 43.43 3717
185 P 19.07 43.51 2676
186 P 19.18 43.55 2510
187 P 18.80 43.64 3179
188 P 18.83 43.66 2456
189 P 18.95 43.51 3482
190 P 19.06 43.42 4923
191 P 19.43 43.37 5635
192 P 19.21 43.37 6518
193 P 19.17 43.39 5990
194 P 19.16 43.39 5614
195 P 18.83 43.47 5356
196 P 18.65 43.51 4695
197 P 18.64 43.62 3611
198 P 18.43 43.65 4751
199 P 18.84 43.64 5044
200 P 18.65 43.64 6303
201 P 18.45 43.66 5355
202 P 18.53 43.68 5590
203 P 18.36 43.71 5460
204 P 18.54 43.69 5599
205 P 18.55 43.68 4935
206 P 18.50 43.70 5234
207 P 18.47 43.68 5521
208 P 18.57 43.62 6376
209 P 18.44 43.58 6727
210 P 18.40 43.62 6234
211 P 18.30 43.71 6152
212 P 18.36 43.67 5601
213 P 18.51 43.57 6469
214 P 18.30 43.65 7629
215 P 18.60 43.59 6683
216 P 18.29 43.67 6202
217 P 18.43 43.78 6038
218 P 18.27 43.82 3677
219 P 18.32 43.88 3760
220 P 18.56 43.78 4749
221 P 18.50 43.71 4648
222 P 18.59 43.65 5174
223 P 18.49 43.68 6091
224 P 18.68 43.64 5219
225 P 18.41 43.62 5838
226 P 18.59 43.60 5599
227 P 18.82 43.57 5171
228 P 18.58 43.56 5866
229 P 18.76 43.47 5875
230 P 18.65 43.47 6373
231 P 18.93 43.50 5542
232 P 18.71 43.60 5459
233 P 18.68 43.62 5274
234 P 18.69 43.67 4333
235 P 18.70 43.70 3452
236 P 18.56 43.72 3178
237 P 18.52 43.71 4239
238 P 18.59 43.59 5154
239 P 18.97 43.59 5941
240 P 18.84 43.59 5084
241 P 18.63 43.65 3594
242 P 18.84 43.64 3807
243 P 18.53 43.65 3989
244 P 18.78 43.75 2745
245 P 18.60 43.78 2738
246 P 18.56 43.79 2660
247 P 18.38 43.81 3083
248 P 18.53 43.80 3379
249 P 18.37 43.81 3300
250 P 18.25 43.83 2371
251 P 18.21 43.85 2550
252 P 18.54 43.87 2330
253 P 18.63 43.81 3417
254 P 18.62 43.80 2805
255 P 18.53 43.83 2849
256 P 18.44 43.83 3263
257 P 18.33 43.87 3133
258 P 18.31 43.83 4327
259 P 18.38 43.83 3506
260 P 18.14 43.84 3936
261 P 18.05 43.85 4077
262 P 18.19 43.86 4317
263 P 18.02 43.99 4028
264 P 17.99 44.02 3605
265 P 17.86 44.10 2900
266 P 17.92 44.09 3933
267 P 17.83 44.05 4817
268 P 17.88 44.07 4559
269 P 17.77 44.07 5551
270 P 17.86 44.09 6232
271 P 17.92 44.10 5347
272 P 17.83 44.14 5512
273 P 17.57 44.13 6011
274 P 17.69 44.14 6397
275 P 17.74 44.16 6491
276 P 17.57 44.13 6412
277 P 17.55 44.19 6197
278 P 17.38 44.18 7112
279 P 17.46 44.14 7931
280 P 17.50 44.19 9107
281 P 17.48 44.16 9042
282 P 17.53 44.20 10135
283 P 17.37 44.17 10205
284 P 17.69 44.13 10413
285 P 17.75 44.10 10811
286 P 17.68 44.18 10518
287 P 17.71 44.23 10157
288 P 17.67 44.28 11368
289 P 17.71 44.26 12401
290 P 17.85 44.26 12420
291 P 17.87 44.28 11652
292 P 17.91 44.18 11203
293 P 18.08 44.20 11193
294 P 18.17 44.05 10985
295 P 18.28 43.96 11143
296 P 18.31 43.87 10743
297 P 18.67 43.77 11229
298 P 18.64 43.72 11401
299 P 18.76 43.65 11413
300 P 18.68 43.54 10722
301 P 19.03 43.48 10696
302 P 19.02 43.35 10369
303 P 19.23 43.35 9889
304 P 19.35 43.30 10121
305 P 19.41 43.22 9897
306 P 19.69 43.07 9568
307 P 19.86 43.08 8918
308 P 19.58 43.20 8340
309 P 19.70 43.22 6345
310 P 19.83 43.16 5677
311 P 19.94 43.15 6487
312 P 20.31 43.12 6749
313 P 20.29 43.03 6951
314 P 20.43 42.96 7316
315 P 20.36 42.89 7536
316 P 20.51 42.83 7405
317 P 20.45 42.72 7303
318 P 20.26 42.68 5726
319 P 20.70 42.63 5002
320 P 20.75 42.62 5071
321 P 20.68 42.52 5418
322 P 20.67 42.44 5329
323 P 20.92 42.42 4733
324 P 20.98 42.39 4909
325 P 20.72 42.45 4677
326 P 20.87 42.43 4435
327 P 20.74 42.39 4362
328 P 21.05 42.34 4765
329 P 21.03 42.26 4411
330 P 20.68 42.28 4031
331 P 20.78 42.28 3707
332 P 20.68 42.32 3948
333 P 21.21 42.32 4210
334 P 20.96 42.34 4256
335 P 20.83 42.37 4776
336 P 20.99 42.42 4866
337 P 20.93 42.43 4560
338 P 20.89 42.40 4380
339 P 20.82 42.40 4842
340 P 20.70 42.40 4559
341 P 20.75 42.45 4839
342 P 20.98 42.39 4722
343 P 20.79 42.34 4838
344 P 20.89 42.37 4829
345 P 21.06 42.46 4967
346 P 21.05 42.47 4588
347 P 20.89 42.41 5716
348 P 20.66 42.45 5530
349 P 21.02 42.44 5400
350 P 20.66 42.45 5431
351 P 20.80 42.43 3909
352 P 20.75 42.46 3257
353 P 20.97 42.51 3726
354 P 21.85 41.90 1740
