% Nframe | type | QP | PSNR | size (Bytes) 
0 I 27.81 39.20 20361
1 P 30.40 38.91 612
2 P 30.63 38.79 869
3 P 31.01 38.65 1263
4 P 30.97 38.56 1797
5 P 30.52 38.78 2203
6 P 30.51 39.20 2693
7 P 30.11 39.44 3583
8 P 30.21 39.60 3948
9 P 30.12 39.91 4543
10 P 30.13 40.21 4746
11 P 29.19 40.53 5111
12 P 33.66 38.85 2174
13 P 33.06 39.09 3544
14 P 30.00 40.23 5432
15 P 28.18 40.99 6611
16 P 27.17 41.19 8989
17 P 26.52 40.51 12123
18 P 26.12 40.34 14179
19 P 26.06 41.61 12523
20 P 25.46 42.55 11630
21 P 25.03 43.27 10920
22 P 25.10 43.79 10058
23 P 25.04 44.14 9426
24 P 24.97 44.50 9846
25 P 25.39 44.62 9594
26 P 25.20 44.24 9692
27 P 25.54 43.59 10474
28 P 26.56 42.44 10830
29 P 28.06 40.23 11700
30 P 28.76 39.91 7213
31 P 28.45 40.67 7225
32 P 28.62 41.03 7490
33 P 28.42 41.36 6509
34 P 27.83 41.59 5593
35 P 27.88 41.74 4594
36 P 27.92 41.79 4014
37 P 28.18 41.85 3819
38 P 28.82 41.69 3967
39 P 28.60 41.00 4305
40 P 29.81 40.03 4189
41 P 30.42 39.33 3797
42 P 30.56 38.91 3632
43 P 31.51 38.53 3783
44 P 31.43 38.69 3130
45 P 31.27 39.03 2993
46 P 31.02 39.06 3060
47 P 30.83 39.23 2898
48 P 30.56 39.65 3048
49 P 30.68 39.51 3028
50 P 30.46 39.27 3859
51 P 30.82 38.93 4541
52 P 30.60 38.64 4883
53 P 30.57 38.68 5174
54 P 30.38 39.12 4365
55 P 29.92 39.39 3494
56 P 29.71 39.53 2906
57 P 29.74 39.51 3209
58 P 29.31 39.31 3217
59 P 28.94 39.36 3203
60 P 28.98 39.32 3483
61 P 29.05 39.52 3603
62 P 29.09 39.57 3465
63 P 28.82 39.48 4092
64 P 28.99 39.24 4326
65 P 29.02 38.89 4058
66 P 28.67 38.88 3012
67 P 28.90 39.06 2477
68 P 28.65 39.31 3295
69 P 28.84 39.15 4129
70 P 28.30 39.39 4930
71 P 28.52 39.39 6699
72 P 28.43 39.28 6546
73 P 27.92 39.15 6777
74 P 27.68 39.10 6400
75 P 27.80 39.33 5408
76 P 27.61 39.49 4732
77 P 27.34 39.75 4369
78 P 26.99 39.87 4226
79 P 27.20 39.82 4736
80 P 27.15 39.43 4902
81 P 27.19 39.44 3537
82 P 27.58 39.50 3088
83 P 27.23 39.65 2955
84 P 28.11 39.76 3229
85 P 27.89 39.80 3485
86 P 28.20 39.98 4150
87 P 28.17 40.05 4675
88 P 27.98 40.05 5022
89 P 27.34 39.96 5400
90 P 27.59 39.82 6014
91 P 27.99 39.54 6630
92 P 27.48 39.45 6017
93 P 27.20 39.40 5859
94 P 27.11 39.49 5128
95 P 26.87 39.62 4512
96 P 26.62 39.73 4168
97 P 26.39 39.90 3711
98 P 26.15 40.13 3414
99 P 26.41 40.28 3115
100 P 26.33 40.31 3435
101 P 26.63 40.26 3334
102 P 26.47 40.19 3220
103 P 26.32 40.10 2922
104 P 26.65 39.96 3403
105 P 26.34 39.91 3635
106 P 26.27 39.83 3381
107 P 26.38 39.82 2885
108 P 26.74 39.96 2373
109 P 26.55 39.99 2668
110 P 26.55 39.98 2705
111 P 26.59 40.12 2468
112 P 26.10 40.24 2398
113 P 26.19 40.25 2746
114 P 26.37 40.12 3266
115 P 26.11 40.09 3089
116 P 25.99 40.18 3254
117 P 25.87 40.34 2938
118 P 25.53 40.47 2788
119 P 25.51 40.53 2925
120 P 25.36 40.61 2980
121 P 24.96 40.69 3356
122 P 25.16 40.75 3953
123 P 25.04 40.61 4703
124 P 24.92 40.60 5625
125 P 24.96 40.64 6167
126 P 24.96 40.64 5862
127 P 24.50 40.72 5268
128 P 24.20 40.87 4405
129 P 23.85 40.95 4522
130 P 23.74 41.03 4433
131 P 23.39 41.07 5087
132 P 23.48 41.02 4728
133 P 23.36 41.11 4760
134 P 23.31 41.25 4196
135 P 23.36 41.34 3589
136 P 23.53 41.43 3102
137 P 23.46 41.44 3090
138 P 23.46 41.40 2934
139 P 23.79 41.36 3179
140 P 22.86 41.39 2268
141 P 23.07 41.47 2536
142 P 23.35 41.48 3104
143 P 23.54 41.44 3166
144 P 23.61 41.47 4216
145 P 23.15 41.50 3461
146 P 22.79 41.52 3471
147 P 22.92 41.53 3237
148 P 23.04 41.53 3314
149 P 22.77 41.58 3527
150 P 23.15 41.68 3848
151 P 22.48 41.74 3617
152 P 22.34 41.81 4134
153 P 22.31 41.82 4911
154 P 21.98 41.81 4952
155 P 22.16 41.87 4661
156 P 22.04 41.92 3979
157 P 22.16 41.94 4870
158 P 21.82 41.93 5671
159 P 21.92 42.04 4375
160 P 21.70 42.13 4469
161 P 21.84 42.14 5419
162 P 21.64 42.21 3685
163 P 21.35 42.24 4049
164 P 21.16 42.29 4300
165 P 21.03 42.28 4411
166 P 21.17 42.27 4358
167 P 20.89 42.30 4806
168 P 21.10 42.35 4775
169 P 20.88 42.35 4722
170 P 20.87 42.43 4217
171 P 20.75 42.48 4086
172 P 20.78 42.48 4397
173 P 20.75 42.51 4340
174 P 20.85 42.50 4064
175 P 20.71 42.54 4274
176 P 20.85 42.55 6347
177 P 20.63 42.57 5818
178 P 20.58 42.65 4139
179 P 20.62 42.70 3937
180 P 20.55 42.68 4668
181 P 20.35 42.66 5649
182 P 20.38 42.67 5096
183 P 20.34 42.69 5121
184 P 20.34 42.77 4672
185 P 20.31 42.85 4021
186 P 20.17 42.89 3923
187 P 20.00 42.98 4683
188 P 20.20 42.99 3582
189 P 20.16 42.93 4334
190 P 20.26 42.88 6048
191 P 20.13 42.82 7135
192 P 20.10 42.80 7796
193 P 20.16 42.78 7424
194 P 19.99 42.79 6984
195 P 19.86 42.89 7067
196 P 19.95 42.91 5988
197 P 19.92 43.03 5015
198 P 19.73 43.03 5702
199 P 19.90 43.04 6043
200 P 19.62 43.03 7123
201 P 19.81 43.09 6230
202 P 19.76 43.15 5668
203 P 19.77 43.16 5998
204 P 19.74 43.09 6527
205 P 19.98 43.15 5556
206 P 19.92 43.12 6016
207 P 20.06 43.10 6258
208 P 20.05 43.05 7042
209 P 19.97 43.00 7177
210 P 19.93 43.03 6972
211 P 19.80 43.07 6705
212 P 20.03 43.06 6551
213 P 20.04 43.05 7127
214 P 19.89 43.08 7211
215 P 19.92 43.04 7183
216 P 20.01 43.09 6410
217 P 19.85 43.16 6812
218 P 19.80 43.20 4737
219 P 19.76 43.23 4623
220 P 19.63 43.19 5532
221 P 19.80 43.13 5761
222 P 19.81 43.14 6446
223 P 20.01 43.11 5317
224 P 19.87 43.11 5861
225 P 19.88 43.10 6575
226 P 19.73 43.10 6719
227 P 19.85 43.10 6200
228 P 20.09 43.04 6388
229 P 19.93 43.01 6494
230 P 20.07 42.98 6867
231 P 19.91 43.04 6457
232 P 19.85 43.07 6370
233 P 19.90 43.12 6434
234 P 19.73 43.21 6015
235 P 19.87 43.24 4906
236 P 19.78 43.25 4532
237 P 19.67 43.22 5556
238 P 19.95 43.11 6337
239 P 19.84 43.13 7442
240 P 20.05 43.11 6610
241 P 19.60 43.16 4779
242 P 19.85 43.18 4911
243 P 19.84 43.16 5157
244 P 19.75 43.26 4117
245 P 19.64 43.28 3929
246 P 19.74 43.26 4058
247 P 19.72 43.30 4347
248 P 19.76 43.27 4514
249 P 19.77 43.25 4497
250 P 19.92 43.28 3933
251 P 19.68 43.28 3581
252 P 19.71 43.31 3832
253 P 19.83 43.28 5087
254 P 19.64 43.26 4533
255 P 19.75 43.27 3973
256 P 19.92 43.28 4547
257 P 19.68 43.32 4476
258 P 19.87 43.26 5280
259 P 19.76 43.27 4796
260 P 19.80 43.26 4967
261 P 19.79 43.25 4884
262 P 19.66 43.27 5205
263 P 19.97 43.38 4511
264 P 19.88 43.40 4782
265 P 19.51 43.44 3894
266 P 19.75 43.39 4550
267 P 19.65 43.36 6263
268 P 19.61 43.39 5020
269 P 19.60 43.41 6057
270 P 19.76 43.38 6742
271 P 19.58 43.42 6654
272 P 19.47 43.44 6876
273 P 19.63 43.42 6688
274 P 19.49 43.44 7450
275 P 19.40 43.47 7157
276 P 19.55 43.42 7395
277 P 19.46 43.46 7066
278 P 19.49 43.52 8098
279 P 19.33 43.52 8443
280 P 19.22 43.52 10015
281 P 19.12 43.52 10893
282 P 19.24 43.52 11641
283 P 19.12 43.55 12334
284 P 19.19 43.55 12716
285 P 19.42 43.50 12930
286 P 19.33 43.54 12553
287 P 19.34 43.58 12336
288 P 19.43 43.66 14135
289 P 19.31 43.68 15568
290 P 19.38 43.65 15307
291 P 19.53 43.70 14252
292 P 19.56 43.62 14225
293 P 19.69 43.64 13841
294 P 19.51 43.58 14446
295 P 19.82 43.48 13984
296 P 19.73 43.49 14199
297 P 20.00 43.35 14363
298 P 20.06 43.24 14378
299 P 20.16 43.11 14592
300 P 20.19 43.00 13603
301 P 20.38 42.91 13387
302 P 20.52 42.68 12599
303 P 20.56 42.72 12280
304 P 20.61 42.67 12596
305 P 20.72 42.59 12387
306 P 20.99 42.44 12153
307 P 20.86 42.47 10905
308 P 21.13 42.63 10120
309 P 21.61 42.66 7573
310 P 21.62 42.65 6797
311 P 21.75 42.63 7373
312 P 22.17 42.58 7760
313 P 22.09 42.49 8172
314 P 22.17 42.49 8459
315 P 22.15 42.38 9062
316 P 22.16 42.33 9207
317 P 22.75 42.09 8057
318 P 22.38 42.02 6679
319 P 22.76 42.00 6140
320 P 22.72 41.98 5930
321 P 22.91 41.89 6034
322 P 22.98 41.87 6190
323 P 23.09 41.86 5491
324 P 23.21 41.88 5922
325 P 22.86 41.90 5199
326 P 22.92 41.87 5011
327 P 23.30 41.84 4912
328 P 22.93 41.76 5553
329 P 23.48 41.73 5539
330 P 22.97 41.73 4736
331 P 23.34 41.74 4312
332 P 23.10 41.81 4280
333 P 23.15 41.81 4708
334 P 23.36 41.82 4550
335 P 23.15 41.94 5514
336 P 23.35 41.93 5494
337 P 23.15 41.92 4805
338 P 22.84 41.91 5219
339 P 23.02 41.94 5191
340 P 22.71 41.95 5194
341 P 22.73 41.95 5217
342 P 22.92 41.87 5489
343 P 22.81 41.83 5560
344 P 22.89 41.84 5523
345 P 23.00 41.93 5309
346 P 22.77 41.91 5222
347 P 23.38 41.85 6314
348 P 23.04 41.88 6412
349 P 22.86 41.88 6254
350 P 22.80 41.88 6124
351 P 22.73 41.85 4502
352 P 22.69 41.93 4018
353 P 22.77 42.01 4218
354 P 24.09 41.50 2230
