% Nframe | type | QP | PSNR | size (Bytes) 
0 I 40.48 33.33 10819
1 P 44.18 33.23 58
2 P 45.93 33.00 127
3 P 44.28 32.72 265
4 P 43.81 32.41 483
5 P 43.93 32.40 1016
6 P 43.59 32.46 1428
7 P 43.17 32.34 1779
8 P 43.42 32.46 1441
9 P 43.04 32.59 2343
10 P 43.17 32.68 1948
11 P 43.09 32.62 2292
12 P 47.31 30.63 2072
13 P 47.86 29.09 1679
14 P 47.18 29.86 2478
15 P 45.23 31.06 3436
16 P 42.62 31.49 3370
17 P 42.60 31.39 3719
18 P 43.78 31.40 3730
19 P 43.07 32.09 4028
20 P 42.06 32.75 3971
21 P 42.48 33.02 4352
22 P 41.96 33.36 4199
23 P 41.81 33.18 3873
24 P 42.15 33.29 4192
25 P 42.39 33.09 4208
26 P 42.90 32.55 4055
27 P 43.77 31.88 3498
28 P 44.16 31.06 3006
29 P 45.33 29.78 2654
30 P 46.42 29.70 1464
31 P 45.56 29.90 1917
32 P 44.91 29.82 2489
33 P 44.86 29.82 2819
34 P 46.20 29.76 2382
35 P 44.68 29.67 1843
36 P 46.90 29.75 1644
37 P 45.39 29.59 2109
38 P 45.95 29.31 1760
39 P 46.50 29.02 1913
40 P 47.89 28.68 1774
41 P 47.78 28.57 1489
42 P 47.67 28.46 1280
43 P 48.45 28.43 1081
44 P 48.40 28.51 893
45 P 48.58 28.77 1052
46 P 48.66 28.63 1286
47 P 48.71 28.48 1508
48 P 48.25 28.66 1794
49 P 48.46 28.42 1880
50 P 48.80 28.27 1869
51 P 48.82 28.27 1880
52 P 49.01 28.04 1639
53 P 48.75 28.02 1683
54 P 48.38 28.14 1717
55 P 47.79 28.34 1659
56 P 47.96 28.41 1623
57 P 48.00 28.51 1689
58 P 47.90 28.32 1373
59 P 47.96 28.38 1522
60 P 47.76 28.41 1519
61 P 47.75 28.35 1523
62 P 47.75 28.35 1554
63 P 47.90 28.27 1513
64 P 47.80 28.15 1230
65 P 48.22 28.02 941
66 P 48.07 28.07 771
67 P 48.10 28.20 649
68 P 48.24 28.43 729
69 P 48.48 28.45 567
70 P 48.44 28.60 692
71 P 48.41 28.61 846
72 P 48.12 28.50 790
73 P 47.85 28.43 909
74 P 47.92 28.43 857
75 P 48.09 28.48 958
76 P 47.40 28.50 953
77 P 47.24 28.55 1080
78 P 47.05 28.58 1267
79 P 47.09 28.57 1234
80 P 47.24 28.53 1060
81 P 46.88 28.59 713
82 P 46.01 28.77 479
83 P 45.64 28.99 360
84 P 46.88 29.25 375
85 P 45.87 29.34 418
86 P 47.06 29.46 606
87 P 46.29 29.58 932
88 P 46.69 29.60 1003
89 P 46.60 29.56 1008
90 P 46.23 29.50 1000
91 P 46.05 29.44 980
92 P 46.21 29.53 927
93 P 46.00 29.53 725
94 P 45.92 29.59 703
95 P 45.46 29.68 851
96 P 45.41 29.75 942
97 P 45.39 29.93 1130
98 P 45.15 30.08 1174
99 P 44.46 30.06 1125
100 P 44.55 30.12 1353
101 P 44.57 30.15 1321
102 P 44.56 30.15 1228
103 P 44.48 30.15 1252
104 P 44.28 30.23 1063
105 P 44.21 30.19 802
106 P 44.41 30.19 763
107 P 43.37 30.27 646
108 P 43.79 30.38 531
109 P 43.59 30.47 547
110 P 44.14 30.46 525
111 P 44.51 30.49 560
112 P 43.63 30.53 589
113 P 43.54 30.55 657
114 P 43.56 30.57 578
115 P 44.30 30.65 474
116 P 42.43 30.86 272
117 P 42.53 31.10 297
118 P 43.46 31.25 275
119 P 44.01 31.26 390
120 P 41.95 31.25 543
121 P 41.78 31.32 758
122 P 42.65 31.34 842
123 P 42.19 31.30 740
124 P 42.75 31.35 724
125 P 42.32 31.48 771
126 P 41.60 31.53 472
127 P 41.01 31.63 498
128 P 40.72 31.73 576
129 P 41.25 31.77 544
130 P 40.91 31.83 670
131 P 40.86 31.86 662
132 P 40.98 31.87 570
133 P 41.72 31.94 514
134 P 39.93 32.01 493
135 P 40.11 32.09 739
136 P 40.66 32.13 760
137 P 40.42 32.14 803
138 P 39.51 32.12 756
139 P 39.05 32.18 807
140 P 38.49 32.27 562
141 P 38.39 32.38 453
142 P 38.69 32.51 422
143 P 38.70 32.57 399
144 P 38.69 32.67 468
145 P 38.73 32.77 476
146 P 37.44 32.80 508
147 P 37.56 32.82 414
148 P 37.47 32.86 480
149 P 37.16 32.86 439
150 P 38.43 32.86 811
151 P 38.80 32.86 960
152 P 39.05 32.90 1353
153 P 39.26 32.94 1340
154 P 38.76 33.04 1209
155 P 38.08 33.12 919
156 P 37.33 33.23 769
157 P 38.61 33.35 667
158 P 37.33 33.46 645
159 P 37.64 33.57 587
160 P 38.74 33.65 606
161 P 37.73 33.65 725
162 P 37.10 33.72 612
163 P 36.41 33.78 754
164 P 35.61 33.95 824
165 P 34.56 33.99 690
166 P 36.24 34.02 543
167 P 36.71 34.02 578
168 P 36.25 34.03 722
169 P 35.93 34.05 754
170 P 36.15 34.15 530
171 P 35.31 34.25 425
172 P 35.75 34.29 373
173 P 35.96 34.38 706
174 P 36.15 34.38 908
175 P 35.96 34.40 1134
176 P 35.67 34.44 1519
177 P 35.53 34.51 1347
178 P 35.14 34.57 991
179 P 34.67 34.64 811
180 P 35.15 34.70 924
181 P 35.02 34.74 1067
182 P 34.72 34.79 995
183 P 35.51 34.85 1184
184 P 34.50 34.93 994
185 P 33.74 35.04 1012
186 P 33.97 35.14 735
187 P 33.31 35.28 843
188 P 33.55 35.29 732
189 P 34.94 35.24 998
190 P 34.90 35.29 1394
191 P 35.01 35.31 1616
192 P 34.52 35.32 1657
193 P 34.49 35.30 1430
194 P 34.41 35.36 1468
195 P 34.24 35.42 1047
196 P 34.79 35.49 956
197 P 34.04 35.53 901
198 P 34.39 35.54 1027
199 P 34.45 35.56 1334
200 P 34.35 35.63 1489
201 P 34.53 35.66 1252
202 P 34.21 35.67 1650
203 P 34.52 35.77 1515
204 P 34.59 35.75 1578
205 P 34.24 35.81 1716
206 P 34.30 35.82 1959
207 P 34.22 35.84 2058
208 P 34.60 35.85 1729
209 P 34.47 35.79 1843
210 P 34.41 35.83 1757
211 P 34.43 35.83 1609
212 P 34.48 35.83 1649
213 P 34.57 35.87 1835
214 P 34.53 35.86 1966
215 P 34.42 35.89 1829
216 P 34.52 35.93 1656
217 P 33.97 35.97 1550
218 P 34.48 36.00 996
219 P 33.95 36.10 901
220 P 33.98 36.11 1256
221 P 33.99 36.11 1224
222 P 34.07 36.10 1321
223 P 34.59 36.18 1292
224 P 34.46 36.22 1348
225 P 34.53 36.27 1389
226 P 34.26 36.30 1505
227 P 34.45 36.24 1446
228 P 34.20 36.24 1525
229 P 33.90 36.23 1535
230 P 34.31 36.24 1342
231 P 33.93 36.28 1475
232 P 34.47 36.27 1439
233 P 34.30 36.26 1375
234 P 33.72 36.28 1092
235 P 33.16 36.34 993
236 P 33.60 36.39 744
237 P 33.63 36.42 912
238 P 33.12 36.38 1124
239 P 32.91 36.40 1308
240 P 33.21 36.39 1272
241 P 33.58 36.40 994
242 P 33.72 36.43 1148
243 P 33.63 36.44 1083
244 P 33.04 36.53 613
245 P 32.64 36.57 542
246 P 32.94 36.59 637
247 P 31.79 36.63 565
248 P 32.77 36.65 540
249 P 32.31 36.67 600
250 P 32.76 36.69 397
251 P 31.37 36.73 443
252 P 32.34 36.74 403
253 P 33.10 36.75 514
254 P 32.38 36.76 508
255 P 32.90 36.76 470
256 P 32.76 36.76 642
257 P 33.38 36.77 513
258 P 32.70 36.75 721
259 P 32.87 36.77 822
260 P 33.40 36.76 748
261 P 32.90 36.78 653
262 P 33.56 36.79 805
263 P 33.30 36.81 842
264 P 32.94 36.81 768
265 P 32.48 36.87 578
266 P 32.02 36.88 581
267 P 32.05 36.88 829
268 P 33.07 36.88 844
269 P 33.14 36.91 1072
270 P 32.48 36.87 1184
271 P 33.03 36.90 1356
272 P 32.98 36.93 1394
273 P 32.34 36.91 1513
274 P 32.73 36.94 1507
275 P 32.55 36.95 1441
276 P 32.97 36.96 1721
277 P 32.59 36.98 1693
278 P 32.49 37.02 1810
279 P 32.20 37.08 1913
280 P 32.17 37.14 2285
281 P 32.32 37.15 2538
282 P 32.40 37.24 2844
283 P 32.40 37.31 2863
284 P 32.32 37.31 3014
285 P 32.30 37.28 3013
286 P 32.31 37.40 3195
287 P 32.31 37.57 3224
288 P 32.15 37.76 3613
289 P 32.06 37.80 4103
290 P 32.23 37.77 4206
291 P 31.83 37.78 4003
292 P 31.95 37.76 4035
293 P 32.28 37.82 3974
294 P 32.23 37.83 4263
295 P 32.40 37.83 4432
296 P 32.16 37.82 4344
297 P 32.21 37.83 4810
298 P 32.03 37.72 4741
299 P 32.43 37.66 4823
300 P 32.17 37.63 4574
301 P 32.20 37.62 4653
302 P 32.21 37.48 4440
303 P 32.55 37.52 4546
304 P 32.26 37.55 4561
305 P 32.53 37.50 4478
306 P 32.23 37.42 4601
307 P 32.46 37.51 4388
308 P 32.33 37.78 4345
309 P 32.34 37.91 3485
310 P 32.16 37.87 3106
311 P 32.03 37.91 3488
312 P 32.17 37.89 3660
313 P 32.26 37.84 3793
314 P 32.65 37.88 3906
315 P 32.66 37.80 4082
316 P 33.07 37.69 3910
317 P 33.09 37.43 3576
318 P 33.37 37.37 3105
319 P 33.34 37.32 2846
320 P 33.76 37.22 2623
321 P 33.72 37.16 2885
322 P 33.95 37.09 2719
323 P 33.84 37.07 2751
324 P 33.83 37.07 2644
325 P 34.03 36.98 2531
326 P 33.97 36.95 2622
327 P 34.28 36.88 2380
328 P 34.22 36.83 2339
329 P 34.42 36.75 2082
330 P 34.45 36.73 1702
331 P 34.27 36.74 1738
332 P 34.40 36.83 2047
333 P 34.64 36.80 2034
334 P 34.36 36.88 2315
335 P 34.18 36.95 2256
336 P 34.63 36.90 2350
337 P 34.34 36.87 2425
338 P 34.59 36.85 2059
339 P 34.36 36.79 2264
340 P 34.56 36.81 2329
341 P 34.30 36.77 2336
342 P 34.46 36.73 2407
343 P 34.43 36.68 2135
344 P 34.64 36.71 1858
345 P 34.83 36.76 1693
346 P 34.77 36.85 1732
347 P 34.95 36.82 1936
348 P 34.76 36.84 2084
349 P 34.79 36.82 2109
350 P 34.84 36.78 2011
351 P 35.07 36.72 1323
352 P 34.77 36.82 1055
353 P 34.92 36.85 1311
354 P 35.69 36.39 957
