% Nframe | type | QP | PSNR | size (Bytes) 
0 I 18.00 44.41 7598
1 P 18.17 43.89 548
2 P 18.98 43.73 768
3 P 19.45 43.59 1066
4 P 19.02 43.42 1294
5 P 19.00 43.50 1807
6 P 19.03 43.49 1773
7 P 18.50 43.40 2228
8 P 18.74 43.29 2453
9 P 18.90 43.28 2569
10 P 19.23 43.37 2644
11 P 18.26 43.63 2911
12 P 19.58 42.98 2432
13 P 16.00 44.98 4445
14 P 13.75 46.62 5967
15 P 12.47 47.48 7215
16 P 11.61 47.87 8984
17 P 11.16 47.94 11235
18 P 10.53 48.34 12827
19 P 10.37 48.57 12848
20 P 10.16 48.94 12709
21 P 9.98 49.41 12118
22 P 9.68 49.79 11690
23 P 9.53 50.02 10997
24 P 9.32 50.13 11520
25 P 9.32 50.24 11398
26 P 9.34 49.91 10957
27 P 9.88 49.65 10910
28 P 10.12 49.03 11082
29 P 10.57 48.50 11074
30 P 11.11 48.05 9263
31 P 11.70 47.90 8540
32 P 12.03 47.77 7999
33 P 12.39 47.74 7310
34 P 12.31 47.72 6668
35 P 12.50 47.90 5423
36 P 12.57 47.83 4861
37 P 12.62 47.80 4856
38 P 12.99 47.50 4928
39 P 13.26 47.15 4882
40 P 13.18 47.03 4755
41 P 13.68 46.65 4608
42 P 13.67 46.46 4531
43 P 13.89 46.34 4436
44 P 14.07 46.33 3831
45 P 13.79 46.31 3949
46 P 14.10 46.25 3899
47 P 13.93 46.33 3839
48 P 13.83 46.42 3912
49 P 13.74 46.56 3997
50 P 13.84 46.50 4443
51 P 13.61 46.61 4941
52 P 13.68 46.47 5149
53 P 13.49 46.58 5344
54 P 13.41 46.68 4881
55 P 13.16 46.79 4187
56 P 13.28 46.94 3908
57 P 13.10 47.05 4066
58 P 13.28 47.14 3975
59 P 12.82 47.22 4107
60 P 12.81 47.33 4345
61 P 12.82 47.38 4352
62 P 12.67 47.44 4744
63 P 12.82 47.34 4796
64 P 12.74 47.32 4770
65 P 12.61 47.34 4479
66 P 12.48 47.37 4400
67 P 12.52 47.39 4048
68 P 12.39 47.41 4771
69 P 12.26 47.37 4966
70 P 12.37 47.31 5747
71 P 12.02 47.37 6463
72 P 11.99 47.43 6138
73 P 11.85 47.49 6273
74 P 11.95 47.56 6123
75 P 11.69 47.78 5520
76 P 11.65 47.84 5342
77 P 11.70 47.90 5044
78 P 11.61 47.91 5124
79 P 11.50 48.03 5520
80 P 11.49 48.02 5310
81 P 11.31 48.15 4985
82 P 11.44 48.17 4194
83 P 11.52 48.08 4705
84 P 11.52 48.12 5066
85 P 11.37 48.00 5044
86 P 11.50 48.03 5311
87 P 11.43 48.01 5731
88 P 11.43 48.09 5975
89 P 11.36 48.15 5947
90 P 11.37 48.12 5708
91 P 11.26 48.13 6149
92 P 11.33 48.17 5876
93 P 11.25 48.16 5704
94 P 11.13 48.20 5645
95 P 11.21 48.26 5589
96 P 11.16 48.29 5298
97 P 11.16 48.27 5129
98 P 11.07 48.42 5386
99 P 11.07 48.45 5488
100 P 11.11 48.43 5271
101 P 11.05 48.46 5189
102 P 11.02 48.52 5077
103 P 11.07 48.39 4895
104 P 11.01 48.46 5332
105 P 11.06 48.53 4972
106 P 10.94 48.57 4954
107 P 11.02 48.60 3810
108 P 11.03 48.64 3704
109 P 11.09 48.65 4231
110 P 10.99 48.65 3988
111 P 11.01 48.68 4238
112 P 10.86 48.60 4433
113 P 10.85 48.73 4718
114 P 10.81 48.71 4697
115 P 10.86 48.70 3935
116 P 10.94 48.68 3559
117 P 10.93 48.79 3807
118 P 10.78 48.75 4499
119 P 10.70 48.80 4792
120 P 10.68 48.80 4663
121 P 10.68 48.90 5035
122 P 10.61 48.82 5263
123 P 10.45 48.82 5548
124 P 10.62 48.82 5137
125 P 10.58 48.92 5077
126 P 10.36 48.92 5019
127 P 10.51 49.05 4752
128 P 10.42 49.06 4905
129 P 10.27 49.16 4775
130 P 10.31 49.14 4484
131 P 10.01 49.26 5170
132 P 10.07 49.25 5050
133 P 10.09 49.36 4368
134 P 10.14 49.37 4447
135 P 10.09 49.29 5158
136 P 9.98 49.31 5381
137 P 10.10 49.40 5109
138 P 10.05 49.35 4969
139 P 9.88 49.41 4878
140 P 9.48 49.44 3250
141 P 9.86 49.50 3631
142 P 9.79 49.51 4669
143 P 9.80 49.52 4661
144 P 9.75 49.57 4474
145 P 9.76 49.66 4337
146 P 9.60 49.72 4224
147 P 9.41 49.73 4080
148 P 9.55 49.76 4170
149 P 9.58 49.71 4656
150 P 9.68 49.64 5162
151 P 9.64 49.65 5266
152 P 9.67 49.60 5571
153 P 9.46 49.64 6119
154 P 9.50 49.73 5774
155 P 9.40 49.74 5244
156 P 9.47 49.81 4774
157 P 9.21 49.88 4977
158 P 9.32 50.01 5191
159 P 9.21 49.90 4554
160 P 9.06 50.05 4790
161 P 9.16 49.96 4901
162 P 8.98 50.22 4632
163 P 9.01 50.19 4245
164 P 9.02 50.19 4575
165 P 9.05 50.18 4552
166 P 8.95 50.22 4612
167 P 9.03 50.21 5118
168 P 9.18 50.20 5167
169 P 9.07 50.20 4899
170 P 9.12 50.23 4441
171 P 8.77 50.22 4763
172 P 8.90 50.43 5085
173 P 8.87 50.43 5310
174 P 8.90 50.37 5423
175 P 8.91 50.34 5568
176 P 8.83 50.34 6165
177 P 8.61 50.33 5752
178 P 8.72 50.35 4964
179 P 8.70 50.41 4933
180 P 8.79 50.39 5013
181 P 8.71 50.36 5311
182 P 8.74 50.40 5261
183 P 8.80 50.38 5564
184 P 8.67 50.41 4919
185 P 8.32 50.44 4480
186 P 8.60 50.61 4341
187 P 8.36 50.63 4518
188 P 8.34 50.69 4355
189 P 8.64 50.53 5473
190 P 8.73 50.42 6266
191 P 8.62 50.41 6905
192 P 8.60 50.47 6852
193 P 8.56 50.47 6240
194 P 8.55 50.55 6052
195 P 8.40 50.60 5761
196 P 8.61 50.62 5232
197 P 8.55 50.63 5262
198 P 8.57 50.70 5967
199 P 8.29 50.63 5777
200 P 8.40 50.64 6677
201 P 8.44 50.74 6498
202 P 8.46 50.68 6817
203 P 8.38 50.62 7265
204 P 8.46 50.55 7218
205 P 8.45 50.55 7283
206 P 8.42 50.52 7811
207 P 8.50 50.47 7839
208 P 8.39 50.57 7936
209 P 8.40 50.62 7491
210 P 8.49 50.57 7133
211 P 8.33 50.58 7178
212 P 8.43 50.60 7424
213 P 8.32 50.58 7533
214 P 8.51 50.61 7641
215 P 8.46 50.56 7183
216 P 8.45 50.56 6974
217 P 8.51 50.54 6351
218 P 8.38 50.64 5305
219 P 8.52 50.66 5397
220 P 8.58 50.62 6097
221 P 8.68 50.60 6472
222 P 8.64 50.49 6590
223 P 8.61 50.46 7028
224 P 8.54 50.54 7040
225 P 8.68 50.43 7375
226 P 8.51 50.49 7581
227 P 8.55 50.46 7040
228 P 8.53 50.45 6947
229 P 8.56 50.43 6864
230 P 8.70 50.42 6551
231 P 8.58 50.39 6350
232 P 8.66 50.37 6809
233 P 8.57 50.47 6165
234 P 8.61 50.49 5720
235 P 8.51 50.45 5074
236 P 8.65 50.55 4826
237 P 8.56 50.56 5154
238 P 8.61 50.40 5179
239 P 8.62 50.37 5914
240 P 8.79 50.34 5454
241 P 8.50 50.45 4882
242 P 8.60 50.44 4981
243 P 8.50 50.50 5038
244 P 8.64 50.53 4108
245 P 8.42 50.57 4685
246 P 8.55 50.61 4718
247 P 8.51 50.64 4470
248 P 8.58 50.58 4366
249 P 8.54 50.68 4461
250 P 8.47 50.67 3981
251 P 8.42 50.63 3953
252 P 8.31 50.73 4030
253 P 8.54 50.70 4444
254 P 8.36 50.69 4225
255 P 8.55 50.73 4553
256 P 8.60 50.75 4860
257 P 8.65 50.72 4573
258 P 8.44 50.72 5171
259 P 8.63 50.64 4794
260 P 8.48 50.75 5204
261 P 8.42 50.69 4945
262 P 8.22 50.77 5317
263 P 8.34 50.76 5295
264 P 8.35 50.75 5531
265 P 8.28 50.86 4828
266 P 8.27 50.88 5161
267 P 8.41 50.90 5457
268 P 8.53 50.83 5564
269 P 8.26 50.80 5915
270 P 8.32 50.75 6402
271 P 8.17 50.78 5990
272 P 8.34 50.81 5984
273 P 8.27 50.84 6094
274 P 8.28 50.84 6578
275 P 8.32 50.83 6828
276 P 8.07 50.86 6826
277 P 8.33 50.82 6612
278 P 8.21 50.83 7195
279 P 8.32 50.77 7798
280 P 8.38 50.77 8134
281 P 8.23 50.66 8503
282 P 8.39 50.67 8732
283 P 8.27 50.69 9223
284 P 8.28 50.66 9219
285 P 8.31 50.49 9120
286 P 8.34 50.52 9229
287 P 8.39 50.54 9198
288 P 8.30 50.57 9814
289 P 8.38 50.55 9853
290 P 8.32 50.59 10001
291 P 8.25 50.56 9952
292 P 8.45 50.50 9777
293 P 8.45 50.43 9695
294 P 8.58 50.31 9376
295 P 8.57 50.31 9615
296 P 8.60 50.24 9897
297 P 8.59 50.26 9783
298 P 8.66 50.26 9577
299 P 8.64 50.10 9429
300 P 8.75 50.10 9231
301 P 8.84 50.11 9083
302 P 8.96 49.97 8827
303 P 8.99 49.99 8888
304 P 9.05 49.94 8633
305 P 9.11 49.91 8475
306 P 9.15 49.83 8165
307 P 9.30 49.84 8049
308 P 9.28 49.79 8372
309 P 9.24 49.75 8403
310 P 9.35 49.61 8293
311 P 9.54 49.60 8046
312 P 9.46 49.62 8129
313 P 9.51 49.57 8405
314 P 9.62 49.50 8240
315 P 9.50 49.57 8546
316 P 9.64 49.41 8080
317 P 9.72 49.55 7961
318 P 9.79 49.54 7760
319 P 9.86 49.51 7628
320 P 9.80 49.44 7321
321 P 9.73 49.48 7352
322 P 9.79 49.41 7221
323 P 9.85 49.43 6985
324 P 9.90 49.33 6765
325 P 10.08 49.34 6809
326 P 9.88 49.42 6670
327 P 9.90 49.41 6288
328 P 10.13 49.36 5693
329 P 10.02 49.40 5595
330 P 10.09 49.38 4852
331 P 10.07 49.30 4940
332 P 10.09 49.34 5511
333 P 10.05 49.28 6122
334 P 10.08 49.29 6409
335 P 10.00 49.32 6283
336 P 10.09 49.29 6407
337 P 10.18 49.24 6317
338 P 10.15 49.22 6452
339 P 10.19 49.12 6304
340 P 10.12 49.17 6223
341 P 10.09 49.20 6386
342 P 10.06 49.26 6407
343 P 10.10 49.37 6164
344 P 9.95 49.42 6065
345 P 9.98 49.41 5947
346 P 10.00 49.48 5881
347 P 10.05 49.46 6187
348 P 10.23 49.27 6163
349 P 10.18 49.35 6059
350 P 10.03 49.44 6014
351 P 9.96 49.47 4550
352 P 10.16 49.44 4298
353 P 10.15 49.40 4882
354 P 11.40 48.37 3639
