% Nframe | type | QP | PSNR | size (Bytes) 
0 I 39.11 30.72 989
1 P 40.00 30.70 11
2 P 40.95 30.65 14
3 P 40.00 30.56 15
4 P 40.00 30.28 22
5 P 41.02 29.92 60
6 P 38.76 29.76 95
7 P 41.21 29.72 104
8 P 41.30 29.95 152
9 P 38.78 29.56 149
10 P 43.50 29.58 175
11 P 40.74 29.66 190
12 P 45.48 28.42 117
13 P 39.85 29.78 326
14 P 38.19 30.89 448
15 P 36.42 32.08 627
16 P 35.33 32.62 734
17 P 33.02 32.96 914
18 P 34.15 33.36 1041
19 P 32.48 34.35 1028
20 P 32.42 35.23 1057
21 P 32.20 35.71 1052
22 P 31.10 36.38 999
23 P 30.03 36.82 978
24 P 30.34 37.10 1034
25 P 30.70 37.35 1005
26 P 31.18 36.98 962
27 P 31.98 35.96 926
28 P 32.75 34.99 858
29 P 33.30 34.11 690
30 P 34.07 33.81 470
31 P 34.84 33.90 536
32 P 35.30 33.79 573
33 P 34.56 33.95 583
34 P 34.13 34.15 509
35 P 34.10 34.14 396
36 P 36.06 34.19 334
37 P 35.34 34.32 366
38 P 35.78 33.91 298
39 P 35.49 33.74 336
40 P 37.07 33.34 251
41 P 36.60 33.01 264
42 P 37.17 32.93 189
43 P 36.19 32.66 160
44 P 37.09 32.79 207
45 P 37.25 32.55 175
46 P 37.12 32.60 185
47 P 37.34 32.62 190
48 P 37.37 32.58 208
49 P 36.67 32.72 226
50 P 36.22 32.86 289
51 P 35.66 32.91 323
52 P 35.69 32.92 315
53 P 36.25 32.93 319
54 P 35.41 33.05 324
55 P 35.52 33.08 265
56 P 35.42 33.23 237
57 P 35.13 33.41 239
58 P 34.14 33.57 244
59 P 35.14 33.63 228
60 P 33.43 33.82 224
61 P 33.63 33.98 261
62 P 33.46 34.03 283
63 P 33.72 34.01 264
64 P 33.70 34.07 250
65 P 33.66 34.04 197
66 P 34.90 34.18 201
67 P 33.42 34.30 187
68 P 32.92 34.40 236
69 P 34.04 34.33 246
70 P 33.60 34.53 335
71 P 33.29 34.38 403
72 P 31.65 34.39 375
73 P 31.96 34.50 419
74 P 32.97 34.49 349
75 P 31.74 34.72 359
76 P 32.15 34.88 285
77 P 31.77 35.03 265
78 P 31.51 35.13 272
79 P 31.46 35.29 320
80 P 31.75 35.36 282
81 P 31.68 35.31 191
82 P 31.95 35.41 148
83 P 31.52 35.50 187
84 P 31.81 35.51 154
85 P 32.44 35.50 200
86 P 31.60 35.47 227
87 P 31.45 35.58 308
88 P 31.87 35.50 315
89 P 31.39 35.68 386
90 P 31.27 35.63 295
91 P 30.80 35.70 351
92 P 30.42 35.73 302
93 P 31.20 35.89 317
94 P 30.60 35.93 289
95 P 30.34 35.95 309
96 P 30.40 36.13 304
97 P 30.53 36.31 298
98 P 29.85 36.42 289
99 P 30.40 36.52 269
100 P 29.24 36.55 257
101 P 29.73 36.77 278
102 P 30.43 36.74 154
103 P 29.49 36.79 209
104 P 29.29 36.82 198
105 P 29.82 36.80 185
106 P 29.24 36.90 248
107 P 29.42 36.94 172
108 P 29.52 37.03 165
109 P 28.47 37.09 168
110 P 29.03 37.14 194
111 P 29.32 37.22 157
112 P 28.42 37.16 136
113 P 27.80 37.30 165
114 P 27.11 37.33 213
115 P 28.23 37.35 182
116 P 28.50 37.41 125
117 P 28.27 37.45 157
118 P 29.27 37.49 140
119 P 28.00 37.60 214
120 P 28.05 37.70 197
121 P 27.61 37.69 227
122 P 28.13 37.81 245
123 P 27.71 37.85 237
124 P 26.90 37.96 315
125 P 27.92 38.09 317
126 P 28.10 38.11 264
127 P 27.65 38.17 222
128 P 27.43 38.24 264
129 P 27.19 38.30 269
130 P 26.59 38.36 276
131 P 27.11 38.47 307
132 P 26.41 38.48 224
133 P 26.98 38.59 241
134 P 25.99 38.68 240
135 P 26.28 38.69 264
136 P 26.55 38.76 244
137 P 26.23 38.79 215
138 P 26.70 38.87 229
139 P 25.34 39.05 277
140 P 25.73 39.17 152
141 P 25.83 39.20 110
142 P 25.58 39.26 174
143 P 25.49 39.27 192
144 P 26.20 39.29 169
145 P 24.89 39.40 204
146 P 25.62 39.47 149
147 P 24.06 39.55 171
148 P 24.41 39.59 118
149 P 22.02 39.53 165
150 P 24.60 39.56 249
151 P 25.29 39.57 320
152 P 24.58 39.62 350
153 P 24.31 39.61 367
154 P 23.88 39.72 357
155 P 23.82 39.72 283
156 P 24.13 39.95 366
157 P 23.04 40.05 262
158 P 22.75 40.21 311
159 P 22.91 40.22 202
160 P 22.95 40.41 368
161 P 22.58 40.43 338
162 P 24.02 40.56 262
163 P 21.82 40.58 248
164 P 22.92 40.65 250
165 P 23.87 40.65 184
166 P 23.96 40.64 152
167 P 23.70 40.72 249
168 P 23.50 40.69 239
169 P 23.79 40.71 220
170 P 22.80 40.85 229
171 P 22.92 40.93 196
172 P 22.65 41.05 265
173 P 22.45 40.99 199
174 P 22.95 41.00 273
175 P 22.48 41.03 306
176 P 22.11 41.15 409
177 P 22.72 41.20 318
178 P 22.31 41.26 258
179 P 22.23 41.41 294
180 P 22.18 41.47 297
181 P 22.20 41.44 239
182 P 22.28 41.55 362
183 P 22.41 41.59 259
184 P 20.96 41.71 295
185 P 21.13 41.79 210
186 P 22.16 41.85 168
187 P 20.25 41.96 242
188 P 20.33 42.02 246
189 P 22.20 41.89 245
190 P 21.65 41.76 432
191 P 21.59 41.84 564
192 P 21.94 41.88 559
193 P 21.60 41.95 519
194 P 21.42 41.90 359
195 P 21.37 42.06 360
196 P 20.99 42.10 297
197 P 21.27 42.15 286
198 P 21.94 42.11 265
199 P 21.25 42.19 374
200 P 21.64 42.17 388
201 P 21.71 42.22 296
202 P 21.65 42.18 374
203 P 21.86 42.16 433
204 P 21.55 42.11 512
205 P 21.44 42.14 558
206 P 21.21 42.14 660
207 P 21.88 42.01 522
208 P 21.40 42.13 782
209 P 21.71 42.20 643
210 P 21.34 42.25 545
211 P 20.74 42.41 581
212 P 21.42 42.41 548
213 P 21.82 42.31 638
214 P 21.37 42.32 653
215 P 20.70 42.48 672
216 P 20.80 42.44 512
217 P 20.28 42.55 550
218 P 20.88 42.56 312
219 P 20.56 42.64 336
220 P 21.52 42.60 326
221 P 21.67 42.69 396
222 P 21.75 42.72 367
223 P 20.78 42.68 561
224 P 20.85 42.52 432
225 P 20.85 42.58 665
226 P 21.30 42.49 672
227 P 21.02 42.49 596
228 P 20.50 42.69 708
229 P 21.11 42.61 563
230 P 20.89 42.64 582
231 P 21.08 42.68 469
232 P 21.26 42.73 526
233 P 20.38 42.81 500
234 P 20.10 42.87 347
235 P 20.27 42.89 318
236 P 19.43 42.94 290
237 P 19.75 42.97 437
238 P 20.56 42.86 387
239 P 21.17 42.80 420
240 P 21.06 42.73 388
241 P 20.89 42.77 291
242 P 21.14 42.77 226
243 P 20.59 42.84 235
244 P 19.45 42.92 106
245 P 21.57 42.96 157
246 P 21.14 42.93 143
247 P 21.30 42.97 125
248 P 20.30 43.04 127
249 P 20.72 43.11 163
250 P 19.40 43.15 153
251 P 20.62 43.19 120
252 P 21.02 43.21 136
253 P 21.01 43.15 138
254 P 20.16 43.17 181
255 P 18.58 43.13 188
256 P 20.64 43.20 296
257 P 20.17 43.25 231
258 P 19.60 43.26 297
259 P 19.90 43.32 293
260 P 19.10 43.28 314
261 P 19.80 43.40 334
262 P 19.50 43.40 321
263 P 19.64 43.43 345
264 P 20.45 43.47 353
265 P 18.14 43.55 214
266 P 18.63 43.55 271
267 P 19.73 43.55 306
268 P 18.01 43.49 287
269 P 19.65 43.48 411
270 P 20.09 43.41 488
271 P 19.19 43.40 359
272 P 18.80 43.49 508
273 P 19.08 43.47 478
274 P 18.24 43.57 667
275 P 19.45 43.50 574
276 P 19.07 43.51 652
277 P 18.88 43.53 582
278 P 18.90 43.61 808
279 P 19.59 43.58 833
280 P 19.33 43.49 1045
281 P 19.44 43.45 1139
282 P 19.38 43.38 1241
283 P 18.81 43.45 1408
284 P 19.70 43.46 1455
285 P 19.44 43.42 1402
286 P 19.32 43.45 1548
287 P 19.95 43.37 1379
288 P 19.02 43.52 1704
289 P 19.02 43.42 1682
290 P 18.52 43.55 1961
291 P 18.83 43.51 1791
292 P 19.15 43.46 1739
293 P 19.17 43.52 1744
294 P 19.44 43.45 1723
295 P 19.51 43.29 1742
296 P 19.17 43.17 1769
297 P 20.04 43.05 1609
298 P 19.88 42.79 1486
299 P 20.10 42.67 1481
300 P 20.19 42.47 1351
301 P 21.04 42.32 1294
302 P 22.00 42.15 1063
303 P 22.19 41.97 1058
304 P 21.92 41.85 1099
305 P 22.46 41.58 948
306 P 22.90 41.54 910
307 P 22.23 41.39 867
308 P 22.83 41.20 799
309 P 23.23 41.25 791
310 P 23.30 40.96 622
311 P 23.40 40.87 720
312 P 23.74 40.68 794
313 P 23.94 40.75 829
314 P 24.03 40.64 881
315 P 24.13 40.63 963
316 P 24.00 40.55 860
317 P 24.47 40.52 772
318 P 23.92 40.34 597
319 P 24.11 40.40 656
320 P 23.78 40.38 649
321 P 23.88 40.28 608
322 P 23.69 40.19 638
323 P 24.71 40.18 613
324 P 24.78 40.24 660
325 P 24.75 40.20 578
326 P 24.68 40.25 588
327 P 24.55 40.21 590
328 P 25.10 40.19 412
329 P 24.47 40.19 303
330 P 24.96 40.17 295
331 P 24.18 40.14 298
332 P 24.76 40.22 455
333 P 25.02 40.26 411
334 P 24.73 40.16 445
335 P 25.11 40.09 383
336 P 24.98 40.01 504
337 P 24.95 40.03 464
338 P 24.81 39.97 468
339 P 24.41 39.89 493
340 P 25.07 39.88 511
341 P 25.49 39.98 552
342 P 24.53 39.95 512
343 P 24.83 39.97 446
344 P 25.09 40.06 499
345 P 24.70 40.02 404
346 P 24.62 40.13 475
347 P 25.00 40.07 445
348 P 24.91 40.11 554
349 P 24.89 40.15 478
350 P 24.83 40.23 531
351 P 24.85 40.34 291
352 P 24.80 40.32 211
353 P 24.82 40.20 321
354 P 24.05 39.73 153
