% Nframe | type | QP | PSNR | size (Bytes) 
0 I 21.24 42.22 8002
1 P 22.82 41.79 306
2 P 23.17 41.54 468
3 P 23.36 41.37 754
4 P 23.17 41.27 922
5 P 23.22 41.28 1410
6 P 22.98 41.37 1422
7 P 22.72 41.45 1751
8 P 22.40 41.43 1979
9 P 22.80 41.66 2345
10 P 22.23 41.84 2424
11 P 21.86 41.95 2555
12 P 24.69 40.94 1751
13 P 20.51 42.71 3738
14 P 17.81 44.27 5024
15 P 16.45 45.14 6072
16 P 15.33 45.53 7896
17 P 14.57 45.49 10102
18 P 14.19 45.61 11652
19 P 13.96 46.08 11842
20 P 13.52 46.64 11610
21 P 13.39 47.07 11140
22 P 13.27 47.47 10290
23 P 12.91 47.80 9601
24 P 12.90 48.02 9990
25 P 13.04 48.10 9805
26 P 13.27 47.78 9378
27 P 13.64 47.28 9671
28 P 14.15 46.61 9343
29 P 14.99 45.64 9732
30 P 15.34 45.28 7812
31 P 16.06 45.15 7364
32 P 16.38 45.07 6838
33 P 16.64 45.10 5957
34 P 16.88 45.40 5421
35 P 17.01 45.41 4262
36 P 16.87 45.47 3711
37 P 17.13 45.45 3514
38 P 17.09 45.26 3725
39 P 17.61 44.83 3919
40 P 17.95 44.37 3689
41 P 18.38 43.83 3463
42 P 18.50 43.61 3613
43 P 18.90 43.36 3426
44 P 19.88 43.37 2827
45 P 18.96 43.52 2912
46 P 19.48 43.41 2783
47 P 19.26 43.67 2905
48 P 18.87 43.76 2783
49 P 18.39 43.83 3053
50 P 18.36 43.76 3541
51 P 18.53 43.64 4013
52 P 18.22 43.67 4251
53 P 17.98 43.77 4366
54 P 17.88 43.85 3764
55 P 17.60 43.92 2960
56 P 17.82 44.09 2875
57 P 17.96 44.14 2929
58 P 17.28 44.26 3025
59 P 17.28 44.42 2998
60 P 16.89 44.46 3181
61 P 17.21 44.42 3438
62 P 17.02 44.56 3324
63 P 17.05 44.55 3524
64 P 16.80 44.57 3624
65 P 17.19 44.46 3308
66 P 17.00 44.47 2760
67 P 16.86 44.50 2811
68 P 16.52 44.67 3594
69 P 16.40 44.63 4178
70 P 16.27 44.60 4662
71 P 16.63 44.61 5513
72 P 16.04 44.59 5412
73 P 16.26 44.70 5469
74 P 16.02 44.80 5112
75 P 15.86 44.86 4306
76 P 15.82 44.99 4123
77 P 15.62 45.14 3614
78 P 15.47 45.25 3777
79 P 15.73 45.26 4123
80 P 15.53 45.32 4134
81 P 15.55 45.31 3418
82 P 15.66 45.38 2995
83 P 15.76 45.28 3089
84 P 15.91 45.30 3703
85 P 15.92 45.21 3927
86 P 15.70 45.17 4042
87 P 15.96 45.14 4491
88 P 15.71 45.17 4556
89 P 15.72 45.27 4866
90 P 15.27 45.35 5104
91 P 15.31 45.32 4969
92 P 15.20 45.38 4858
93 P 15.09 45.36 4644
94 P 15.09 45.47 4692
95 P 14.93 45.60 4537
96 P 15.13 45.56 4088
97 P 15.06 45.62 4058
98 P 14.90 45.76 3817
99 P 14.98 45.83 3551
100 P 14.84 45.87 3807
101 P 14.86 45.76 3533
102 P 14.89 45.79 3531
103 P 15.41 45.81 3773
104 P 15.28 45.81 3999
105 P 15.08 45.82 3793
106 P 15.15 45.88 3800
107 P 15.37 45.90 2844
108 P 14.94 45.91 2444
109 P 14.91 45.94 3048
110 P 14.95 45.90 3076
111 P 14.53 45.88 2994
112 P 14.68 45.98 3318
113 P 14.43 46.02 3672
114 P 14.55 46.10 3620
115 P 14.68 46.12 2903
116 P 14.75 46.26 2555
117 P 14.86 46.12 2586
118 P 14.46 46.22 3113
119 P 14.23 46.23 3613
120 P 14.36 46.23 3762
121 P 14.21 46.26 3723
122 P 14.09 46.27 4076
123 P 14.19 46.31 4559
124 P 14.07 46.36 4552
125 P 13.95 46.45 4298
126 P 13.91 46.51 3963
127 P 13.68 46.51 3838
128 P 13.82 46.53 3968
129 P 13.66 46.62 3994
130 P 13.76 46.64 3428
131 P 13.60 46.81 3930
132 P 13.76 46.84 3896
133 P 13.38 46.85 3310
134 P 13.30 46.83 3455
135 P 13.34 46.84 3864
136 P 13.34 46.80 3855
137 P 13.37 46.82 4053
138 P 13.33 46.88 4249
139 P 13.20 46.93 3672
140 P 13.15 47.08 2474
141 P 13.32 47.06 2260
142 P 12.96 47.06 3471
143 P 12.95 47.10 3697
144 P 12.92 47.18 3744
145 P 12.80 47.22 3246
146 P 12.82 47.29 3132
147 P 12.67 47.33 3067
148 P 12.64 47.37 2897
149 P 12.82 47.28 3654
150 P 12.78 47.23 3983
151 P 12.90 47.19 4415
152 P 12.78 47.23 5010
153 P 12.43 47.32 5488
154 P 12.43 47.36 5332
155 P 12.47 47.30 4325
156 P 12.60 47.43 3665
157 P 12.41 47.56 4353
158 P 12.30 47.53 4065
159 P 12.34 47.60 3688
160 P 12.20 47.66 3534
161 P 12.10 47.68 4039
162 P 12.16 47.68 2990
163 P 11.96 47.80 3042
164 P 11.89 47.81 3304
165 P 11.86 47.77 3413
166 P 11.89 47.76 3767
167 P 12.12 47.74 4085
168 P 12.25 47.73 4110
169 P 11.96 47.74 3993
170 P 11.96 47.80 3206
171 P 11.74 47.94 3498
172 P 11.96 47.98 3840
173 P 11.88 47.91 4415
174 P 12.07 47.84 4497
175 P 11.78 47.92 4944
176 P 11.72 47.97 5497
177 P 11.59 48.03 4726
178 P 11.72 48.04 3389
179 P 11.75 48.08 3506
180 P 11.53 48.10 4186
181 P 11.49 48.05 4447
182 P 11.52 48.10 4105
183 P 11.35 48.15 4398
184 P 11.25 48.23 3821
185 P 11.09 48.35 3403
186 P 11.12 48.36 2913
187 P 11.10 48.43 3482
188 P 11.06 48.42 3073
189 P 11.38 48.25 4349
190 P 11.47 48.21 5406
191 P 11.56 48.14 6038
192 P 11.46 48.17 6322
193 P 11.50 48.18 5338
194 P 11.32 48.22 5186
195 P 11.34 48.28 4545
196 P 11.05 48.29 4291
197 P 11.21 48.36 4280
198 P 11.17 48.49 4911
199 P 11.01 48.43 4683
200 P 11.08 48.52 5941
201 P 11.08 48.48 5018
202 P 10.98 48.42 6074
203 P 11.20 48.46 6111
204 P 11.17 48.32 6317
205 P 11.30 48.28 6414
206 P 11.19 48.29 7032
207 P 11.17 48.23 6911
208 P 11.15 48.33 7477
209 P 11.14 48.37 6828
210 P 11.07 48.49 6628
211 P 11.09 48.40 6381
212 P 11.12 48.41 6479
213 P 11.07 48.33 6801
214 P 11.13 48.37 7202
215 P 11.21 48.34 6535
216 P 11.14 48.42 6394
217 P 11.08 48.35 5167
218 P 10.82 48.41 3990
219 P 11.04 48.41 3985
220 P 11.27 48.38 5076
221 P 11.43 48.35 5197
222 P 11.46 48.19 5731
223 P 11.43 48.18 5827
224 P 11.45 48.12 5810
225 P 11.54 48.07 6444
226 P 11.60 48.05 6563
227 P 11.54 47.99 5946
228 P 11.62 48.06 6070
229 P 11.51 48.04 6026
230 P 11.70 48.03 5264
231 P 11.43 48.03 5427
232 P 11.54 48.08 5558
233 P 11.49 48.10 5150
234 P 11.42 48.15 4673
235 P 11.33 48.18 3921
236 P 11.38 48.14 3469
237 P 11.54 48.14 4075
238 P 11.36 48.16 4482
239 P 11.75 48.06 4870
240 P 11.55 48.02 4184
241 P 11.46 48.10 3748
242 P 11.64 48.10 3894
243 P 11.32 48.14 3610
244 P 11.60 48.31 3056
245 P 11.41 48.27 3133
246 P 11.29 48.33 3310
247 P 11.47 48.39 2819
248 P 11.23 48.39 3015
249 P 11.49 48.35 3140
250 P 11.23 48.42 2781
251 P 11.10 48.43 2670
252 P 11.17 48.46 3171
253 P 11.35 48.44 3218
254 P 10.64 48.40 2991
255 P 11.29 48.46 3266
256 P 11.52 48.40 3600
257 P 11.43 48.42 3616
258 P 11.45 48.37 4105
259 P 11.19 48.35 3732
260 P 11.28 48.39 3984
261 P 11.19 48.46 4286
262 P 11.15 48.49 4356
263 P 11.09 48.50 4300
264 P 11.08 48.57 4361
265 P 10.92 48.69 3461
266 P 11.01 48.65 3889
267 P 10.89 48.73 4368
268 P 10.85 48.72 4586
269 P 10.85 48.71 5337
270 P 10.94 48.62 5685
271 P 10.88 48.69 5356
272 P 10.74 48.66 5158
273 P 10.86 48.62 5553
274 P 10.86 48.64 5871
275 P 10.79 48.68 6155
276 P 10.81 48.71 6322
277 P 10.74 48.72 5920
278 P 10.84 48.66 6550
279 P 10.79 48.64 7063
280 P 10.77 48.61 8008
281 P 10.84 48.52 7854
282 P 10.88 48.53 8659
283 P 10.88 48.53 8627
284 P 10.92 48.53 9061
285 P 10.97 48.48 8952
286 P 10.87 48.53 9336
287 P 10.98 48.47 9049
288 P 10.96 48.46 9509
289 P 11.05 48.50 9889
290 P 11.01 48.36 9721
291 P 11.10 48.37 9520
292 P 11.09 48.36 9488
293 P 11.27 48.32 9152
294 P 11.22 48.31 9436
295 P 11.37 48.23 9310
296 P 11.49 48.09 9151
297 P 11.57 48.01 9264
298 P 11.65 47.93 9055
299 P 11.72 47.86 8964
300 P 11.70 47.85 8862
301 P 11.81 47.76 8490
302 P 11.78 47.77 8524
303 P 11.87 47.74 8362
304 P 12.06 47.70 8306
305 P 12.04 47.65 8107
306 P 12.15 47.58 7810
307 P 12.35 47.51 7421
308 P 12.30 47.50 7667
309 P 12.41 47.44 6985
310 P 12.48 47.39 6331
311 P 12.63 47.41 6716
312 P 12.64 47.36 6787
313 P 12.70 47.38 6986
314 P 12.66 47.28 7103
315 P 12.92 47.25 6900
316 P 12.90 47.14 6497
317 P 12.88 47.17 6523
318 P 12.96 47.13 6111
319 P 12.82 47.05 6325
320 P 12.95 47.02 6287
321 P 12.94 47.05 6078
322 P 13.02 47.01 5981
323 P 12.90 47.02 5813
324 P 12.94 47.01 5648
325 P 13.06 47.03 5693
326 P 13.00 47.02 5231
327 P 13.10 46.99 4992
328 P 12.99 46.97 4881
329 P 13.19 46.99 4645
330 P 13.09 46.97 4168
331 P 13.19 46.97 3833
332 P 13.27 46.97 4335
333 P 13.29 46.94 5122
334 P 13.51 46.83 4807
335 P 13.28 46.83 5344
336 P 13.30 46.85 5243
337 P 13.29 46.82 5236
338 P 13.67 46.76 5301
339 P 13.33 46.84 5260
340 P 13.23 46.78 5139
341 P 13.47 46.87 5492
342 P 13.49 46.82 5312
343 P 13.25 46.89 5295
344 P 13.40 46.93 4878
345 P 13.16 46.97 5066
346 P 13.24 47.02 4455
347 P 13.56 46.94 4903
348 P 13.41 46.96 4997
349 P 13.41 46.91 4965
350 P 13.21 46.96 4730
351 P 13.17 46.95 3631
352 P 13.39 46.97 3204
353 P 13.18 46.96 4043
354 P 14.72 45.96 2615
