% Nframe | type | QP | PSNR | size (Bytes) 
0 I 17.73 44.63 11853
1 P 17.40 44.03 855
2 P 18.01 43.91 1524
3 P 18.42 43.74 1865
4 P 18.06 43.70 2291
5 P 18.07 43.76 2524
6 P 18.78 43.76 2730
7 P 18.71 43.80 3227
8 P 18.01 43.76 3576
9 P 18.15 43.92 3911
10 P 17.83 44.02 4043
11 P 18.13 44.13 4162
12 P 20.45 43.03 2954
13 P 17.08 44.76 5452
14 P 14.96 46.17 7115
15 P 13.69 46.79 8398
16 P 13.00 47.06 11082
17 P 12.44 47.08 13970
18 P 11.96 47.29 15912
19 P 11.75 47.72 15967
20 P 11.56 48.17 15381
21 P 11.34 48.53 14704
22 P 11.06 48.96 14139
23 P 10.79 49.28 13465
24 P 10.70 49.44 13511
25 P 10.74 49.57 13644
26 P 10.78 49.23 13352
27 P 10.91 48.94 13826
28 P 11.28 48.27 13925
29 P 11.98 47.57 14338
30 P 12.49 47.16 12007
31 P 13.20 47.06 10903
32 P 13.33 46.95 10203
33 P 13.52 46.93 8979
34 P 13.86 47.22 8018
35 P 13.85 47.12 6248
36 P 13.99 47.23 5680
37 P 14.08 47.26 5248
38 P 13.99 47.03 5615
39 P 14.43 46.73 5993
40 P 14.64 46.36 5858
41 P 14.94 45.90 5628
42 P 15.20 45.64 5641
43 P 15.23 45.48 5416
44 P 15.35 45.52 4845
45 P 15.27 45.60 4848
46 P 15.31 45.61 4735
47 P 15.22 45.79 4645
48 P 14.94 45.85 4686
49 P 15.08 45.91 4916
50 P 15.14 45.86 5480
51 P 14.85 45.78 6331
52 P 14.76 45.74 6532
53 P 14.59 45.94 6744
54 P 14.39 45.97 5871
55 P 14.45 46.05 4976
56 P 14.29 46.22 4691
57 P 14.36 46.27 4953
58 P 14.20 46.34 4877
59 P 14.24 46.48 4854
60 P 14.09 46.52 5179
61 P 13.80 46.55 5696
62 P 13.80 46.62 5544
63 P 13.81 46.66 5812
64 P 13.77 46.58 5700
65 P 13.91 46.53 5358
66 P 13.68 46.53 4794
67 P 13.72 46.51 4620
68 P 13.50 46.63 5881
69 P 13.55 46.57 6365
70 P 13.51 46.50 7006
71 P 13.48 46.53 8452
72 P 13.17 46.55 8372
73 P 13.20 46.60 8044
74 P 13.19 46.66 7746
75 P 12.98 46.79 6843
76 P 12.88 46.93 6573
77 P 12.72 47.14 5790
78 P 12.81 47.20 6373
79 P 12.74 47.21 6776
80 P 12.62 47.25 6879
81 P 12.59 47.24 5840
82 P 12.46 47.30 5653
83 P 12.67 47.23 5694
84 P 12.85 47.19 6239
85 P 12.60 47.22 6841
86 P 12.69 47.14 6755
87 P 12.67 47.06 7234
88 P 12.79 47.08 7556
89 P 12.59 47.16 7615
90 P 12.58 47.20 7778
91 P 12.56 47.14 7618
92 P 12.50 47.27 7784
93 P 12.45 47.29 7768
94 P 12.47 47.32 7280
95 P 12.47 47.37 7055
96 P 12.43 47.45 6843
97 P 12.48 47.49 6782
98 P 12.38 47.55 6770
99 P 12.33 47.61 6209
100 P 12.41 47.62 6024
101 P 12.43 47.56 6037
102 P 12.34 47.56 5970
103 P 12.29 47.54 6476
104 P 12.24 47.56 6788
105 P 12.23 47.54 6468
106 P 12.15 47.62 6282
107 P 12.17 47.69 5253
108 P 12.19 47.70 4736
109 P 12.17 47.67 5241
110 P 12.13 47.69 5474
111 P 12.08 47.70 5527
112 P 12.20 47.74 5686
113 P 12.08 47.70 6073
114 P 11.90 47.76 6399
115 P 12.02 47.80 5326
116 P 12.03 47.90 4888
117 P 11.99 47.80 5206
118 P 12.06 47.85 5704
119 P 11.88 47.84 6247
120 P 11.97 47.84 6294
121 P 11.77 47.85 6813
122 P 11.87 47.76 7070
123 P 11.77 47.85 7436
124 P 11.76 47.86 7090
125 P 11.74 47.99 7079
126 P 11.59 47.95 6628
127 P 11.58 47.98 6398
128 P 11.47 48.03 6528
129 P 11.49 48.11 6659
130 P 11.56 48.16 5833
131 P 11.44 48.17 6140
132 P 11.27 48.26 6313
133 P 11.32 48.29 5683
134 P 11.31 48.29 5827
135 P 11.42 48.23 6229
136 P 11.32 48.23 6529
137 P 11.29 48.26 6811
138 P 11.36 48.31 6878
139 P 11.18 48.37 6076
140 P 11.09 48.41 4223
141 P 11.14 48.48 4270
142 P 11.22 48.44 5916
143 P 11.11 48.46 6102
144 P 11.19 48.48 6025
145 P 11.18 48.53 5248
146 P 10.87 48.62 5470
147 P 10.83 48.67 5122
148 P 11.03 48.65 4890
149 P 11.07 48.58 5821
150 P 11.00 48.60 6760
151 P 11.04 48.49 6666
152 P 11.02 48.50 7407
153 P 10.90 48.57 7788
154 P 10.86 48.60 7560
155 P 10.75 48.59 6547
156 P 10.76 48.74 5857
157 P 10.66 48.79 6655
158 P 10.63 48.79 6584
159 P 10.60 48.74 5548
160 P 10.49 48.90 5932
161 P 10.56 48.86 5853
162 P 10.54 48.92 4768
163 P 10.57 48.97 4926
164 P 10.47 49.00 5358
165 P 10.40 48.97 5262
166 P 10.36 48.98 5597
167 P 10.46 49.00 5916
168 P 10.58 48.96 6338
169 P 10.47 48.96 5856
170 P 10.54 49.05 5455
171 P 10.32 49.15 5585
172 P 10.45 49.10 6077
173 P 10.37 49.09 6664
174 P 10.51 49.07 6658
175 P 10.25 49.08 7266
176 P 10.27 49.08 7809
177 P 10.27 49.12 6861
178 P 10.05 49.18 5577
179 P 10.26 49.26 5455
180 P 10.16 49.32 5979
181 P 10.11 49.32 6740
182 P 10.11 49.27 6374
183 P 10.11 49.35 6560
184 P 9.99 49.38 5860
185 P 9.98 49.44 4973
186 P 9.88 49.47 4806
187 P 9.73 49.56 5340
188 P 9.63 49.62 4728
189 P 10.10 49.36 6101
190 P 9.96 49.39 8001
191 P 10.07 49.27 8359
192 P 9.93 49.27 8574
193 P 9.95 49.38 7761
194 P 9.88 49.36 7525
195 P 9.77 49.48 7080
196 P 9.76 49.48 6470
197 P 9.62 49.57 6815
198 P 9.65 49.60 7188
199 P 9.69 49.55 7151
200 P 9.63 49.58 8668
201 P 9.71 49.53 7591
202 P 9.53 49.54 9028
203 P 9.65 49.48 9018
204 P 9.83 49.46 8908
205 P 9.94 49.40 9071
206 P 9.77 49.45 9746
207 P 9.86 49.44 9851
208 P 9.72 49.42 10274
209 P 9.73 49.50 9826
210 P 9.67 49.50 9062
211 P 9.76 49.59 9161
212 P 9.74 49.48 9080
213 P 9.60 49.55 10127
214 P 9.65 49.51 9912
215 P 9.68 49.49 9363
216 P 9.71 49.55 9032
217 P 9.67 49.57 8121
218 P 9.50 49.60 6089
219 P 9.72 49.59 6309
220 P 9.75 49.59 8196
221 P 9.78 49.58 8377
222 P 9.85 49.47 8385
223 P 9.93 49.47 8795
224 P 9.96 49.46 8860
225 P 10.11 49.29 9033
226 P 10.08 49.27 9219
227 P 10.06 49.24 8989
228 P 10.05 49.25 8709
229 P 9.98 49.20 8673
230 P 10.01 49.31 8208
231 P 10.00 49.31 8048
232 P 10.02 49.35 8311
233 P 9.95 49.36 7618
234 P 10.03 49.37 6768
235 P 9.96 49.35 5731
236 P 9.92 49.43 5775
237 P 9.95 49.45 6286
238 P 10.01 49.34 6434
239 P 10.02 49.26 7481
240 P 10.07 49.24 6642
241 P 10.06 49.33 5861
242 P 10.14 49.36 5998
243 P 9.84 49.38 5833
244 P 9.89 49.44 4750
245 P 9.94 49.47 5417
246 P 10.06 49.49 5243
247 P 9.90 49.58 4834
248 P 9.98 49.57 5084
249 P 9.97 49.55 4821
250 P 9.92 49.62 4983
251 P 9.68 49.61 5096
252 P 9.70 49.72 5394
253 P 9.86 49.63 5382
254 P 9.88 49.64 5125
255 P 9.86 49.65 5045
256 P 9.99 49.63 5781
257 P 9.85 49.64 5464
258 P 9.82 49.66 6242
259 P 9.67 49.59 5943
260 P 9.72 49.62 6201
261 P 9.61 49.66 6355
262 P 9.59 49.63 6272
263 P 9.50 49.67 6753
264 P 9.51 49.69 6610
265 P 9.60 49.78 5460
266 P 9.56 49.75 6087
267 P 9.46 49.86 6899
268 P 9.51 49.79 6969
269 P 9.45 49.79 8015
270 P 9.57 49.72 8351
271 P 9.45 49.74 7738
272 P 9.45 49.79 7650
273 P 9.57 49.74 7783
274 P 9.54 49.73 8407
275 P 9.41 49.76 8614
276 P 9.41 49.73 8550
277 P 9.46 49.73 8414
278 P 9.53 49.72 9425
279 P 9.46 49.70 10110
280 P 9.49 49.63 10832
281 P 9.53 49.59 11011
282 P 9.55 49.62 11684
283 P 9.52 49.58 12011
284 P 9.48 49.64 12292
285 P 9.54 49.58 12642
286 P 9.48 49.58 12662
287 P 9.59 49.51 12315
288 P 9.61 49.58 12566
289 P 9.67 49.50 12828
290 P 9.61 49.52 12998
291 P 9.69 49.48 12809
292 P 9.75 49.37 12250
293 P 9.65 49.48 12549
294 P 9.69 49.37 12603
295 P 9.92 49.34 12118
296 P 9.89 49.30 12524
297 P 9.97 49.24 12338
298 P 10.05 49.24 11968
299 P 10.17 49.22 12021
300 P 10.22 49.08 11667
301 P 10.23 49.05 11554
302 P 10.23 49.02 11536
303 P 10.26 48.96 11202
304 P 10.30 48.94 11083
305 P 10.41 48.90 11025
306 P 10.50 48.89 10580
307 P 10.60 48.75 10058
308 P 10.64 48.79 10349
309 P 10.62 48.78 9822
310 P 10.71 48.72 9062
311 P 10.78 48.65 9481
312 P 10.80 48.67 9614
313 P 10.76 48.70 9937
314 P 10.88 48.62 9688
315 P 10.97 48.62 9942
316 P 10.94 48.56 9763
317 P 11.06 48.54 9454
318 P 11.01 48.58 9404
319 P 10.94 48.51 9260
320 P 11.04 48.46 9095
321 P 11.11 48.47 9298
322 P 11.08 48.39 8689
323 P 11.09 48.35 8612
324 P 11.10 48.38 8557
325 P 11.20 48.41 8617
326 P 11.21 48.37 8174
327 P 11.12 48.46 7813
328 P 11.14 48.40 7625
329 P 11.24 48.38 7238
330 P 11.17 48.43 6694
331 P 11.26 48.34 6084
332 P 11.28 48.29 7285
333 P 11.34 48.29 7756
334 P 11.37 48.27 7907
335 P 11.35 48.31 8168
336 P 11.33 48.24 8451
337 P 11.33 48.27 8237
338 P 11.41 48.22 8180
339 P 11.51 48.24 8087
340 P 11.40 48.26 8368
341 P 11.47 48.26 8138
342 P 11.43 48.25 8232
343 P 11.38 48.29 7805
344 P 11.21 48.28 7525
345 P 11.38 48.30 7578
346 P 11.31 48.34 7219
347 P 11.31 48.30 7682
348 P 11.47 48.23 7408
349 P 11.43 48.28 7502
350 P 11.32 48.46 7669
351 P 11.24 48.36 5743
352 P 11.28 48.40 5544
353 P 11.41 48.31 6112
354 P 12.63 47.35 4777
