% Nframe | type | QP | PSNR | size (Bytes) 
0 I 46.72 29.67 2471
1 P 51.00 29.67 16
2 P 51.00 29.62 16
3 P 51.00 29.53 23
4 P 51.00 29.27 43
5 P 50.76 28.80 125
6 P 50.73 28.39 293
7 P 49.15 27.85 405
8 P 50.13 27.56 519
9 P 48.59 27.88 501
10 P 50.20 27.52 542
11 P 49.67 27.28 673
12 P 51.00 26.51 539
13 P 51.00 26.65 427
14 P 51.00 26.40 492
15 P 50.45 26.87 696
16 P 49.82 27.20 864
17 P 49.28 27.02 933
18 P 49.27 27.04 827
19 P 48.72 27.62 950
20 P 47.90 27.80 818
21 P 47.54 28.22 1086
22 P 48.26 28.77 1167
23 P 47.35 28.34 888
24 P 47.76 28.26 826
25 P 48.08 28.20 1027
26 P 48.31 27.74 857
27 P 48.70 27.75 1092
28 P 49.29 26.60 772
29 P 49.87 25.90 584
30 P 50.32 25.95 322
31 P 50.50 26.42 424
32 P 49.97 26.29 545
33 P 49.89 26.25 724
34 P 50.68 26.02 590
35 P 50.68 26.14 428
36 P 50.25 26.09 523
37 P 50.20 26.27 632
38 P 50.97 26.29 358
39 P 51.00 26.07 308
40 P 51.00 25.88 335
41 P 51.00 25.75 220
42 P 51.00 25.72 211
43 P 51.00 25.61 163
44 P 51.00 25.68 147
45 P 51.00 25.69 175
46 P 51.00 25.76 225
47 P 51.00 25.70 241
48 P 50.99 25.34 256
49 P 51.00 25.23 319
50 P 50.92 25.22 306
51 P 50.98 25.07 325
52 P 50.69 25.25 354
53 P 50.98 25.07 288
54 P 50.87 25.27 370
55 P 50.98 25.16 303
56 P 50.91 25.20 266
57 P 50.92 25.41 313
58 P 50.99 25.23 230
59 P 50.55 25.21 258
60 P 50.82 25.19 308
61 P 50.87 25.27 298
62 P 50.90 25.25 308
63 P 50.97 25.18 280
64 P 50.62 25.31 278
65 P 50.57 25.23 159
66 P 50.99 25.21 128
67 P 50.92 25.27 105
68 P 50.30 25.27 130
69 P 50.40 25.38 145
70 P 50.51 25.49 148
71 P 50.41 25.62 193
72 P 50.56 25.76 169
73 P 49.75 25.75 154
74 P 49.77 25.82 193
75 P 50.80 25.82 176
76 P 50.44 25.82 213
77 P 50.32 25.93 216
78 P 50.78 25.95 237
79 P 49.85 25.98 213
80 P 49.17 25.97 252
81 P 49.83 26.03 154
82 P 47.93 26.15 96
83 P 50.35 26.28 98
84 P 49.06 26.49 93
85 P 48.24 26.64 76
86 P 48.14 26.71 63
87 P 47.02 26.75 125
88 P 50.11 26.73 177
89 P 49.48 26.75 176
90 P 48.85 26.76 179
91 P 49.24 26.86 187
92 P 48.49 26.79 128
93 P 50.01 26.80 151
94 P 48.20 26.93 146
95 P 48.54 26.95 165
96 P 46.68 27.02 175
97 P 46.38 27.20 242
98 P 47.78 27.33 276
99 P 48.75 27.47 250
100 P 48.01 27.53 235
101 P 47.65 27.66 266
102 P 46.93 27.70 258
103 P 47.75 27.65 174
104 P 47.20 27.69 202
105 P 47.29 27.73 162
106 P 45.73 27.70 123
107 P 46.73 27.89 182
108 P 46.82 27.98 129
109 P 46.28 28.02 87
110 P 45.78 28.07 125
111 P 46.42 28.07 97
112 P 47.08 28.18 160
113 P 45.58 28.24 165
114 P 46.41 28.28 114
115 P 45.34 28.33 112
116 P 43.48 28.47 67
117 P 42.94 28.65 72
118 P 41.64 28.79 32
119 P 42.14 28.91 75
120 P 46.27 28.96 69
121 P 43.44 28.98 106
122 P 44.78 29.03 147
123 P 44.43 28.99 117
124 P 46.75 29.10 145
125 P 45.59 29.18 133
126 P 43.60 29.21 144
127 P 41.86 29.33 155
128 P 42.70 29.38 117
129 P 41.93 29.44 166
130 P 44.38 29.51 135
131 P 42.99 29.66 214
132 P 41.91 29.72 155
133 P 43.01 29.76 108
134 P 40.91 29.83 138
135 P 40.68 29.89 153
136 P 40.96 29.92 149
137 P 41.26 29.92 160
138 P 38.85 29.99 186
139 P 42.28 30.10 217
140 P 40.65 30.22 179
141 P 41.24 30.32 138
142 P 40.41 30.43 162
143 P 38.65 30.49 93
144 P 38.36 30.55 115
145 P 38.53 30.62 122
146 P 40.09 30.66 88
147 P 38.11 30.68 106
148 P 40.15 30.72 88
149 P 39.94 30.72 104
150 P 41.36 30.78 164
151 P 39.99 30.80 216
152 P 41.48 30.85 236
153 P 38.16 30.93 277
154 P 39.41 30.98 230
155 P 38.58 31.10 219
156 P 38.73 31.18 200
157 P 40.62 31.27 150
158 P 37.83 31.59 282
159 P 38.82 31.69 115
160 P 39.95 31.81 186
161 P 38.58 31.81 154
162 P 38.35 31.89 173
163 P 37.82 31.97 167
164 P 40.88 32.04 111
165 P 38.23 32.08 113
166 P 38.66 32.09 76
167 P 39.43 32.12 108
168 P 40.20 32.17 126
169 P 38.18 32.19 134
170 P 39.66 32.24 74
171 P 35.89 32.30 97
172 P 36.73 32.32 53
173 P 39.36 32.39 122
174 P 38.36 32.37 109
175 P 39.92 32.35 126
176 P 37.14 32.32 176
177 P 37.82 32.36 178
178 P 38.23 32.35 87
179 P 36.58 32.36 76
180 P 38.86 32.38 92
181 P 39.14 32.41 155
182 P 38.06 32.46 176
183 P 37.70 32.48 215
184 P 38.33 32.52 120
185 P 37.56 32.60 118
186 P 38.92 32.66 94
187 P 39.60 32.75 109
188 P 39.26 32.72 93
189 P 38.86 32.64 91
190 P 39.31 32.62 194
191 P 39.15 32.62 239
192 P 37.85 32.67 290
193 P 38.27 32.69 208
194 P 36.99 32.72 226
195 P 36.34 32.75 157
196 P 33.53 32.78 188
197 P 37.21 32.79 136
198 P 38.57 32.80 117
199 P 37.15 32.78 108
200 P 39.30 32.80 179
201 P 38.45 32.77 166
202 P 37.84 32.84 271
203 P 37.32 32.81 246
204 P 38.44 32.82 318
205 P 38.08 32.89 348
206 P 38.27 32.88 349
207 P 37.49 32.93 363
208 P 37.31 33.00 456
209 P 37.24 33.01 333
210 P 36.37 33.04 266
211 P 38.02 33.09 315
212 P 37.49 33.10 259
213 P 38.16 33.09 271
214 P 36.91 33.18 422
215 P 37.42 33.18 258
216 P 35.66 33.20 335
217 P 37.71 33.25 267
218 P 36.56 33.28 155
219 P 37.70 33.33 163
220 P 37.83 33.42 170
221 P 35.63 33.45 164
222 P 38.11 33.51 188
223 P 36.31 33.51 133
224 P 38.78 33.51 170
225 P 36.91 33.57 290
226 P 35.64 33.52 273
227 P 37.13 33.54 278
228 P 36.39 33.55 267
229 P 38.19 33.55 184
230 P 36.63 33.55 225
231 P 36.03 33.58 239
232 P 38.72 33.59 214
233 P 35.68 33.63 174
234 P 34.13 33.65 155
235 P 34.52 33.67 188
236 P 36.99 33.71 80
237 P 37.18 33.78 142
238 P 36.70 33.75 160
239 P 37.98 33.75 153
240 P 38.31 33.76 188
241 P 32.96 33.74 137
242 P 37.26 33.73 155
243 P 36.72 33.77 168
244 P 33.04 33.81 57
245 P 35.78 33.87 90
246 P 37.60 33.90 54
247 P 37.49 33.94 57
248 P 35.67 33.96 55
249 P 37.13 33.97 59
250 P 35.00 34.00 64
251 P 34.69 34.00 71
252 P 34.63 34.01 41
253 P 32.37 34.02 76
254 P 32.17 34.04 52
255 P 35.08 34.05 47
256 P 37.34 34.08 80
257 P 33.14 34.08 72
258 P 36.62 34.11 75
259 P 37.44 34.12 114
260 P 35.62 34.14 88
261 P 35.01 34.14 114
262 P 35.48 34.12 77
263 P 33.80 34.14 167
264 P 37.14 34.18 129
265 P 36.37 34.18 67
266 P 29.91 34.18 54
267 P 33.79 34.19 85
268 P 36.36 34.19 72
269 P 35.24 34.17 177
270 P 35.63 34.16 268
271 P 36.81 34.17 188
272 P 35.41 34.20 220
273 P 36.28 34.22 253
274 P 35.12 34.23 182
275 P 35.42 34.20 234
276 P 35.95 34.19 260
277 P 35.34 34.21 274
278 P 35.84 34.24 354
279 P 37.11 34.27 349
280 P 36.18 34.32 495
281 P 35.70 34.38 501
282 P 35.96 34.51 529
283 P 35.38 34.48 497
284 P 36.11 34.49 584
285 P 35.91 34.51 547
286 P 36.03 34.60 656
287 P 35.41 34.65 627
288 P 35.32 34.80 766
289 P 35.66 34.88 900
290 P 35.01 34.87 867
291 P 34.90 34.88 875
292 P 34.78 34.88 845
293 P 34.89 34.92 754
294 P 35.59 34.90 866
295 P 34.82 34.86 884
296 P 34.93 34.92 932
297 P 35.17 34.95 870
298 P 35.43 34.86 910
299 P 35.46 34.74 884
300 P 35.20 34.74 891
301 P 34.98 34.71 873
302 P 34.95 34.66 836
303 P 35.38 34.77 932
304 P 35.21 34.77 910
305 P 35.08 34.73 866
306 P 35.24 34.70 899
307 P 35.43 34.77 843
308 P 35.24 34.91 973
309 P 34.86 35.02 819
310 P 35.68 34.92 693
311 P 35.36 35.01 845
312 P 35.00 35.01 809
313 P 35.35 35.03 871
314 P 35.08 35.08 906
315 P 35.15 35.10 965
316 P 35.16 35.03 951
317 P 35.39 34.93 894
318 P 35.53 34.94 817
319 P 35.00 34.92 775
320 P 35.52 34.89 752
321 P 35.34 34.86 766
322 P 35.60 34.83 726
323 P 35.44 34.84 711
324 P 35.24 34.82 771
325 P 35.36 34.84 748
326 P 35.34 34.83 722
327 P 35.32 34.82 682
328 P 35.41 34.85 657
329 P 35.23 34.81 471
330 P 35.04 34.79 375
331 P 35.80 34.85 430
332 P 35.58 34.91 550
333 P 35.52 34.90 562
334 P 35.38 34.93 615
335 P 35.03 35.03 595
336 P 35.24 35.03 678
337 P 34.79 35.02 733
338 P 35.31 35.00 737
339 P 34.59 34.98 691
340 P 35.70 35.02 693
341 P 35.24 35.06 684
342 P 35.00 35.03 687
343 P 35.04 35.00 593
344 P 35.60 35.07 527
345 P 35.40 35.13 429
346 P 34.85 35.19 425
347 P 35.73 35.26 502
348 P 35.39 35.28 526
349 P 35.93 35.27 414
350 P 35.31 35.20 495
351 P 34.73 35.20 332
352 P 35.38 35.24 267
353 P 34.73 35.31 383
354 P 36.51 34.84 161
