% Nframe | type | QP | PSNR | size (Bytes) 
0 I 32.67 37.74 23078
1 P 35.08 37.34 490
2 P 35.85 37.13 946
3 P 35.51 37.00 1372
4 P 35.35 36.95 1694
5 P 35.53 37.29 1983
6 P 35.15 37.65 2523
7 P 34.85 37.92 3025
8 P 34.87 38.15 3668
9 P 34.88 38.46 4100
10 P 34.10 38.67 4394
11 P 33.24 39.08 5092
12 P 38.14 36.99 2449
13 P 40.77 35.31 2584
14 P 37.59 37.21 5053
15 P 34.92 38.19 5737
16 P 35.01 38.51 6981
17 P 34.25 37.85 9125
18 P 33.85 37.72 10230
19 P 33.17 39.20 9644
20 P 32.76 40.28 9554
21 P 32.57 40.87 9215
22 P 32.51 41.25 8729
23 P 32.16 41.40 7852
24 P 31.92 41.74 8725
25 P 31.92 41.78 8717
26 P 32.08 41.20 8056
27 P 32.67 40.63 8748
28 P 33.52 39.45 8282
29 P 35.35 37.33 7861
30 P 35.60 37.09 4931
31 P 35.39 37.80 5433
32 P 35.58 37.96 5452
33 P 35.08 38.34 5482
34 P 35.20 38.36 4618
35 P 34.41 38.20 3778
36 P 34.36 38.22 3660
37 P 34.70 38.18 3414
38 P 34.53 37.99 3310
39 P 35.55 37.51 3353
40 P 36.60 36.84 3034
41 P 37.46 36.33 2978
42 P 37.46 36.01 2826
43 P 37.92 35.70 2862
44 P 38.16 35.91 2786
45 P 37.75 36.22 2732
46 P 37.46 36.29 3099
47 P 37.44 36.38 2684
48 P 37.14 36.66 2882
49 P 37.09 36.54 3000
50 P 37.31 36.46 3320
51 P 37.42 36.32 3811
52 P 37.17 36.09 3747
53 P 37.06 36.06 3893
54 P 36.39 36.46 3612
55 P 36.30 36.70 2733
56 P 36.41 36.89 2238
57 P 36.40 36.74 2356
58 P 35.76 36.65 2485
59 P 36.07 36.63 2448
60 P 35.41 36.63 2868
61 P 35.43 36.73 2726
62 P 35.62 36.79 2868
63 P 35.68 36.59 2931
64 P 36.01 36.43 3074
65 P 35.94 36.14 2921
66 P 36.12 36.00 2523
67 P 35.72 36.24 2302
68 P 35.52 36.48 2560
69 P 35.71 36.35 2822
70 P 35.42 36.67 3451
71 P 35.38 36.70 4503
72 P 35.33 36.60 4362
73 P 35.13 36.41 4357
74 P 35.22 36.35 4189
75 P 34.83 36.49 3849
76 P 34.62 36.63 3345
77 P 34.36 36.82 3049
78 P 34.17 36.95 3032
79 P 34.25 36.89 3198
80 P 33.97 36.57 3378
81 P 34.54 36.51 2813
82 P 34.54 36.58 2248
83 P 34.55 36.75 2181
84 P 34.50 36.89 2313
85 P 34.36 37.01 2515
86 P 34.54 37.23 2864
87 P 34.18 37.37 3307
88 P 34.12 37.41 3500
89 P 33.97 37.37 3764
90 P 33.83 37.21 3896
91 P 33.89 36.90 4280
92 P 33.75 36.79 4495
93 P 33.32 36.72 4338
94 P 33.46 36.77 3979
95 P 33.03 36.91 3708
96 P 33.20 36.98 3159
97 P 32.69 37.13 3218
98 P 32.76 37.36 2755
99 P 32.74 37.53 2661
100 P 32.65 37.58 2569
101 P 32.71 37.55 2862
102 P 32.54 37.50 2677
103 P 32.57 37.44 2509
104 P 32.81 37.31 2619
105 P 32.69 37.23 2643
106 P 32.36 37.13 2810
107 P 32.40 37.08 2526
108 P 32.68 37.23 2146
109 P 32.12 37.26 2262
110 P 32.12 37.26 2359
111 P 32.23 37.40 2142
112 P 32.06 37.55 2023
113 P 32.07 37.55 2244
114 P 32.37 37.43 2527
115 P 32.09 37.44 2375
116 P 31.76 37.52 2340
117 P 31.47 37.68 2313
118 P 31.58 37.81 2235
119 P 30.95 37.85 2481
120 P 31.05 37.96 2473
121 P 31.39 38.02 2327
122 P 31.09 38.07 2810
123 P 30.85 37.98 3345
124 P 31.10 37.97 3824
125 P 30.77 38.01 4113
126 P 30.57 37.99 3957
127 P 30.70 38.08 3750
128 P 30.56 38.17 3516
129 P 30.00 38.24 3514
130 P 29.53 38.33 3532
131 P 29.37 38.37 3457
132 P 29.30 38.37 3835
133 P 29.32 38.42 3294
134 P 29.31 38.52 3299
135 P 29.44 38.60 2921
136 P 29.09 38.73 2741
137 P 29.22 38.74 2721
138 P 29.59 38.74 2534
139 P 29.33 38.70 2659
140 P 29.42 38.75 2088
141 P 29.41 38.83 2002
142 P 29.31 38.90 2476
143 P 29.66 38.91 2325
144 P 29.65 38.88 2415
145 P 29.05 38.96 2356
146 P 29.12 38.97 2318
147 P 29.37 39.01 2183
148 P 29.32 39.03 2198
149 P 29.08 39.05 2523
150 P 28.62 39.15 2819
151 P 28.67 39.23 2687
152 P 28.35 39.29 2900
153 P 29.01 39.23 3099
154 P 28.77 39.26 3330
155 P 28.66 39.28 3202
156 P 28.78 39.34 3123
157 P 28.46 39.36 3277
158 P 28.19 39.37 3351
159 P 28.11 39.48 3146
160 P 28.41 39.58 3193
161 P 27.63 39.59 3742
162 P 27.74 39.66 2731
163 P 27.70 39.68 3149
164 P 27.62 39.73 2938
165 P 27.59 39.76 3164
166 P 27.49 39.80 3067
167 P 27.76 39.82 3129
168 P 27.31 39.88 3496
169 P 27.78 39.89 2965
170 P 27.40 39.95 2720
171 P 27.40 40.00 2693
172 P 27.78 40.04 3031
173 P 27.20 40.09 2923
174 P 27.70 40.12 2983
175 P 27.32 40.20 3110
176 P 27.16 40.18 3647
177 P 27.03 40.19 3838
178 P 26.92 40.24 2966
179 P 26.77 40.27 2822
180 P 26.68 40.30 3320
181 P 26.51 40.32 3374
182 P 26.28 40.34 3462
183 P 26.67 40.37 3674
184 P 26.25 40.43 3386
185 P 26.28 40.50 3110
186 P 26.48 40.53 2550
187 P 26.34 40.60 3350
188 P 26.46 40.65 2895
189 P 26.57 40.62 3083
190 P 26.52 40.64 4168
191 P 26.27 40.62 5239
192 P 26.24 40.60 5522
193 P 26.47 40.59 5085
194 P 26.43 40.61 5034
195 P 26.40 40.69 4965
196 P 26.35 40.71 4420
197 P 25.83 40.79 3877
198 P 25.68 40.82 4391
199 P 25.55 40.84 4368
200 P 25.76 40.86 4744
201 P 25.45 40.94 4177
202 P 25.64 41.01 4320
203 P 25.62 41.03 4529
204 P 25.62 41.00 4499
205 P 25.69 41.08 4283
206 P 25.61 41.10 4330
207 P 25.24 41.09 4856
208 P 25.48 41.04 5000
209 P 25.56 40.97 5151
210 P 25.31 41.03 4852
211 P 25.68 41.06 4758
212 P 25.64 41.09 4126
213 P 25.66 41.10 5114
214 P 25.62 41.15 5290
215 P 25.31 41.17 5052
216 P 25.42 41.16 4392
217 P 25.34 41.15 4982
218 P 25.21 41.19 4016
219 P 25.30 41.24 3734
220 P 25.60 41.26 4103
221 P 25.25 41.23 4356
222 P 25.31 41.20 4521
223 P 25.23 41.20 4760
224 P 25.11 41.24 4763
225 P 25.27 41.27 4680
226 P 25.16 41.28 4706
227 P 25.55 41.31 4486
228 P 25.00 41.30 4852
229 P 25.48 41.29 4663
230 P 25.21 41.29 4933
231 P 25.19 41.34 4372
232 P 25.42 41.34 4748
233 P 25.03 41.33 4774
234 P 25.04 41.36 4463
235 P 25.32 41.39 3703
236 P 25.25 41.40 3547
237 P 25.49 41.39 4615
238 P 25.27 41.34 4917
239 P 25.29 41.37 5323
240 P 25.26 41.35 5469
241 P 25.34 41.38 4074
242 P 25.13 41.41 4280
243 P 25.27 41.41 3841
244 P 24.98 41.45 3633
245 P 25.28 41.47 3597
246 P 25.09 41.48 3599
247 P 25.29 41.50 3339
248 P 25.10 41.51 3604
249 P 24.97 41.52 3553
250 P 25.06 41.54 3049
251 P 25.01 41.53 3089
252 P 24.84 41.55 3045
253 P 25.29 41.52 3442
254 P 25.06 41.52 3445
255 P 25.22 41.51 3258
256 P 25.14 41.53 3695
257 P 25.08 41.56 3575
258 P 25.04 41.57 4186
259 P 25.07 41.58 3883
260 P 24.89 41.59 4087
261 P 24.78 41.58 3893
262 P 24.53 41.62 4436
263 P 24.79 41.69 4122
264 P 24.90 41.72 4428
265 P 24.72 41.75 3581
266 P 24.15 41.70 4085
267 P 24.39 41.69 4740
268 P 24.18 41.74 4346
269 P 24.23 41.79 5226
270 P 24.42 41.77 5496
271 P 24.28 41.78 5863
272 P 24.59 41.81 6236
273 P 24.01 41.80 5915
274 P 24.14 41.82 6275
275 P 24.13 41.83 6199
276 P 24.08 41.79 6668
277 P 24.23 41.87 6012
278 P 24.27 41.90 6697
279 P 23.99 41.95 7362
280 P 23.97 41.92 8584
281 P 23.98 41.92 9815
282 P 23.76 41.97 10516
283 P 23.87 41.98 11055
284 P 23.84 41.94 11652
285 P 23.86 41.86 11494
286 P 24.11 41.91 11573
287 P 24.07 41.98 12124
288 P 24.15 42.06 13948
289 P 23.64 42.12 15496
290 P 23.91 42.09 14756
291 P 23.77 42.09 13440
292 P 24.36 42.03 13698
293 P 24.25 42.03 13615
294 P 24.55 41.96 13748
295 P 24.56 41.89 13028
296 P 24.62 41.83 12951
297 P 24.85 41.75 13617
298 P 24.90 41.61 13605
299 P 25.26 41.48 13800
300 P 25.51 41.39 12583
301 P 25.75 41.27 11962
302 P 26.03 41.04 11746
303 P 26.21 41.03 10972
304 P 26.37 40.96 11325
305 P 26.80 40.88 11477
306 P 27.02 40.69 10775
307 P 26.79 40.72 9528
308 P 27.22 40.93 8931
309 P 27.25 41.04 6829
310 P 27.47 40.99 5964
311 P 27.76 40.94 6392
312 P 27.69 40.89 6714
313 P 28.03 40.78 7168
314 P 27.70 40.80 7827
315 P 27.88 40.66 7866
316 P 28.14 40.53 7753
317 P 28.33 40.33 7283
318 P 28.53 40.26 5965
319 P 28.55 40.20 5401
320 P 28.60 40.20 5218
321 P 28.52 40.12 5457
322 P 28.79 40.06 5103
323 P 28.78 40.08 4684
324 P 28.68 40.07 4907
325 P 28.70 40.14 4454
326 P 28.89 40.07 4031
327 P 29.12 40.02 3960
328 P 29.16 39.97 4285
329 P 28.98 39.89 4508
330 P 29.07 39.88 3839
331 P 29.09 39.93 3650
332 P 29.13 40.00 3670
333 P 29.01 40.04 3924
334 P 29.17 40.07 3876
335 P 29.05 40.19 4271
336 P 28.94 40.16 4467
337 P 28.97 40.15 4247
338 P 28.89 40.14 4310
339 P 28.71 40.15 4539
340 P 28.88 40.13 4285
341 P 28.74 40.12 4470
342 P 28.78 40.02 4608
343 P 28.82 40.00 4976
344 P 28.73 39.98 4687
345 P 28.75 40.06 4643
346 P 28.95 40.08 4392
347 P 28.84 40.02 5041
348 P 28.86 40.12 5356
349 P 28.79 40.11 5166
350 P 28.87 40.09 4854
351 P 28.73 40.06 3638
352 P 28.90 40.14 3022
353 P 28.71 40.22 3582
354 P 29.95 39.79 1979
