% Nframe | type | QP | PSNR | size (Bytes) 
0 I 20.73 42.64 15958
1 P 20.99 42.21 820
2 P 21.56 41.98 1455
3 P 21.74 41.92 1940
4 P 22.01 41.82 2498
5 P 21.53 41.91 2834
6 P 21.83 42.04 3247
7 P 21.06 42.21 3834
8 P 21.48 42.38 4296
9 P 21.46 42.51 4495
10 P 20.92 42.72 4993
11 P 21.41 42.90 5055
12 P 25.54 41.26 2462
13 P 21.58 42.90 5774
14 P 19.47 44.16 6992
15 P 18.13 44.91 8541
16 P 17.14 45.10 11238
17 P 16.64 44.71 14876
18 P 16.27 44.79 17442
19 P 16.12 45.36 16625
20 P 15.86 45.93 15693
21 P 15.68 46.47 14786
22 P 15.46 46.88 13457
23 P 15.44 47.08 12396
24 P 15.01 47.46 12838
25 P 15.25 47.54 12301
26 P 15.32 47.32 12431
27 P 15.70 46.84 13010
28 P 16.35 46.01 13298
29 P 16.90 44.67 14892
30 P 17.91 44.26 11118
31 P 18.41 44.37 10456
32 P 18.60 44.53 9647
33 P 18.63 44.72 8409
34 P 18.71 45.00 7026
35 P 18.46 45.16 5833
36 P 18.57 45.27 4929
37 P 19.10 45.44 5039
38 P 18.93 45.22 4988
39 P 19.23 44.65 5426
40 P 19.53 43.89 5465
41 P 19.91 43.38 5290
42 P 20.33 42.98 5105
43 P 20.66 42.71 5343
44 P 20.73 42.78 4171
45 P 20.85 43.04 4481
46 P 20.52 43.18 4321
47 P 20.68 43.25 4060
48 P 20.44 43.46 4151
49 P 20.15 43.44 4323
50 P 20.39 43.38 5275
51 P 20.33 43.10 6382
52 P 19.90 43.06 6875
53 P 19.94 43.14 6973
54 P 19.88 43.30 5992
55 P 19.78 43.53 4770
56 P 19.24 43.69 4323
57 P 19.15 43.70 4508
58 P 18.90 43.62 4690
59 P 18.82 43.79 4725
60 P 18.65 43.83 4874
61 P 18.43 44.02 5214
62 P 18.27 44.10 5123
63 P 18.25 43.98 5637
64 P 18.39 43.81 5967
65 P 18.57 43.63 5437
66 P 18.38 43.73 4680
67 P 18.48 43.74 4264
68 P 18.44 43.90 5957
69 P 18.07 43.81 6408
70 P 17.83 43.90 7675
71 P 17.82 43.76 9054
72 P 17.98 43.84 9006
73 P 17.58 43.95 9159
74 P 17.73 43.97 8544
75 P 17.57 44.16 7448
76 P 17.48 44.29 6754
77 P 17.40 44.43 6155
78 P 17.25 44.47 6466
79 P 17.04 44.53 7271
80 P 17.25 44.40 7144
81 P 17.26 44.37 5509
82 P 17.21 44.48 5121
83 P 17.35 44.45 5375
84 P 17.65 44.43 6116
85 P 17.69 44.36 5964
86 P 17.74 44.38 6738
87 P 17.58 44.34 7029
88 P 17.38 44.24 7118
89 P 17.22 44.28 7628
90 P 17.21 44.26 8063
91 P 17.41 44.30 8691
92 P 17.26 44.24 7733
93 P 17.24 44.27 7478
94 P 16.98 44.29 6966
95 P 16.98 44.45 6800
96 P 16.97 44.44 6001
97 P 16.82 44.53 5951
98 P 16.82 44.71 4872
99 P 16.80 44.75 5194
100 P 16.78 44.71 5818
101 P 16.75 44.71 5940
102 P 16.99 44.74 5123
103 P 16.93 44.76 4332
104 P 16.80 44.63 5017
105 P 17.04 44.50 6088
106 P 17.09 44.53 5692
107 P 16.91 44.56 4302
108 P 16.79 44.68 3840
109 P 16.64 44.66 4448
110 P 17.00 44.58 4249
111 P 16.79 44.62 4744
112 P 16.62 44.65 4338
113 P 16.68 44.65 5032
114 P 16.41 44.81 6147
115 P 16.50 44.75 4647
116 P 16.37 44.82 4312
117 P 16.33 44.83 4400
118 P 16.30 44.85 4639
119 P 16.24 45.01 5402
120 P 16.13 45.02 5368
121 P 16.08 44.98 5530
122 P 16.04 45.05 6184
123 P 15.95 45.05 7215
124 P 15.88 45.07 7382
125 P 15.83 45.18 7166
126 P 15.82 45.16 6496
127 P 15.83 45.18 6267
128 P 15.61 45.22 6462
129 P 15.60 45.27 6545
130 P 15.60 45.33 5670
131 P 15.40 45.41 5758
132 P 15.27 45.46 6251
133 P 15.44 45.43 4709
134 P 15.39 45.48 5240
135 P 15.33 45.48 5718
136 P 15.38 45.50 6047
137 P 15.29 45.45 5585
138 P 15.29 45.48 5948
139 P 15.29 45.59 6056
140 P 15.08 45.58 3535
141 P 15.14 45.70 3578
142 P 14.97 45.67 4962
143 P 15.13 45.72 6096
144 P 15.09 45.74 6119
145 P 14.87 45.80 5067
146 P 14.88 45.90 5338
147 P 14.93 45.89 4745
148 P 14.87 45.91 4663
149 P 14.95 45.84 5413
150 P 14.84 45.83 6373
151 P 15.00 45.79 6414
152 P 14.79 45.90 7003
153 P 14.55 45.97 7747
154 P 14.56 45.93 7583
155 P 14.53 46.01 6063
156 P 14.37 46.09 5467
157 P 14.33 46.13 6395
158 P 14.32 46.15 6743
159 P 14.21 46.17 5078
160 P 14.24 46.32 5439
161 P 14.18 46.31 5844
162 P 14.29 46.33 3902
163 P 14.16 46.40 4193
164 P 14.20 46.41 4196
165 P 14.30 46.33 4426
166 P 13.92 46.30 5210
167 P 14.28 46.31 5401
168 P 14.21 46.39 5843
169 P 14.20 46.45 5729
170 P 14.04 46.39 4305
171 P 13.87 46.46 4519
172 P 13.99 46.52 5990
173 P 13.94 46.52 6483
174 P 14.10 46.48 6400
175 P 13.93 46.52 6775
176 P 13.76 46.61 8170
177 P 13.72 46.68 6443
178 P 13.64 46.71 4578
179 P 13.52 46.77 4261
180 P 13.46 46.81 5772
181 P 13.61 46.73 6213
182 P 13.47 46.78 5476
183 P 13.50 46.79 5533
184 P 13.48 46.92 5003
185 P 13.46 46.98 3705
186 P 13.27 46.98 3654
187 P 13.16 47.06 4309
188 P 13.40 47.09 3628
189 P 13.46 46.89 5505
190 P 13.57 46.85 7508
191 P 13.46 46.87 8840
192 P 13.36 46.85 9040
193 P 13.31 46.87 7806
194 P 13.32 46.85 7411
195 P 13.14 46.96 6901
196 P 13.18 47.03 6173
197 P 13.05 47.11 5796
198 P 12.94 47.15 6681
199 P 12.88 47.12 7379
200 P 12.85 47.21 8801
201 P 12.88 47.19 7465
202 P 12.80 47.15 8758
203 P 12.98 47.20 9285
204 P 12.94 47.14 9336
205 P 13.10 47.16 9657
206 P 12.96 47.15 9961
207 P 12.88 47.19 10571
208 P 12.88 47.18 10568
209 P 12.81 47.19 10506
210 P 12.79 47.24 9881
211 P 12.78 47.25 9828
212 P 12.83 47.24 9409
213 P 12.83 47.16 10751
214 P 12.83 47.17 11085
215 P 12.96 47.16 10283
216 P 13.00 47.24 9394
217 P 12.85 47.22 8249
218 P 12.74 47.27 5434
219 P 12.90 47.29 5147
220 P 13.13 47.25 7504
221 P 12.98 47.16 8371
222 P 13.17 47.08 8483
223 P 13.22 47.05 8588
224 P 13.33 47.01 9027
225 P 13.32 46.90 10310
226 P 13.35 46.84 10177
227 P 13.43 46.83 9055
228 P 13.32 46.84 9025
229 P 13.32 46.83 9018
230 P 13.39 46.85 8628
231 P 13.28 46.84 8001
232 P 13.23 46.96 8689
233 P 13.25 46.96 7433
234 P 13.30 47.00 6438
235 P 13.24 47.00 5329
236 P 13.29 47.05 4856
237 P 13.28 47.01 5681
238 P 13.28 46.92 6741
239 P 13.25 46.91 8148
240 P 13.32 46.85 6180
241 P 13.29 46.90 4931
242 P 13.39 46.94 5697
243 P 13.25 46.95 5572
244 P 13.26 47.05 3977
245 P 13.21 47.05 4217
246 P 13.34 47.09 3922
247 P 13.27 47.12 4154
248 P 13.15 47.08 4733
249 P 13.16 47.07 4448
250 P 13.07 47.11 3745
251 P 13.07 47.17 4056
252 P 13.06 47.23 4295
253 P 13.23 47.21 4817
254 P 13.13 47.15 4409
255 P 13.14 47.17 4454
256 P 13.11 47.22 5056
257 P 13.18 47.23 4201
258 P 13.14 47.24 5889
259 P 12.96 47.24 5342
260 P 13.11 47.25 5452
261 P 13.01 47.27 5935
262 P 12.74 47.26 6260
263 P 12.83 47.32 5602
264 P 12.86 47.33 4870
265 P 12.57 47.48 4850
266 P 12.80 47.43 5300
267 P 12.66 47.47 6933
268 P 12.63 47.49 7007
269 P 12.65 47.48 8323
270 P 12.46 47.48 9175
271 P 12.47 47.46 7680
272 P 12.53 47.52 7938
273 P 12.52 47.51 8865
274 P 12.49 47.50 9174
275 P 12.49 47.48 9287
276 P 12.43 47.53 9929
277 P 12.34 47.53 9463
278 P 12.34 47.53 10315
279 P 12.30 47.52 12237
280 P 12.44 47.49 12577
281 P 12.38 47.49 13125
282 P 12.57 47.48 13013
283 P 12.46 47.45 13555
284 P 12.44 47.44 13547
285 P 12.48 47.40 14069
286 P 12.51 47.39 13928
287 P 12.49 47.38 13830
288 P 12.66 47.36 13980
289 P 12.66 47.38 15182
290 P 12.72 47.37 14879
291 P 12.72 47.33 14369
292 P 12.80 47.28 14247
293 P 12.82 47.26 13797
294 P 13.01 47.21 13593
295 P 13.13 47.08 13783
296 P 13.12 47.03 13803
297 P 13.21 46.94 13817
298 P 13.23 46.94 14055
299 P 13.37 46.84 13260
300 P 13.43 46.82 13139
301 P 13.42 46.76 13004
302 P 13.66 46.68 12614
303 P 13.77 46.61 12089
304 P 13.73 46.58 12478
305 P 13.86 46.54 12022
306 P 13.97 46.47 11328
307 P 14.01 46.42 10994
308 P 14.07 46.52 10433
309 P 14.22 46.53 9094
310 P 14.15 46.51 8972
311 P 14.24 46.48 9019
312 P 14.35 46.50 10532
313 P 14.38 46.43 10278
314 P 14.46 46.38 10257
315 P 14.48 46.30 10870
316 P 14.42 46.29 10752
317 P 14.55 46.21 9711
318 P 14.64 46.13 8095
319 P 14.67 46.07 8791
320 P 14.69 46.04 8951
321 P 14.72 46.04 9107
322 P 14.67 46.03 8936
323 P 14.75 45.99 8786
324 P 14.68 46.03 8653
325 P 14.96 46.00 7810
326 P 14.88 45.97 8025
327 P 14.77 46.02 7712
328 P 14.84 45.97 7845
329 P 14.79 45.94 7190
330 P 14.85 45.88 6379
331 P 14.79 45.91 6260
332 P 14.96 45.90 6693
333 P 14.68 45.92 7662
334 P 14.79 45.90 8014
335 P 14.76 45.87 8279
336 P 14.80 45.92 8272
337 P 14.99 45.89 7676
338 P 14.90 45.92 8083
339 P 14.99 45.96 8010
340 P 14.98 45.89 7801
341 P 14.95 45.93 8279
342 P 14.91 45.91 8104
343 P 15.02 45.92 7811
344 P 14.96 45.95 7822
345 P 14.92 45.99 7978
346 P 14.81 45.99 7517
347 P 14.89 45.98 8411
348 P 14.85 45.95 8498
349 P 14.95 45.98 8238
350 P 14.84 46.02 8099
351 P 14.66 46.00 5923
352 P 14.85 46.08 5615
353 P 14.86 46.04 6280
354 P 15.79 45.16 4071
