% Nframe | type | QP | PSNR | size (Bytes) 
0 I 43.85 29.89 1527
1 P 47.00 29.88 11
2 P 47.00 29.83 11
3 P 47.00 29.74 11
4 P 48.02 29.47 29
5 P 48.93 29.03 83
6 P 47.83 28.60 163
7 P 45.99 28.28 270
8 P 47.02 28.28 289
9 P 47.21 28.35 371
10 P 47.20 28.58 400
11 P 47.13 29.06 329
12 P 50.51 27.79 219
13 P 50.30 27.48 329
14 P 47.35 28.47 496
15 P 45.15 29.35 635
16 P 43.54 30.00 736
17 P 41.55 29.98 845
18 P 41.58 30.39 966
19 P 40.29 31.05 876
20 P 40.65 31.75 891
21 P 40.37 32.06 844
22 P 39.50 32.16 772
23 P 40.21 32.57 863
24 P 40.69 32.67 764
25 P 40.73 32.72 915
26 P 40.30 32.39 841
27 P 41.12 31.60 818
28 P 42.21 30.76 694
29 P 42.45 29.70 531
30 P 42.91 29.59 313
31 P 43.87 29.99 462
32 P 43.12 29.98 471
33 P 42.85 30.20 519
34 P 43.64 30.31 405
35 P 44.13 30.21 367
36 P 44.54 30.24 349
37 P 42.72 30.49 414
38 P 42.59 30.12 365
39 P 44.91 29.82 344
40 P 45.69 29.46 275
41 P 44.94 29.33 259
42 P 45.68 29.35 227
43 P 45.92 29.32 187
44 P 44.41 29.39 192
45 P 45.03 29.54 222
46 P 44.42 29.57 321
47 P 44.16 29.58 334
48 P 42.92 29.77 411
49 P 44.60 29.71 316
50 P 44.63 29.80 413
51 P 44.48 29.79 400
52 P 43.11 29.73 367
53 P 44.14 29.67 395
54 P 43.02 29.81 361
55 P 43.19 29.66 310
56 P 42.99 29.96 299
57 P 41.77 30.02 277
58 P 43.53 29.96 253
59 P 42.39 30.08 212
60 P 42.43 30.00 251
61 P 42.46 30.11 309
62 P 42.53 30.06 298
63 P 42.25 29.97 303
64 P 42.43 29.94 313
65 P 42.52 30.05 239
66 P 43.18 30.04 143
67 P 41.89 30.09 135
68 P 42.78 30.28 180
69 P 43.08 30.27 181
70 P 43.14 30.37 239
71 P 42.04 30.51 318
72 P 40.93 30.41 274
73 P 42.26 30.43 258
74 P 42.06 30.35 218
75 P 42.23 30.51 293
76 P 40.80 30.75 264
77 P 41.71 30.74 279
78 P 40.34 30.74 334
79 P 40.72 30.81 315
80 P 40.65 30.79 254
81 P 40.20 30.87 205
82 P 40.76 31.00 129
83 P 38.93 31.17 122
84 P 41.11 31.25 126
85 P 41.05 31.24 182
86 P 39.67 31.38 256
87 P 39.56 31.41 266
88 P 39.94 31.55 332
89 P 39.73 31.52 283
90 P 39.02 31.59 326
91 P 39.43 31.57 270
92 P 39.91 31.59 277
93 P 39.99 31.69 310
94 P 39.80 31.72 269
95 P 39.59 31.91 337
96 P 38.72 31.97 320
97 P 39.75 32.03 273
98 P 39.32 32.12 322
99 P 38.14 32.16 316
100 P 38.48 32.32 308
101 P 37.34 32.40 337
102 P 38.65 32.50 311
103 P 36.64 32.38 250
104 P 37.87 32.40 313
105 P 37.02 32.56 221
106 P 36.75 32.64 233
107 P 35.55 32.65 181
108 P 34.06 32.71 108
109 P 37.89 32.72 167
110 P 36.84 32.71 152
111 P 37.64 32.74 159
112 P 36.57 32.80 186
113 P 35.75 32.84 159
114 P 36.82 32.96 220
115 P 37.33 32.95 115
116 P 32.92 33.08 98
117 P 37.97 33.18 83
118 P 37.58 33.19 125
119 P 37.69 33.16 170
120 P 36.35 33.24 181
121 P 37.48 33.29 195
122 P 37.20 33.40 217
123 P 36.00 33.44 228
124 P 35.13 33.47 216
125 P 36.76 33.57 230
126 P 35.97 33.59 199
127 P 35.70 33.71 171
128 P 36.02 33.71 160
129 P 34.89 33.70 182
130 P 35.06 33.81 259
131 P 34.45 33.83 236
132 P 34.10 33.88 222
133 P 33.26 33.90 140
134 P 31.74 33.90 134
135 P 35.47 33.99 243
136 P 34.98 34.07 251
137 P 35.56 34.10 224
138 P 34.08 34.18 245
139 P 35.03 34.24 213
140 P 33.55 34.32 125
141 P 34.58 34.38 129
142 P 35.34 34.48 158
143 P 33.29 34.51 165
144 P 33.83 34.56 101
145 P 32.43 34.61 136
146 P 33.42 34.71 197
147 P 31.82 34.76 161
148 P 33.05 34.80 116
149 P 32.92 34.84 194
150 P 33.08 34.81 195
151 P 33.52 34.91 316
152 P 33.56 35.01 320
153 P 33.77 35.03 259
154 P 33.24 35.08 278
155 P 32.66 35.14 292
156 P 32.60 35.23 261
157 P 30.56 35.31 247
158 P 33.09 35.36 196
159 P 28.80 35.43 226
160 P 31.66 35.58 405
161 P 31.99 35.66 329
162 P 32.87 35.74 201
163 P 30.44 35.76 236
164 P 32.85 35.77 195
165 P 33.10 35.81 157
166 P 31.07 35.86 214
167 P 31.08 35.87 201
168 P 32.82 35.90 203
169 P 31.83 35.97 254
170 P 31.41 36.04 228
171 P 30.04 36.07 118
172 P 31.55 36.10 160
173 P 30.64 36.15 254
174 P 30.23 36.17 270
175 P 30.77 36.18 213
176 P 30.75 36.27 367
177 P 30.93 36.32 281
178 P 30.89 36.35 191
179 P 29.74 36.37 142
180 P 27.97 36.40 137
181 P 30.40 36.43 237
182 P 31.73 36.47 220
183 P 29.29 36.49 213
184 P 30.89 36.53 217
185 P 28.98 36.56 111
186 P 30.00 36.59 88
187 P 31.17 36.69 195
188 P 29.82 36.67 157
189 P 31.21 36.65 251
190 P 30.39 36.65 287
191 P 30.51 36.68 286
192 P 31.08 36.66 280
193 P 29.96 36.66 371
194 P 31.05 36.71 343
195 P 30.67 36.74 258
196 P 30.79 36.75 181
197 P 30.07 36.80 225
198 P 30.31 36.85 288
199 P 29.04 36.84 207
200 P 30.92 36.83 233
201 P 30.90 36.86 224
202 P 29.50 36.91 286
203 P 30.61 36.92 277
204 P 29.94 36.95 350
205 P 29.67 36.97 342
206 P 30.47 37.02 355
207 P 30.83 36.99 330
208 P 30.16 37.08 411
209 P 29.63 37.05 334
210 P 29.59 37.06 356
211 P 30.26 37.11 338
212 P 29.26 37.09 321
213 P 29.88 37.07 395
214 P 29.94 37.18 539
215 P 30.15 37.21 398
216 P 29.89 37.24 316
217 P 29.95 37.24 316
218 P 29.22 37.30 372
219 P 30.35 37.33 254
220 P 30.33 37.33 326
221 P 29.59 37.35 347
222 P 29.27 37.35 343
223 P 29.42 37.41 299
224 P 28.38 37.42 259
225 P 30.77 37.45 321
226 P 29.43 37.47 286
227 P 29.62 37.44 333
228 P 28.74 37.51 389
229 P 29.79 37.52 322
230 P 29.68 37.51 332
231 P 29.91 37.49 269
232 P 30.02 37.56 333
233 P 30.05 37.60 296
234 P 29.68 37.61 196
235 P 29.80 37.68 235
236 P 28.34 37.71 207
237 P 29.84 37.73 274
238 P 29.67 37.69 301
239 P 28.06 37.69 348
240 P 29.00 37.69 362
241 P 30.50 37.68 243
242 P 27.02 37.68 244
243 P 29.04 37.70 219
244 P 27.95 37.76 138
245 P 30.26 37.78 91
246 P 29.40 37.82 187
247 P 28.62 37.84 106
248 P 30.13 37.84 83
249 P 30.87 37.86 126
250 P 28.44 37.90 136
251 P 25.33 37.91 76
252 P 28.89 37.93 129
253 P 27.93 37.91 150
254 P 28.99 37.90 87
255 P 29.31 37.90 113
256 P 28.88 37.95 182
257 P 29.12 37.96 159
258 P 29.07 37.95 177
259 P 30.05 37.98 196
260 P 28.00 37.98 176
261 P 28.75 38.00 195
262 P 28.99 38.00 152
263 P 28.54 38.00 208
264 P 28.87 38.05 259
265 P 29.65 38.17 205
266 P 27.20 38.16 164
267 P 28.63 38.16 215
268 P 27.99 38.17 250
269 P 27.76 38.22 287
270 P 27.55 38.22 287
271 P 27.46 38.23 285
272 P 27.92 38.21 332
273 P 28.36 38.22 398
274 P 27.04 38.24 347
275 P 29.30 38.24 320
276 P 28.30 38.24 370
277 P 28.08 38.25 377
278 P 28.32 38.29 513
279 P 28.22 38.28 448
280 P 27.59 38.31 610
281 P 28.38 38.31 712
282 P 27.68 38.32 783
283 P 28.23 38.33 860
284 P 28.27 38.37 942
285 P 27.60 38.32 919
286 P 27.97 38.43 1051
287 P 27.97 38.50 1040
288 P 27.52 38.68 1204
289 P 27.83 38.61 1178
290 P 27.85 38.68 1411
291 P 27.79 38.68 1262
292 P 27.43 38.63 1186
293 P 27.58 38.66 1228
294 P 27.57 38.66 1232
295 P 27.60 38.60 1279
296 P 27.60 38.68 1448
297 P 27.35 38.60 1379
298 P 27.82 38.57 1379
299 P 27.73 38.52 1393
300 P 27.67 38.50 1283
301 P 28.02 38.49 1324
302 P 27.70 38.39 1245
303 P 28.38 38.44 1294
304 P 28.25 38.42 1323
305 P 28.09 38.42 1290
306 P 27.93 38.39 1254
307 P 28.20 38.46 1339
308 P 28.03 38.62 1271
309 P 28.03 38.67 1028
310 P 28.38 38.67 958
311 P 28.22 38.74 1098
312 P 27.62 38.72 1170
313 P 27.98 38.72 1196
314 P 28.01 38.73 1358
315 P 28.11 38.69 1308
316 P 27.88 38.69 1275
317 P 28.08 38.58 1152
318 P 29.00 38.47 779
319 P 28.95 38.39 726
320 P 28.76 38.28 670
321 P 28.87 38.17 786
322 P 28.62 38.08 637
323 P 29.24 38.07 705
324 P 29.70 38.02 649
325 P 29.65 37.95 617
326 P 29.13 37.93 647
327 P 29.75 37.87 581
328 P 30.22 37.78 485
329 P 30.38 37.77 403
330 P 30.39 37.73 332
331 P 30.40 37.67 337
332 P 29.88 37.69 474
333 P 29.59 37.69 422
334 P 30.63 37.66 456
335 P 29.91 37.69 478
336 P 30.47 37.61 462
337 P 30.72 37.63 556
338 P 30.41 37.56 461
339 P 30.86 37.52 510
340 P 29.89 37.48 586
341 P 30.37 37.54 542
342 P 30.71 37.49 518
343 P 29.61 37.45 535
344 P 30.16 37.43 472
345 P 30.33 37.54 567
346 P 30.31 37.56 514
347 P 30.37 37.56 610
348 P 30.13 37.66 596
349 P 30.29 37.63 565
350 P 30.76 37.55 460
351 P 29.76 37.55 283
352 P 30.28 37.63 314
353 P 30.39 37.62 388
354 P 31.56 37.22 176
