% Nframe | type | QP | PSNR | size (Bytes) 
0 I 25.59 39.93 16933
1 P 27.67 39.60 543
2 P 28.51 39.44 803
3 P 28.92 39.33 1047
4 P 27.78 39.27 1516
5 P 28.35 39.41 2093
6 P 28.12 39.79 2506
7 P 27.96 40.00 3157
8 P 27.37 40.14 3546
9 P 27.61 40.40 4023
10 P 26.49 40.65 4272
11 P 26.92 40.93 4448
12 P 30.84 39.43 2130
13 P 29.94 40.19 3896
14 P 26.15 41.27 5541
15 P 24.26 42.06 6728
16 P 23.38 42.40 9243
17 P 22.81 41.87 12702
18 P 22.15 41.72 15005
19 P 21.95 42.87 13995
20 P 21.70 43.72 12592
21 P 21.40 44.42 11691
22 P 21.68 44.86 10589
23 P 21.41 45.14 9587
24 P 20.94 45.50 10023
25 P 21.15 45.60 9908
26 P 21.33 45.30 9796
27 P 21.71 44.68 10897
28 P 22.40 43.62 11304
29 P 23.66 41.51 12154
30 P 24.70 41.12 7792
31 P 25.01 41.82 7648
32 P 24.96 42.15 7385
33 P 24.68 42.36 6355
34 P 24.67 42.62 5584
35 P 24.63 42.78 4567
36 P 24.63 42.91 3918
37 P 24.87 42.90 3716
38 P 25.34 42.67 3965
39 P 25.61 41.95 4281
40 P 26.35 41.05 4247
41 P 27.38 40.40 3907
42 P 27.97 40.04 3771
43 P 27.89 39.62 3893
44 P 28.32 39.77 3106
45 P 28.24 40.12 3087
46 P 27.68 40.17 3019
47 P 27.94 40.33 2953
48 P 27.80 40.76 2994
49 P 27.59 40.60 3170
50 P 26.80 40.40 3992
51 P 27.16 39.99 4545
52 P 27.13 39.84 5061
53 P 26.67 39.89 5086
54 P 26.11 40.20 4540
55 P 26.18 40.44 3528
56 P 25.72 40.67 3265
57 P 26.07 40.59 3089
58 P 25.82 40.41 3436
59 P 26.32 40.54 3427
60 P 25.60 40.61 3747
61 P 25.64 40.76 3799
62 P 25.25 40.83 3558
63 P 24.92 40.70 4098
64 P 25.93 40.49 4438
65 P 25.13 40.23 4165
66 P 25.26 40.25 3155
67 P 25.07 40.42 2746
68 P 24.72 40.58 3483
69 P 25.10 40.47 4621
70 P 25.06 40.60 5226
71 P 24.73 40.57 6945
72 P 24.86 40.52 6933
73 P 24.55 40.49 7253
74 P 24.40 40.49 6745
75 P 24.15 40.64 5553
76 P 24.04 40.85 5191
77 P 24.09 41.08 4568
78 P 24.07 41.21 4535
79 P 23.38 41.16 4989
80 P 23.38 40.86 5181
81 P 23.54 40.86 3689
82 P 23.73 40.94 3277
83 P 23.87 41.02 3401
84 P 24.34 41.07 3637
85 P 24.15 41.08 3922
86 P 24.27 41.16 4482
87 P 24.32 41.21 5075
88 P 24.30 41.22 5394
89 P 24.07 41.12 5616
90 P 24.20 40.95 6110
91 P 24.14 40.78 6789
92 P 23.63 40.76 6517
93 P 23.46 40.68 5376
94 P 23.30 40.78 5394
95 P 23.32 40.96 4721
96 P 23.04 41.08 4445
97 P 23.02 41.22 3875
98 P 23.02 41.36 3637
99 P 23.25 41.51 3498
100 P 22.82 41.53 3647
101 P 22.90 41.51 3717
102 P 22.86 41.44 3431
103 P 22.73 41.36 3324
104 P 23.07 41.25 3922
105 P 22.79 41.23 3538
106 P 22.93 41.13 3884
107 P 22.91 41.14 3011
108 P 22.88 41.26 2517
109 P 22.83 41.24 2698
110 P 22.77 41.28 2990
111 P 22.60 41.37 2813
112 P 22.73 41.47 2625
113 P 22.67 41.49 3128
114 P 22.21 41.40 3547
115 P 22.09 41.41 3547
116 P 22.43 41.51 3260
117 P 21.81 41.60 3092
118 P 21.91 41.73 2825
119 P 21.59 41.79 3186
120 P 21.46 41.86 3244
121 P 21.39 41.89 3566
122 P 21.35 41.93 4411
123 P 21.45 41.86 5204
124 P 21.42 41.86 5812
125 P 21.23 41.94 6413
126 P 21.39 41.97 5949
127 P 20.84 41.96 4930
128 P 20.90 42.07 4496
129 P 20.50 42.18 5043
130 P 20.70 42.26 4146
131 P 20.41 42.36 5500
132 P 20.31 42.39 5291
133 P 20.60 42.46 4675
134 P 20.66 42.52 4212
135 P 20.65 42.52 3793
136 P 20.74 42.61 3238
137 P 20.74 42.57 3234
138 P 20.48 42.53 3611
139 P 20.57 42.52 4117
140 P 20.41 42.57 2863
141 P 20.43 42.70 2592
142 P 20.31 42.63 3442
143 P 20.22 42.59 3861
144 P 20.32 42.68 4910
145 P 20.64 42.74 3741
146 P 20.27 42.79 3825
147 P 20.62 42.79 3486
148 P 19.98 42.80 3964
149 P 19.88 42.76 4233
150 P 19.98 42.83 4303
151 P 19.54 42.88 3926
152 P 19.77 42.97 4623
153 P 19.36 42.96 5113
154 P 19.54 42.95 6371
155 P 19.72 43.06 5145
156 P 19.42 43.16 4303
157 P 19.49 43.18 5389
158 P 19.41 43.20 5838
159 P 19.36 43.25 4301
160 P 19.27 43.40 4328
161 P 19.24 43.38 5001
162 P 19.08 43.47 3220
163 P 18.97 43.51 3564
164 P 19.01 43.55 3786
165 P 19.14 43.51 3901
166 P 18.84 43.46 4262
167 P 19.11 43.46 4263
168 P 19.12 43.50 4847
169 P 19.03 43.48 4456
170 P 18.88 43.56 3843
171 P 18.80 43.63 3588
172 P 18.75 43.60 4461
173 P 18.76 43.55 4547
174 P 18.97 43.58 4610
175 P 18.95 43.59 4764
176 P 18.66 43.66 6261
177 P 18.68 43.73 6088
178 P 18.33 43.81 3883
179 P 18.24 43.89 3984
180 P 18.49 43.84 4111
181 P 18.33 43.82 5708
182 P 18.31 43.88 4935
183 P 18.46 43.93 4891
184 P 17.95 44.02 4357
185 P 18.01 44.13 3496
186 P 17.96 44.17 3059
187 P 17.99 44.23 3763
188 P 18.05 44.27 3068
189 P 18.27 44.12 4142
190 P 18.15 44.04 6018
191 P 18.22 43.99 7352
192 P 17.96 43.97 7930
193 P 18.25 44.05 7576
194 P 18.00 44.07 7129
195 P 17.98 44.09 5852
196 P 17.52 44.11 5799
197 P 17.54 44.25 4804
198 P 17.56 44.27 6002
199 P 17.55 44.27 6323
200 P 17.41 44.25 7481
201 P 17.20 44.24 6688
202 P 17.31 44.29 6842
203 P 17.36 44.31 6885
204 P 17.43 44.24 6892
205 P 17.49 44.30 6685
206 P 17.63 44.32 6675
207 P 17.41 44.27 7322
208 P 17.56 44.23 7720
209 P 17.55 44.25 8546
210 P 17.30 44.23 7603
211 P 17.35 44.31 7371
212 P 17.47 44.24 6819
213 P 17.43 44.22 8376
214 P 17.56 44.20 8517
215 P 17.71 44.14 7939
216 P 17.70 44.24 7647
217 P 17.53 44.32 7613
218 P 17.41 44.39 4584
219 P 17.78 44.40 4024
220 P 17.74 44.32 5910
221 P 17.77 44.28 6002
222 P 17.85 44.23 6344
223 P 17.71 44.19 6736
224 P 17.77 44.18 6643
225 P 17.83 44.15 6950
226 P 17.77 44.19 6866
227 P 17.91 44.08 5853
228 P 17.96 44.06 6483
229 P 17.95 44.04 7182
230 P 18.14 43.99 7532
231 P 17.79 43.99 6369
232 P 17.77 44.12 6762
233 P 17.87 44.16 6080
234 P 17.69 44.23 5716
235 P 17.79 44.23 3940
236 P 17.80 44.27 3943
237 P 17.78 44.22 4760
238 P 17.89 44.10 6025
239 P 17.95 44.14 7433
240 P 18.10 44.18 5874
241 P 18.03 44.20 3968
242 P 17.88 44.18 4633
243 P 17.87 44.16 4451
244 P 17.83 44.27 3213
245 P 17.88 44.30 3512
246 P 17.99 44.32 3387
247 P 17.96 44.32 3737
248 P 17.87 44.32 4331
249 P 18.01 44.31 3899
250 P 17.75 44.35 3221
251 P 17.82 44.35 2893
252 P 17.74 44.43 3102
253 P 17.95 44.37 4400
254 P 17.58 44.38 3907
255 P 17.88 44.42 3421
256 P 17.69 44.39 4040
257 P 17.67 44.42 3571
258 P 17.65 44.37 4826
259 P 17.50 44.41 4610
260 P 17.48 44.40 4854
261 P 17.33 44.41 5223
262 P 17.25 44.42 5285
263 P 17.21 44.51 4536
264 P 17.07 44.57 4905
265 P 17.09 44.67 4112
266 P 17.06 44.63 4959
267 P 16.92 44.60 6078
268 P 17.00 44.61 5642
269 P 16.83 44.61 7061
270 P 16.90 44.65 7604
271 P 16.82 44.62 6394
272 P 16.85 44.68 6886
273 P 16.80 44.64 7254
274 P 16.75 44.63 7747
275 P 16.84 44.62 7356
276 P 16.83 44.64 8057
277 P 16.83 44.67 7408
278 P 16.65 44.72 8741
279 P 16.75 44.64 9296
280 P 16.84 44.69 10448
281 P 16.78 44.63 10475
282 P 16.83 44.67 11775
283 P 16.81 44.67 12104
284 P 16.85 44.63 12315
285 P 16.88 44.60 12787
286 P 16.99 44.64 12174
287 P 16.93 44.67 11797
288 P 17.00 44.74 13380
289 P 16.96 44.72 14648
290 P 17.02 44.69 14013
291 P 17.10 44.65 13152
292 P 17.15 44.64 13064
293 P 17.19 44.63 12703
294 P 17.35 44.55 13308
295 P 17.37 44.43 13019
296 P 17.58 44.35 12464
297 P 17.77 44.28 12935
298 P 17.90 44.19 12738
299 P 18.08 44.09 12846
300 P 18.06 44.03 12321
301 P 18.42 43.93 11779
302 P 18.34 43.81 11570
303 P 18.48 43.83 11375
304 P 18.57 43.74 11370
305 P 18.68 43.65 11043
306 P 19.16 43.52 10824
307 P 18.90 43.59 10589
308 P 18.86 43.66 9150
309 P 18.97 43.70 7455
310 P 19.28 43.63 6369
311 P 19.37 43.62 7500
312 P 19.22 43.58 7645
313 P 19.44 43.51 8236
314 P 19.32 43.47 8617
315 P 19.55 43.35 8729
316 P 19.62 43.34 8686
317 P 19.66 43.22 8127
318 P 19.88 43.15 6644
319 P 19.71 43.12 5536
320 P 19.96 43.14 6035
321 P 20.09 43.02 6316
322 P 20.00 42.95 6254
323 P 20.20 42.93 5829
324 P 20.27 42.91 5746
325 P 20.02 42.96 5438
326 P 20.20 42.93 5406
327 P 20.26 42.90 5192
328 P 20.15 42.86 5612
329 P 20.31 42.87 5703
330 P 20.17 42.83 4564
331 P 20.29 42.86 4535
332 P 20.36 42.91 4542
333 P 20.29 42.87 4949
334 P 20.28 42.87 5398
335 P 20.08 42.95 6057
336 P 20.31 43.00 5806
337 P 20.11 42.96 5208
338 P 20.20 42.99 5552
339 P 20.35 42.98 5522
340 P 19.84 42.96 5468
341 P 19.98 43.01 5953
342 P 20.12 42.93 5675
343 P 20.01 42.95 5936
344 P 20.22 42.94 5478
345 P 20.10 43.03 5901
346 P 20.34 43.03 5596
347 P 20.23 43.00 7119
348 P 20.57 43.02 6350
349 P 20.30 43.01 6293
350 P 20.14 43.02 6312
351 P 20.27 43.01 4644
352 P 20.14 43.02 3937
353 P 20.52 43.06 4429
354 P 21.59 42.45 2329
