% Nframe | type | QP | PSNR | size (Bytes) 
0 I 25.60 39.29 4915
1 P 26.70 39.05 88
2 P 28.98 38.83 128
3 P 28.03 38.69 218
4 P 28.43 38.57 326
5 P 28.43 38.52 471
6 P 28.35 38.51 614
7 P 28.61 38.67 812
8 P 27.37 38.67 1031
9 P 27.58 38.81 1263
10 P 27.06 38.95 1271
11 P 27.13 39.16 1426
12 P 29.96 37.91 930
13 P 25.00 39.64 2229
14 P 22.39 41.39 3088
15 P 20.73 42.49 3833
16 P 19.42 42.99 4971
17 P 18.37 43.07 6695
18 P 17.60 43.37 7862
19 P 17.18 43.94 7885
20 P 16.79 44.69 7933
21 P 16.60 45.21 7411
22 P 16.39 45.67 6839
23 P 16.32 45.98 6270
24 P 16.21 46.29 6457
25 P 16.39 46.37 6293
26 P 16.85 45.90 6035
27 P 17.23 45.32 6308
28 P 18.12 44.40 6050
29 P 18.93 43.06 6191
30 P 20.60 42.74 4505
31 P 20.86 42.59 4210
32 P 21.09 42.62 4070
33 P 21.01 42.61 3611
34 P 21.21 42.79 3096
35 P 21.25 42.79 2483
36 P 20.86 42.94 2114
37 P 21.38 42.89 1980
38 P 21.26 42.57 2047
39 P 21.90 42.13 2298
40 P 22.70 41.54 1997
41 P 23.81 41.04 1838
42 P 23.16 40.84 1896
43 P 24.06 40.56 1747
44 P 25.44 40.62 1453
45 P 24.83 40.81 1522
46 P 24.54 40.72 1441
47 P 24.62 40.75 1395
48 P 23.78 41.01 1516
49 P 23.88 41.00 1609
50 P 23.42 41.00 1979
51 P 23.97 40.92 2171
52 P 23.67 40.88 2314
53 P 22.80 41.01 2426
54 P 22.73 41.07 1992
55 P 23.40 41.18 1632
56 P 22.74 41.42 1472
57 P 22.75 41.43 1496
58 P 22.97 41.50 1496
59 P 23.13 41.60 1434
60 P 22.05 41.59 1569
61 P 22.14 41.73 1766
62 P 22.65 41.81 1756
63 P 21.40 41.83 1813
64 P 22.84 41.81 1819
65 P 21.99 41.76 1720
66 P 22.37 41.74 1314
67 P 22.00 41.87 1388
68 P 22.26 42.06 1875
69 P 22.26 41.93 2061
70 P 21.67 42.06 2630
71 P 22.52 42.01 3051
72 P 21.55 42.00 3146
73 P 21.84 42.09 3125
74 P 20.64 42.19 2938
75 P 21.00 42.30 2361
76 P 20.40 42.49 2290
77 P 20.24 42.65 1904
78 P 20.00 42.75 2029
79 P 19.92 42.73 2301
80 P 19.97 42.81 2291
81 P 20.18 42.83 1710
82 P 20.09 42.95 1476
83 P 20.84 42.91 1453
84 P 20.79 42.84 1826
85 P 20.94 42.84 2088
86 P 21.20 42.78 2261
87 P 20.73 42.75 2455
88 P 20.51 42.79 2634
89 P 20.86 42.86 2747
90 P 20.15 42.83 2789
91 P 20.38 42.83 2879
92 P 19.98 42.92 2793
93 P 19.83 42.93 2638
94 P 19.59 43.05 2594
95 P 19.38 43.15 2562
96 P 19.72 43.22 2173
97 P 19.11 43.30 2147
98 P 19.13 43.48 2097
99 P 19.17 43.56 1857
100 P 19.39 43.54 1950
101 P 18.47 43.56 1990
102 P 18.92 43.62 1859
103 P 18.61 43.52 1983
104 P 19.20 43.55 2210
105 P 18.60 43.52 1979
106 P 18.61 43.60 2236
107 P 18.70 43.62 1526
108 P 18.70 43.80 1348
109 P 18.78 43.72 1351
110 P 19.09 43.72 1514
111 P 18.44 43.74 1654
112 P 18.26 43.86 1817
113 P 18.39 43.83 1918
114 P 17.75 43.87 2026
115 P 18.16 43.99 1737
116 P 18.20 44.03 1239
117 P 18.05 44.09 1454
118 P 18.36 44.12 1689
119 P 18.52 44.09 1837
120 P 18.01 44.12 1889
121 P 18.15 44.22 2272
122 P 17.72 44.24 2518
123 P 17.62 44.25 2414
124 P 18.09 44.30 2645
125 P 17.58 44.48 2634
126 P 17.75 44.37 2181
127 P 17.16 44.50 2201
128 P 16.94 44.57 2417
129 P 16.93 44.63 2309
130 P 16.37 44.75 1971
131 P 16.54 44.84 2045
132 P 16.53 44.77 1891
133 P 16.40 44.80 1764
134 P 16.55 44.91 1945
135 P 16.38 44.87 2077
136 P 16.70 44.85 2143
137 P 16.18 44.91 2287
138 P 16.19 44.96 2402
139 P 16.37 45.01 2067
140 P 15.68 45.12 1118
141 P 16.13 45.20 1067
142 P 15.84 45.17 1740
143 P 15.79 45.20 2042
144 P 15.64 45.26 2015
145 P 15.54 45.30 1580
146 P 15.40 45.41 1657
147 P 15.59 45.45 1571
148 P 15.47 45.44 1421
149 P 15.52 45.39 1835
150 P 15.78 45.31 2247
151 P 15.59 45.24 2307
152 P 15.73 45.31 2659
153 P 15.58 45.43 3018
154 P 15.41 45.56 2982
155 P 14.92 45.54 2330
156 P 15.04 45.69 1968
157 P 15.06 45.71 2104
158 P 14.84 45.81 2234
159 P 14.59 45.83 1813
160 P 14.59 45.98 1867
161 P 14.86 45.95 2081
162 P 14.79 46.06 1417
163 P 14.84 46.12 1431
164 P 14.74 46.11 1476
165 P 14.66 46.14 1716
166 P 14.58 46.13 1746
167 P 14.40 46.08 1903
168 P 14.56 46.09 2151
169 P 14.57 46.10 1992
170 P 14.42 46.19 1453
171 P 14.12 46.26 1453
172 P 14.42 46.35 1847
173 P 14.46 46.29 2134
174 P 14.50 46.30 2359
175 P 14.38 46.30 2476
176 P 14.20 46.32 3078
177 P 14.37 46.29 2377
178 P 14.36 46.44 1996
179 P 13.87 46.54 1808
180 P 13.97 46.57 2048
181 P 13.80 46.56 2266
182 P 13.78 46.58 2064
183 P 13.90 46.62 2061
184 P 13.59 46.69 1752
185 P 13.48 46.84 1572
186 P 13.18 46.86 1318
187 P 13.70 46.98 1611
188 P 13.52 46.96 1444
189 P 13.64 46.74 2221
190 P 13.76 46.67 3139
191 P 13.84 46.72 3685
192 P 13.79 46.74 3884
193 P 13.60 46.75 3107
194 P 13.38 46.82 3098
195 P 13.58 46.90 2577
196 P 13.39 46.96 2227
197 P 13.24 47.09 2427
198 P 12.91 47.13 2875
199 P 12.97 47.08 2803
200 P 12.86 47.11 3751
201 P 13.03 47.12 2901
202 P 12.61 47.12 3860
203 P 13.17 47.06 3972
204 P 12.94 47.05 4236
205 P 13.10 47.03 4170
206 P 13.05 47.04 4520
207 P 13.07 47.03 4740
208 P 13.03 47.06 4832
209 P 12.81 47.05 4494
210 P 12.88 47.13 4055
211 P 12.92 47.12 3733
212 P 12.86 47.08 3862
213 P 12.80 47.08 4649
214 P 13.20 47.08 4518
215 P 12.98 47.11 4138
216 P 12.78 47.13 3938
217 P 12.88 47.15 3162
218 P 12.71 47.19 2096
219 P 13.15 47.15 1972
220 P 13.19 47.14 2757
221 P 13.34 47.07 3106
222 P 13.49 46.90 3288
223 P 13.40 46.89 3535
224 P 13.42 46.88 3678
225 P 13.42 46.84 4294
226 P 13.51 46.70 3993
227 P 13.63 46.74 3731
228 P 13.70 46.72 3591
229 P 13.56 46.70 3630
230 P 13.69 46.65 3132
231 P 13.95 46.70 3285
232 P 13.49 46.77 3390
233 P 13.60 46.83 2729
234 P 13.54 46.82 2358
235 P 13.61 46.89 2056
236 P 13.35 46.85 1761
237 P 13.47 46.91 2283
238 P 13.77 46.76 2422
239 P 13.51 46.71 2961
240 P 13.72 46.70 2353
241 P 13.90 46.78 2019
242 P 13.42 46.80 1930
243 P 13.71 46.80 2007
244 P 14.12 46.93 1370
245 P 13.83 46.97 1593
246 P 13.58 47.04 1627
247 P 13.84 47.09 1206
248 P 13.92 47.13 1437
249 P 13.53 47.09 1485
250 P 13.40 47.09 1187
251 P 13.52 47.13 1268
252 P 13.22 47.21 1417
253 P 13.49 47.12 1339
254 P 13.08 47.17 1555
255 P 13.30 47.19 1629
256 P 13.35 47.19 1882
257 P 13.02 47.19 1656
258 P 13.22 47.15 2218
259 P 13.13 47.19 2138
260 P 13.00 47.18 2296
261 P 12.80 47.23 2402
262 P 12.76 47.29 2432
263 P 12.61 47.31 2582
264 P 12.80 47.38 2688
265 P 12.63 47.48 1848
266 P 12.74 47.47 2211
267 P 12.56 47.56 2502
268 P 12.33 47.49 2541
269 P 12.37 47.51 3570
270 P 12.60 47.46 3667
271 P 12.45 47.42 3170
272 P 12.25 47.53 3205
273 P 12.54 47.42 3635
274 P 12.41 47.44 3542
275 P 12.52 47.49 4039
276 P 12.36 47.51 4153
277 P 12.26 47.52 3801
278 P 12.31 47.48 4402
279 P 12.43 47.43 5070
280 P 12.30 47.44 5725
281 P 12.33 47.46 6001
282 P 12.40 47.42 6158
283 P 12.33 47.42 6425
284 P 12.26 47.47 6909
285 P 12.30 47.38 6619
286 P 12.46 47.32 6763
287 P 12.53 47.33 6428
288 P 12.57 47.36 6909
289 P 12.59 47.26 7189
290 P 12.44 47.24 7271
291 P 12.60 47.23 6926
292 P 12.72 47.21 6775
293 P 12.71 47.20 6676
294 P 12.85 47.11 6566
295 P 13.05 46.96 6586
296 P 13.10 46.92 6486
297 P 13.23 46.86 6466
298 P 13.32 46.75 6327
299 P 13.61 46.56 5874
300 P 13.67 46.46 5731
301 P 13.88 46.39 5403
302 P 13.95 46.30 5394
303 P 13.92 46.23 5420
304 P 14.21 46.19 5090
305 P 14.27 46.19 5202
306 P 14.28 46.09 4721
307 P 14.73 46.01 4706
308 P 14.99 45.96 4520
309 P 14.68 45.92 4182
310 P 14.96 45.89 3822
311 P 15.07 45.78 4108
312 P 14.95 45.83 4280
313 P 15.26 45.83 4296
314 P 15.12 45.76 4434
315 P 15.03 45.70 4366
316 P 15.22 45.65 4299
317 P 15.19 45.61 4072
318 P 15.21 45.49 3682
319 P 15.27 45.47 3859
320 P 15.45 45.40 3891
321 P 15.26 45.35 3703
322 P 15.34 45.40 3742
323 P 15.31 45.30 3467
324 P 15.52 45.31 3521
325 P 15.60 45.37 3404
326 P 15.57 45.40 3447
327 P 15.79 45.32 2847
328 P 15.49 45.32 2855
329 P 15.69 45.32 2631
330 P 15.37 45.27 2289
331 P 15.82 45.25 2115
332 P 15.62 45.32 2764
333 P 15.41 45.23 3063
334 P 16.16 45.15 2994
335 P 15.78 45.19 3411
336 P 16.01 45.19 3375
337 P 16.23 45.14 3151
338 P 15.81 45.12 3312
339 P 15.94 45.15 3345
340 P 16.08 45.07 3251
341 P 15.95 45.17 3415
342 P 15.90 45.23 3445
343 P 16.07 45.21 3035
344 P 15.82 45.22 2945
345 P 15.91 45.24 3092
346 P 15.67 45.28 2640
347 P 16.05 45.28 3096
348 P 15.92 45.28 3186
349 P 15.99 45.28 3087
350 P 15.99 45.30 3011
351 P 15.96 45.33 2012
352 P 16.03 45.38 1748
353 P 15.75 45.32 2175
354 P 17.38 44.48 1423
