% Nframe | type | QP | PSNR | size (Bytes) 
0 I 27.35 37.96 2830
1 P 28.86 37.77 55
2 P 30.41 37.61 81
3 P 30.23 37.43 116
4 P 30.33 37.32 183
5 P 28.96 37.24 263
6 P 29.70 37.24 341
7 P 29.18 37.21 468
8 P 28.70 37.14 644
9 P 30.32 37.11 682
10 P 29.56 37.20 727
11 P 29.68 37.32 877
12 P 30.51 36.61 650
13 P 25.98 38.48 1542
14 P 23.20 40.25 2047
15 P 21.89 41.46 2498
16 P 20.19 41.97 3229
17 P 19.62 42.06 4129
18 P 18.74 42.58 5011
19 P 18.26 43.10 4928
20 P 17.85 43.70 5065
21 P 17.51 44.20 4849
22 P 17.41 44.84 4642
23 P 17.34 44.90 4086
24 P 17.40 45.12 4445
25 P 17.73 45.20 4199
26 P 17.65 44.87 3886
27 P 18.84 44.30 3824
28 P 18.96 43.39 3899
29 P 20.18 42.36 3816
30 P 21.63 41.98 2761
31 P 21.68 41.90 2827
32 P 22.43 41.77 2732
33 P 22.28 41.87 2447
34 P 21.77 41.86 2113
35 P 22.06 42.05 1659
36 P 21.65 41.99 1465
37 P 21.97 42.07 1435
38 P 22.80 41.72 1414
39 P 23.61 41.24 1424
40 P 24.07 40.78 1354
41 P 23.65 40.35 1215
42 P 24.44 40.29 1239
43 P 23.76 40.11 1092
44 P 24.87 40.08 932
45 P 24.67 40.09 988
46 P 25.04 40.15 1070
47 P 25.15 40.10 909
48 P 24.95 40.30 1001
49 P 25.06 40.39 1096
50 P 25.09 40.41 1228
51 P 24.55 40.39 1437
52 P 24.60 40.39 1532
53 P 24.27 40.45 1535
54 P 24.35 40.53 1340
55 P 24.24 40.68 1183
56 P 23.30 40.75 912
57 P 23.41 40.91 1011
58 P 23.03 40.96 1055
59 P 23.19 41.16 974
60 P 22.62 41.15 922
61 P 22.50 41.36 1135
62 P 22.95 41.36 1126
63 P 22.85 41.34 1168
64 P 22.83 41.34 1150
65 P 23.00 41.43 1099
66 P 23.02 41.36 911
67 P 23.26 41.40 859
68 P 22.61 41.53 1161
69 P 21.96 41.53 1337
70 P 23.08 41.48 1521
71 P 22.26 41.52 2061
72 P 21.81 41.58 1946
73 P 22.48 41.65 1956
74 P 21.91 41.93 1897
75 P 21.25 41.98 1554
76 P 20.97 42.08 1413
77 P 20.78 42.25 1394
78 P 21.62 42.35 1364
79 P 21.12 42.51 1552
80 P 21.16 42.50 1352
81 P 20.07 42.61 1167
82 P 21.19 42.75 1001
83 P 21.27 42.68 969
84 P 21.08 42.62 1168
85 P 20.89 42.60 1286
86 P 21.27 42.54 1398
87 P 21.22 42.68 1677
88 P 21.23 42.67 1702
89 P 20.67 42.66 1710
90 P 20.69 42.75 1737
91 P 21.08 42.66 1763
92 P 20.42 42.79 1830
93 P 20.06 42.82 1655
94 P 19.60 43.02 1837
95 P 19.70 42.96 1538
96 P 19.70 43.10 1471
97 P 19.98 43.12 1473
98 P 19.19 43.17 1383
99 P 19.88 43.31 1353
100 P 19.08 43.27 1283
101 P 19.95 43.36 1276
102 P 19.55 43.41 1222
103 P 19.31 43.44 1202
104 P 19.33 43.40 1409
105 P 19.15 43.53 1301
106 P 18.99 43.50 1269
107 P 19.02 43.65 977
108 P 18.80 43.69 779
109 P 19.14 43.72 974
110 P 18.90 43.77 884
111 P 18.55 43.71 911
112 P 19.40 43.67 1004
113 P 18.93 43.71 1048
114 P 18.81 43.78 1267
115 P 18.67 43.85 959
116 P 18.49 43.95 726
117 P 18.37 43.98 928
118 P 18.72 44.06 969
119 P 18.17 44.07 1183
120 P 18.05 44.10 1252
121 P 18.57 44.08 1273
122 P 18.48 44.14 1507
123 P 18.71 44.16 1529
124 P 18.23 44.17 1502
125 P 17.45 44.32 1539
126 P 17.97 44.38 1321
127 P 17.17 44.58 1364
128 P 17.15 44.61 1326
129 P 17.57 44.63 1208
130 P 16.71 44.69 1250
131 P 17.04 44.81 1272
132 P 16.55 44.82 1301
133 P 16.79 44.89 1053
134 P 17.04 44.91 1124
135 P 16.39 44.88 1263
136 P 16.99 44.94 1292
137 P 16.50 44.99 1299
138 P 16.73 45.02 1304
139 P 16.42 45.10 1220
140 P 15.44 45.20 654
141 P 15.77 45.22 632
142 P 15.68 45.33 1030
143 P 16.74 45.35 1115
144 P 16.12 45.38 1061
145 P 16.27 45.42 862
146 P 16.05 45.59 1077
147 P 15.94 45.65 848
148 P 15.79 45.68 860
149 P 16.39 45.68 1023
150 P 15.84 45.61 1397
151 P 16.14 45.52 1429
152 P 15.63 45.62 1779
153 P 15.17 45.67 1962
154 P 15.13 45.68 1651
155 P 15.58 45.83 1435
156 P 15.35 45.91 1214
157 P 15.14 46.11 1304
158 P 15.30 46.09 1207
159 P 14.79 46.12 1101
160 P 14.90 46.24 1182
161 P 14.79 46.30 1255
162 P 14.73 46.41 935
163 P 14.82 46.44 908
164 P 14.32 46.40 946
165 P 15.10 46.45 921
166 P 15.25 46.43 933
167 P 14.98 46.46 1199
168 P 14.99 46.46 1286
169 P 14.55 46.48 1167
170 P 14.42 46.63 1003
171 P 13.73 46.74 1005
172 P 13.70 46.77 1126
173 P 14.05 46.77 1439
174 P 14.19 46.72 1540
175 P 14.19 46.72 1622
176 P 13.70 46.80 2066
177 P 13.50 46.90 1800
178 P 13.50 46.98 1412
179 P 13.37 47.03 1194
180 P 13.66 47.03 1348
181 P 13.42 47.08 1602
182 P 13.43 47.08 1443
183 P 13.20 47.13 1456
184 P 12.60 47.20 1411
185 P 12.87 47.31 1265
186 P 12.66 47.42 1028
187 P 11.80 47.48 1125
188 P 12.57 47.55 1124
189 P 12.58 47.32 1728
190 P 12.71 47.24 2230
191 P 12.90 47.19 2645
192 P 12.87 47.33 2585
193 P 12.57 47.31 2238
194 P 12.67 47.31 2074
195 P 12.34 47.41 1817
196 P 12.40 47.41 1613
197 P 12.60 47.51 1743
198 P 12.23 47.58 2058
199 P 12.42 47.58 2080
200 P 12.52 47.64 2487
201 P 12.40 47.64 2127
202 P 12.39 47.55 2601
203 P 12.46 47.61 2846
204 P 12.54 47.52 2697
205 P 12.63 47.49 2896
206 P 12.50 47.50 3316
207 P 12.43 47.52 3416
208 P 12.17 47.55 3241
209 P 12.32 47.64 2970
210 P 12.48 47.60 2740
211 P 12.32 47.62 2909
212 P 12.51 47.53 2700
213 P 12.44 47.53 3078
214 P 12.45 47.48 2968
215 P 12.41 47.52 2737
216 P 12.63 47.50 2741
217 P 12.60 47.53 2143
218 P 12.28 47.65 1577
219 P 12.48 47.64 1404
220 P 12.47 47.64 1854
221 P 12.60 47.56 2009
222 P 12.84 47.52 2201
223 P 12.90 47.36 2280
224 P 13.01 47.30 2347
225 P 13.25 47.21 2580
226 P 13.43 47.21 2594
227 P 13.25 47.22 2416
228 P 13.47 47.12 2345
229 P 13.31 47.16 2371
230 P 13.12 47.19 2179
231 P 13.15 47.19 2237
232 P 13.27 47.22 2220
233 P 13.15 47.17 1776
234 P 12.93 47.24 1658
235 P 12.90 47.21 1398
236 P 12.79 47.31 1156
237 P 13.06 47.29 1402
238 P 13.26 47.17 1450
239 P 13.07 47.14 1795
240 P 13.27 47.12 1701
241 P 13.23 47.21 1262
242 P 13.00 47.19 1304
243 P 13.27 47.21 1192
244 P 12.94 47.39 971
245 P 12.85 47.43 903
246 P 12.93 47.43 1030
247 P 12.84 47.56 1041
248 P 12.58 47.51 833
249 P 12.88 47.55 900
250 P 12.73 47.56 728
251 P 12.52 47.64 842
252 P 12.58 47.72 988
253 P 12.07 47.64 999
254 P 12.39 47.60 930
255 P 12.83 47.60 1017
256 P 12.84 47.58 1331
257 P 13.07 47.66 1082
258 P 12.91 47.65 1537
259 P 12.55 47.61 1403
260 P 12.70 47.63 1578
261 P 12.52 47.67 1611
262 P 12.26 47.72 1788
263 P 12.35 47.80 1681
264 P 12.27 47.77 1685
265 P 12.23 47.87 1234
266 P 11.81 47.96 1629
267 P 11.96 47.99 1759
268 P 12.02 48.00 1698
269 P 12.24 47.90 1978
270 P 11.91 47.89 2520
271 P 12.15 47.86 2172
272 P 11.50 47.98 2325
273 P 11.80 47.93 2336
274 P 11.43 48.02 2455
275 P 11.93 47.97 2544
276 P 11.84 48.06 2704
277 P 11.85 48.10 2595
278 P 11.87 48.00 2746
279 P 11.92 47.92 3183
280 P 11.78 47.93 3842
281 P 11.91 47.90 3817
282 P 11.87 47.83 4116
283 P 11.94 47.81 4236
284 P 11.96 47.76 4439
285 P 11.92 47.78 4450
286 P 12.02 47.72 4552
287 P 12.05 47.70 4442
288 P 12.02 47.69 4732
289 P 12.28 47.64 4658
290 P 12.17 47.61 4981
291 P 12.24 47.62 4773
292 P 12.27 47.50 4682
293 P 12.49 47.47 4560
294 P 12.67 47.35 4375
295 P 12.64 47.20 4459
296 P 12.94 47.23 4521
297 P 13.08 47.14 4503
298 P 13.20 47.11 4321
299 P 13.27 46.94 4215
300 P 13.35 46.92 4007
301 P 13.90 46.77 3788
302 P 13.94 46.71 3587
303 P 13.94 46.59 3591
304 P 14.20 46.51 3470
305 P 14.20 46.46 3283
306 P 14.22 46.46 3253
307 P 14.31 46.35 3248
308 P 14.87 46.30 3337
309 P 14.53 46.32 3111
310 P 14.67 46.11 3064
311 P 14.98 46.07 3128
312 P 14.85 46.06 3178
313 P 14.72 45.95 3169
314 P 14.95 45.98 3365
315 P 15.07 45.91 3181
316 P 15.29 45.79 3148
317 P 15.78 45.77 2847
318 P 15.28 45.72 2651
319 P 15.80 45.68 2696
320 P 16.08 45.65 2599
321 P 16.26 45.66 2578
322 P 15.77 45.59 2547
323 P 16.49 45.58 2412
324 P 15.87 45.53 2293
325 P 15.98 45.54 2343
326 P 15.82 45.54 2407
327 P 16.28 45.49 1937
328 P 16.16 45.44 1691
329 P 16.32 45.50 1597
330 P 16.28 45.54 1462
331 P 16.05 45.56 1390
332 P 15.66 45.43 1647
333 P 16.11 45.41 1797
334 P 16.46 45.40 2103
335 P 16.09 45.31 1951
336 P 15.90 45.32 2112
337 P 16.27 45.43 2147
338 P 16.11 45.31 2153
339 P 15.95 45.36 2268
340 P 16.02 45.26 2148
341 P 16.03 45.29 2209
342 P 16.14 45.37 2272
343 P 15.80 45.40 2054
344 P 15.97 45.54 2022
345 P 15.96 45.57 2022
346 P 15.90 45.58 1786
347 P 15.96 45.64 2220
348 P 15.98 45.52 2084
349 P 16.01 45.55 2036
350 P 16.34 45.57 1959
351 P 16.13 45.53 1150
352 P 16.41 45.57 1029
353 P 16.77 45.51 1454
354 P 17.65 44.65 943
