% Nframe | type | QP | PSNR | size (Bytes) 
0 I 43.09 31.11 4609
1 P 49.00 31.07 12
2 P 47.71 30.97 36
3 P 48.31 30.78 56
4 P 48.45 30.54 153
5 P 47.65 30.19 320
6 P 46.67 30.11 635
7 P 46.51 29.98 706
8 P 46.10 29.59 995
9 P 45.99 29.71 1132
10 P 46.08 30.18 893
11 P 46.34 29.94 1056
12 P 49.97 29.02 719
13 P 50.79 27.44 749
14 P 49.27 28.06 1098
15 P 46.57 28.97 1577
16 P 45.29 29.69 1883
17 P 44.49 29.65 1837
18 P 44.97 29.52 1688
19 P 44.56 30.34 1902
20 P 44.11 30.62 1715
21 P 43.96 30.71 1714
22 P 43.36 31.33 2129
23 P 43.36 31.08 1674
24 P 43.15 31.21 1885
25 P 43.97 31.33 2060
26 P 44.05 30.76 1712
27 P 44.80 30.13 1788
28 P 45.46 29.42 1370
29 P 46.58 28.58 1300
30 P 46.95 28.37 671
31 P 46.62 28.63 978
32 P 47.67 28.42 1197
33 P 47.05 28.59 1311
34 P 46.98 28.47 1241
35 P 46.91 28.67 1141
36 P 48.23 28.76 811
37 P 46.11 28.60 1077
38 P 48.37 28.36 954
39 P 48.46 28.13 1047
40 P 49.57 27.87 670
41 P 49.26 27.62 676
42 P 49.44 27.47 540
43 P 48.93 27.50 371
44 P 48.86 27.67 353
45 P 49.45 27.75 472
46 P 49.50 27.64 622
47 P 49.17 27.54 692
48 P 48.82 27.44 789
49 P 49.67 27.43 834
50 P 49.26 27.14 784
51 P 48.92 27.00 871
52 P 49.18 27.05 813
53 P 49.10 26.99 779
54 P 49.25 27.10 780
55 P 48.95 27.22 755
56 P 48.19 27.46 789
57 P 48.51 27.47 712
58 P 47.94 27.42 696
59 P 48.08 27.36 665
60 P 48.42 27.54 761
61 P 48.32 27.36 661
62 P 48.03 27.43 756
63 P 48.40 27.39 662
64 P 47.96 27.43 607
65 P 47.62 27.35 389
66 P 47.97 27.39 307
67 P 48.71 27.47 286
68 P 48.61 27.61 365
69 P 48.75 27.57 234
70 P 48.57 27.67 293
71 P 47.70 27.72 439
72 P 48.61 27.68 368
73 P 47.57 27.70 434
74 P 48.66 27.82 441
75 P 47.52 27.81 426
76 P 47.62 27.86 505
77 P 47.63 27.87 481
78 P 46.94 27.90 596
79 P 47.03 27.94 584
80 P 47.32 28.01 521
81 P 47.21 28.04 309
82 P 46.18 28.16 179
83 P 46.58 28.38 191
84 P 45.26 28.57 196
85 P 46.44 28.71 204
86 P 45.84 28.78 271
87 P 46.36 28.85 403
88 P 46.83 28.92 484
89 P 45.88 28.85 472
90 P 45.98 28.87 524
91 P 46.01 28.87 439
92 P 45.78 28.86 432
93 P 44.20 28.90 417
94 P 45.00 28.90 329
95 P 44.99 29.01 421
96 P 45.43 29.08 441
97 P 44.97 29.22 495
98 P 44.35 29.32 582
99 P 44.19 29.37 546
100 P 44.43 29.49 622
101 P 44.27 29.44 565
102 P 44.16 29.47 596
103 P 44.15 29.44 512
104 P 43.69 29.45 523
105 P 43.81 29.60 483
106 P 43.29 29.63 414
107 P 42.73 29.71 405
108 P 41.99 29.82 289
109 P 41.89 29.85 244
110 P 42.28 29.92 334
111 P 42.52 29.98 330
112 P 42.09 30.01 297
113 P 41.97 30.03 316
114 P 42.66 30.09 310
115 P 42.56 30.16 251
116 P 41.00 30.35 185
117 P 40.33 30.50 93
118 P 41.44 30.61 132
119 P 41.31 30.62 184
120 P 41.33 30.64 242
121 P 41.47 30.80 386
122 P 42.69 30.79 367
123 P 42.09 30.80 398
124 P 41.87 30.94 407
125 P 40.96 31.05 455
126 P 39.43 31.10 314
127 P 40.14 31.18 347
128 P 38.81 31.22 300
129 P 39.17 31.33 361
130 P 40.40 31.42 419
131 P 40.72 31.50 376
132 P 39.91 31.54 316
133 P 39.57 31.60 273
134 P 38.70 31.71 377
135 P 39.77 31.81 348
136 P 39.56 31.87 363
137 P 39.33 31.89 362
138 P 39.46 31.97 405
139 P 38.60 32.00 293
140 P 37.43 32.07 248
141 P 38.12 32.17 239
142 P 39.90 32.29 180
143 P 39.27 32.37 246
144 P 38.74 32.44 152
145 P 35.66 32.50 190
146 P 37.01 32.55 165
147 P 39.11 32.59 174
148 P 39.87 32.61 154
149 P 38.42 32.60 204
150 P 37.06 32.60 304
151 P 38.69 32.62 453
152 P 38.86 32.62 559
153 P 38.52 32.68 713
154 P 36.90 32.76 708
155 P 37.16 32.83 414
156 P 35.71 32.94 497
157 P 36.32 33.05 478
158 P 36.57 33.20 467
159 P 37.01 33.30 316
160 P 36.55 33.42 465
161 P 36.70 33.50 567
162 P 35.34 33.57 350
163 P 35.45 33.63 361
164 P 35.15 33.72 404
165 P 34.40 33.76 276
166 P 33.74 33.80 228
167 P 36.17 33.86 327
168 P 36.07 33.89 339
169 P 35.04 33.92 355
170 P 36.82 34.03 346
171 P 35.19 34.09 249
172 P 34.67 34.13 277
173 P 35.77 34.12 304
174 P 34.92 34.13 450
175 P 35.44 34.13 518
176 P 34.79 34.16 628
177 P 35.62 34.21 589
178 P 34.98 34.27 466
179 P 34.53 34.32 375
180 P 35.20 34.38 436
181 P 35.24 34.50 540
182 P 35.77 34.53 436
183 P 35.16 34.57 477
184 P 35.59 34.64 391
185 P 34.99 34.69 258
186 P 35.23 34.75 193
187 P 31.80 34.83 235
188 P 32.73 34.82 259
189 P 35.58 34.75 362
190 P 35.66 34.79 683
191 P 34.99 34.78 662
192 P 35.41 34.85 693
193 P 35.76 34.83 520
194 P 35.73 34.84 526
195 P 35.23 34.89 460
196 P 34.08 34.90 339
197 P 35.01 34.90 322
198 P 35.81 34.91 356
199 P 34.46 34.90 494
200 P 35.66 34.87 483
201 P 34.02 34.92 629
202 P 34.71 34.96 704
203 P 35.16 35.03 733
204 P 35.01 35.01 732
205 P 34.28 35.06 916
206 P 34.62 35.09 871
207 P 34.62 35.10 944
208 P 34.23 35.11 902
209 P 34.34 35.11 806
210 P 34.71 35.15 624
211 P 33.95 35.15 651
212 P 33.47 35.19 812
213 P 34.20 35.18 784
214 P 33.87 35.23 1006
215 P 34.67 35.24 883
216 P 34.05 35.27 736
217 P 33.56 35.36 703
218 P 33.45 35.38 468
219 P 33.57 35.45 407
220 P 34.24 35.41 516
221 P 34.00 35.42 553
222 P 33.85 35.41 638
223 P 34.29 35.46 632
224 P 34.12 35.52 563
225 P 33.98 35.51 673
226 P 33.75 35.58 774
227 P 34.77 35.52 606
228 P 34.57 35.49 657
229 P 33.60 35.56 651
230 P 33.95 35.59 634
231 P 34.26 35.55 534
232 P 34.40 35.62 629
233 P 34.19 35.66 618
234 P 33.69 35.69 562
235 P 32.99 35.69 285
236 P 32.47 35.74 308
237 P 33.88 35.80 420
238 P 32.16 35.73 453
239 P 34.34 35.75 528
240 P 33.87 35.75 560
241 P 34.51 35.77 435
242 P 34.08 35.77 457
243 P 33.75 35.80 429
244 P 34.91 35.87 220
245 P 32.68 35.92 331
246 P 31.18 35.95 281
247 P 34.29 36.01 231
248 P 32.98 36.02 179
249 P 31.85 36.04 289
250 P 31.76 36.05 143
251 P 32.28 36.06 134
252 P 32.83 36.10 122
253 P 32.44 36.08 149
254 P 30.60 36.09 200
255 P 32.76 36.08 150
256 P 32.51 36.09 241
257 P 33.47 36.11 276
258 P 32.98 36.11 311
259 P 32.33 36.11 329
260 P 32.87 36.09 310
261 P 32.60 36.11 327
262 P 32.57 36.10 273
263 P 33.37 36.12 412
264 P 32.15 36.14 389
265 P 29.68 36.17 247
266 P 33.67 36.19 264
267 P 32.71 36.21 298
268 P 32.72 36.21 266
269 P 32.84 36.22 441
270 P 32.96 36.18 522
271 P 32.89 36.21 569
272 P 32.34 36.26 740
273 P 33.14 36.25 582
274 P 32.69 36.24 612
275 P 33.15 36.26 701
276 P 32.74 36.26 759
277 P 32.52 36.26 693
278 P 32.63 36.34 952
279 P 32.42 36.37 829
280 P 32.46 36.40 1094
281 P 32.60 36.43 1050
282 P 32.65 36.47 1276
283 P 32.84 36.52 1345
284 P 32.54 36.51 1365
285 P 32.48 36.51 1592
286 P 32.93 36.64 1572
287 P 32.44 36.76 1445
288 P 32.70 36.97 1824
289 P 32.52 36.99 1804
290 P 32.16 36.97 2049
291 P 32.44 36.98 2066
292 P 32.72 36.95 1969
293 P 32.34 37.03 1989
294 P 32.14 37.06 2082
295 P 32.41 37.01 1988
296 P 31.92 37.01 2187
297 P 32.10 36.97 2197
298 P 32.28 36.86 2196
299 P 32.32 36.81 2303
300 P 32.50 36.81 2164
301 P 32.24 36.83 2186
302 P 32.64 36.68 2015
303 P 32.55 36.73 2109
304 P 32.40 36.73 2098
305 P 32.50 36.73 2237
306 P 32.60 36.64 2041
307 P 32.59 36.76 2214
308 P 32.16 36.91 1932
309 P 32.08 37.05 1926
310 P 32.32 37.04 1652
311 P 32.31 37.09 1769
312 P 32.29 37.10 1856
313 P 32.12 37.10 1936
314 P 32.31 37.13 1975
315 P 32.38 37.12 2180
316 P 32.46 37.07 2242
317 P 32.52 36.91 1935
318 P 32.87 36.83 1669
319 P 32.44 36.84 1745
320 P 32.49 36.81 1587
321 P 32.45 36.83 1616
322 P 32.86 36.77 1524
323 P 32.77 36.82 1506
324 P 32.39 36.81 1595
325 P 32.35 36.89 1666
326 P 32.33 36.85 1467
327 P 32.66 36.84 1316
328 P 33.06 36.74 1166
329 P 33.14 36.67 1145
330 P 32.65 36.69 949
331 P 33.21 36.66 880
332 P 32.93 36.72 1103
333 P 32.85 36.72 1101
334 P 33.40 36.73 1122
335 P 33.03 36.81 1192
336 P 33.06 36.74 1268
337 P 33.10 36.73 1127
338 P 32.67 36.69 1342
339 P 33.15 36.65 1178
340 P 33.18 36.66 1286
341 P 33.21 36.62 1185
342 P 33.61 36.58 1171
343 P 33.16 36.53 1127
344 P 33.96 36.53 967
345 P 33.44 36.59 1025
346 P 33.98 36.62 904
347 P 33.95 36.58 1054
348 P 33.80 36.61 1146
349 P 33.53 36.59 1114
350 P 33.33 36.57 1135
351 P 33.82 36.52 709
352 P 33.99 36.57 475
353 P 33.76 36.62 757
354 P 35.78 36.20 379
