% Nframe | type | QP | PSNR | size (Bytes) 
0 I 37.08 35.30 14467
1 P 40.92 35.11 151
2 P 40.29 34.78 334
3 P 40.68 34.52 591
4 P 40.45 34.42 983
5 P 40.13 34.59 1413
6 P 39.89 34.99 1657
7 P 39.24 35.02 2067
8 P 39.16 35.13 2241
9 P 39.48 35.35 2579
10 P 39.08 35.60 2731
11 P 39.17 35.60 3080
12 P 43.49 33.59 1693
13 P 44.29 31.97 2112
14 P 41.06 33.38 3367
15 P 39.57 34.63 4236
16 P 38.19 35.15 4708
17 P 38.18 34.96 5882
18 P 39.11 34.90 5756
19 P 38.26 36.20 5976
20 P 37.93 37.05 6087
21 P 37.84 37.37 5761
22 P 37.25 37.78 5586
23 P 37.25 37.73 5205
24 P 37.17 38.26 6327
25 P 37.19 37.85 5581
26 P 37.57 37.44 5586
27 P 38.27 36.60 5159
28 P 38.82 35.18 4762
29 P 40.41 33.78 3999
30 P 41.11 33.53 2494
31 P 40.63 33.82 3130
32 P 40.41 33.78 3048
33 P 39.81 33.89 3355
34 P 40.06 33.90 2981
35 P 40.38 33.94 2494
36 P 39.77 34.03 2379
37 P 40.37 33.82 2446
38 P 41.68 33.65 2094
39 P 42.28 33.29 2017
40 P 42.59 32.84 2264
41 P 43.41 32.48 1845
42 P 42.82 32.29 1532
43 P 43.71 32.17 1575
44 P 43.05 32.28 1427
45 P 43.59 32.51 1799
46 P 43.01 32.50 2074
47 P 43.08 32.60 2143
48 P 42.77 32.89 2441
49 P 42.94 32.86 2271
50 P 42.82 32.73 2509
51 P 42.93 32.55 2657
52 P 42.88 32.40 2577
53 P 42.80 32.42 2591
54 P 42.18 32.64 2489
55 P 41.38 32.86 2273
56 P 42.07 32.99 1973
57 P 41.32 32.99 2186
58 P 41.66 32.87 2011
59 P 41.85 32.82 2089
60 P 41.54 32.95 2132
61 P 41.39 32.99 2111
62 P 41.59 32.87 2024
63 P 41.85 32.77 2061
64 P 41.67 32.78 2128
65 P 41.92 32.51 1609
66 P 42.24 32.36 1312
67 P 42.14 32.49 1215
68 P 42.07 32.69 1388
69 P 42.19 32.64 1360
70 P 41.89 32.85 1659
71 P 42.05 32.82 1901
72 P 41.88 32.79 1925
73 P 42.28 32.71 1905
74 P 41.52 32.63 1854
75 P 41.52 32.74 1727
76 P 41.04 32.77 1798
77 P 41.39 32.91 2123
78 P 40.54 33.05 2237
79 P 40.70 33.06 2228
80 P 40.63 32.81 1955
81 P 40.25 32.83 1470
82 P 40.63 32.91 810
83 P 40.68 33.16 854
84 P 40.61 33.34 1037
85 P 40.77 33.38 1258
86 P 40.71 33.48 1555
87 P 40.12 33.64 1847
88 P 40.47 33.77 1929
89 P 40.08 33.74 1784
90 P 40.37 33.61 1935
91 P 40.17 33.36 2040
92 P 40.01 33.33 1961
93 P 39.71 33.27 1888
94 P 39.32 33.32 1814
95 P 39.63 33.39 1917
96 P 39.20 33.49 2118
97 P 39.07 33.64 2161
98 P 38.99 33.77 2173
99 P 38.81 33.88 2145
100 P 38.91 33.97 2128
101 P 38.61 33.99 2194
102 P 38.62 34.02 2166
103 P 38.57 34.00 1888
104 P 38.31 34.01 1719
105 P 38.66 33.91 1650
106 P 38.65 33.82 1704
107 P 38.56 33.87 1280
108 P 38.04 34.03 898
109 P 38.54 34.05 1085
110 P 37.93 34.00 1076
111 P 38.21 34.06 1176
112 P 38.46 34.14 1366
113 P 37.90 34.21 1291
114 P 38.68 34.17 1245
115 P 38.23 34.18 922
116 P 36.84 34.38 693
117 P 37.49 34.50 776
118 P 37.13 34.56 1034
119 P 36.72 34.55 1358
120 P 36.60 34.67 1326
121 P 36.38 34.68 1591
122 P 36.53 34.73 1569
123 P 37.06 34.64 1635
124 P 37.24 34.66 1615
125 P 37.18 34.72 1632
126 P 36.21 34.76 1267
127 P 36.37 34.89 1273
128 P 35.97 34.95 1365
129 P 35.34 34.98 1559
130 P 34.97 35.08 1384
131 P 35.50 35.09 1453
132 P 35.67 35.07 1408
133 P 35.34 35.12 1228
134 P 35.67 35.20 1238
135 P 35.53 35.22 1325
136 P 35.11 35.27 1788
137 P 35.13 35.25 1700
138 P 34.97 35.28 1760
139 P 34.81 35.29 1655
140 P 33.80 35.40 1079
141 P 34.48 35.52 971
142 P 34.88 35.60 1090
143 P 34.78 35.64 1174
144 P 34.75 35.71 901
145 P 34.30 35.80 842
146 P 34.19 35.82 896
147 P 34.79 35.84 856
148 P 34.24 35.87 780
149 P 34.53 35.87 1090
150 P 34.68 35.84 1419
151 P 34.28 35.91 1611
152 P 34.49 36.00 1744
153 P 34.72 35.95 1591
154 P 34.69 35.94 1912
155 P 34.59 36.01 1702
156 P 34.09 36.09 1480
157 P 34.17 36.17 1311
158 P 34.24 36.23 1416
159 P 33.78 36.30 1136
160 P 33.06 36.42 1412
161 P 33.16 36.41 1664
162 P 32.69 36.52 1226
163 P 32.20 36.56 1245
164 P 32.49 36.61 1185
165 P 32.34 36.62 1109
166 P 32.98 36.65 1262
167 P 32.67 36.68 1298
168 P 33.17 36.72 1528
169 P 32.89 36.73 1396
170 P 32.71 36.82 1035
171 P 32.95 36.87 1052
172 P 32.43 36.90 1218
173 P 32.74 36.93 1393
174 P 32.48 36.95 1671
175 P 32.09 37.03 1779
176 P 32.21 37.04 1894
177 P 31.96 37.07 1888
178 P 31.42 37.13 1466
179 P 30.99 37.17 1469
180 P 31.39 37.23 1735
181 P 31.64 37.27 1679
182 P 32.05 37.30 1493
183 P 31.73 37.34 1712
184 P 31.24 37.41 1512
185 P 32.03 37.47 1141
186 P 31.86 37.54 1117
187 P 32.02 37.63 1359
188 P 30.92 37.66 1174
189 P 31.24 37.63 1694
190 P 31.19 37.69 2272
191 P 31.32 37.69 2581
192 P 31.44 37.70 2546
193 P 31.33 37.71 2667
194 P 31.19 37.75 2578
195 P 31.00 37.81 2463
196 P 30.51 37.84 2018
197 P 30.31 37.92 1705
198 P 30.69 37.93 1930
199 P 30.38 37.98 1957
200 P 29.95 38.02 2711
201 P 30.16 38.12 2460
202 P 30.29 38.16 2338
203 P 30.17 38.21 2544
204 P 30.05 38.24 2359
205 P 30.63 38.30 2176
206 P 30.33 38.36 2428
207 P 30.16 38.37 2559
208 P 30.29 38.36 2688
209 P 29.97 38.32 3016
210 P 29.61 38.35 2537
211 P 29.95 38.41 2727
212 P 29.96 38.43 2426
213 P 29.84 38.48 2891
214 P 29.89 38.50 3043
215 P 29.96 38.52 2839
216 P 29.60 38.53 2427
217 P 29.53 38.57 2594
218 P 30.14 38.62 1883
219 P 29.56 38.64 1922
220 P 30.30 38.68 2216
221 P 29.67 38.66 2362
222 P 30.28 38.65 2180
223 P 29.91 38.70 2460
224 P 29.92 38.76 2260
225 P 30.10 38.76 2210
226 P 30.06 38.79 2469
227 P 30.04 38.79 2280
228 P 30.07 38.76 2382
229 P 30.28 38.77 2389
230 P 30.22 38.78 2418
231 P 30.09 38.81 2225
232 P 29.98 38.87 2537
233 P 29.83 38.84 2160
234 P 29.82 38.84 2099
235 P 29.79 38.89 1981
236 P 30.14 38.93 1586
237 P 29.91 38.95 2037
238 P 29.94 38.93 2247
239 P 29.75 38.92 2422
240 P 29.75 38.93 2739
241 P 29.78 38.96 1970
242 P 29.76 39.01 2119
243 P 29.38 39.03 1963
244 P 29.27 39.08 1576
245 P 29.48 39.09 1684
246 P 29.31 39.10 1560
247 P 29.28 39.14 1499
248 P 29.41 39.18 1678
249 P 29.41 39.19 1419
250 P 29.03 39.23 1341
251 P 28.83 39.23 1348
252 P 28.83 39.26 1220
253 P 29.01 39.23 1485
254 P 29.16 39.24 1461
255 P 29.23 39.26 1457
256 P 29.30 39.28 1793
257 P 28.74 39.33 1536
258 P 29.34 39.34 2021
259 P 28.67 39.36 1825
260 P 28.58 39.38 2158
261 P 28.55 39.41 2004
262 P 28.32 39.42 2297
263 P 27.88 39.49 2412
264 P 27.82 39.53 2533
265 P 27.88 39.59 1964
266 P 27.88 39.59 2177
267 P 28.03 39.59 2675
268 P 27.96 39.67 2447
269 P 27.88 39.72 2792
270 P 27.96 39.71 3162
271 P 27.97 39.74 3129
272 P 27.77 39.77 3430
273 P 28.19 39.78 3332
274 P 28.07 39.79 3309
275 P 27.58 39.81 3415
276 P 28.07 39.78 3505
277 P 28.05 39.83 3290
278 P 28.02 39.89 3687
279 P 28.11 39.97 4015
280 P 27.71 39.94 4654
281 P 27.49 39.97 5084
282 P 27.31 40.04 5883
283 P 27.72 40.07 5973
284 P 27.57 40.03 6440
285 P 27.55 40.01 6836
286 P 27.44 40.09 6688
287 P 27.54 40.20 6793
288 P 27.64 40.33 7902
289 P 27.47 40.33 8645
290 P 27.82 40.30 8512
291 P 27.41 40.30 8065
292 P 27.83 40.23 7799
293 P 27.76 40.25 7986
294 P 28.07 40.22 8297
295 P 28.45 40.14 7644
296 P 28.25 40.09 7582
297 P 28.71 39.99 8209
298 P 28.92 39.87 7888
299 P 28.84 39.73 7965
300 P 28.89 39.61 7140
301 P 29.40 39.50 7073
302 P 29.51 39.25 6620
303 P 29.69 39.27 6616
304 P 29.77 39.21 6636
305 P 30.16 39.08 6511
306 P 30.14 38.91 6273
307 P 30.46 38.94 5431
308 P 30.28 39.14 5245
309 P 30.45 39.23 4290
310 P 30.57 39.20 3820
311 P 30.45 39.12 3789
312 P 30.87 39.04 4045
313 P 31.08 38.99 4472
314 P 31.20 39.01 4975
315 P 31.36 38.87 4689
316 P 31.42 38.75 4717
317 P 31.49 38.55 4508
318 P 31.71 38.48 3713
319 P 31.71 38.40 3343
320 P 31.97 38.38 3239
321 P 31.82 38.30 3587
322 P 31.95 38.24 3283
323 P 31.99 38.22 3212
324 P 31.98 38.21 3339
325 P 31.90 38.25 3390
326 P 31.91 38.21 3080
327 P 32.29 38.16 2875
328 P 32.32 38.13 2933
329 P 32.35 38.04 2708
330 P 32.52 38.04 2308
331 P 32.27 38.05 2362
332 P 32.26 38.13 2674
333 P 32.34 38.20 2623
334 P 32.39 38.21 2701
335 P 32.25 38.31 2666
336 P 32.22 38.28 2859
337 P 32.30 38.32 2680
338 P 32.09 38.26 2795
339 P 32.16 38.25 2774
340 P 32.17 38.26 2828
341 P 32.07 38.25 2885
342 P 32.23 38.15 2820
343 P 32.21 38.09 2930
344 P 32.32 38.11 2961
345 P 32.54 38.16 2687
346 P 32.46 38.19 2744
347 P 32.35 38.17 3065
348 P 32.41 38.24 3103
349 P 32.17 38.23 3150
350 P 32.09 38.21 3214
351 P 32.28 38.16 2140
352 P 32.22 38.26 1708
353 P 32.26 38.35 1964
354 P 33.19 37.93 1160
