% Nframe | type | QP | PSNR | size (Bytes) 
0 I 31.31 37.50 14175
1 P 34.53 37.13 238
2 P 35.36 36.99 487
3 P 34.68 36.87 679
4 P 34.10 36.87 947
5 P 34.60 37.14 1158
6 P 33.88 37.49 1473
7 P 33.88 37.77 1891
8 P 33.67 37.86 2317
9 P 34.21 38.19 2725
10 P 33.75 38.41 2841
11 P 33.25 38.65 3086
12 P 37.79 36.70 1513
13 P 37.62 36.74 2291
14 P 33.75 38.09 3741
15 P 31.47 38.91 4540
16 P 30.42 39.27 6030
17 P 29.68 38.69 8139
18 P 30.11 38.57 9197
19 P 29.70 40.08 8407
20 P 29.31 41.03 8121
21 P 28.73 41.73 7933
22 P 28.01 42.22 7234
23 P 27.70 42.53 6861
24 P 27.69 42.94 7162
25 P 28.18 43.09 7147
26 P 28.47 42.65 6984
27 P 29.10 41.83 7422
28 P 29.90 40.75 7395
29 P 31.15 38.43 7285
30 P 32.25 38.21 4332
31 P 31.73 39.03 4749
32 P 31.55 39.27 4893
33 P 31.25 39.62 4427
34 P 31.13 39.76 3718
35 P 31.15 39.82 3081
36 P 31.16 39.87 2804
37 P 31.90 39.81 2453
38 P 31.89 39.55 2572
39 P 31.66 38.88 2783
40 P 32.89 38.05 2561
41 P 33.98 37.40 2275
42 P 34.63 37.08 2292
43 P 34.35 36.66 2234
44 P 34.75 36.83 1955
45 P 34.35 37.25 2029
46 P 34.05 37.23 2095
47 P 34.35 37.38 1926
48 P 33.94 37.72 2050
49 P 33.87 37.60 2145
50 P 33.90 37.42 2461
51 P 33.89 37.20 2780
52 P 33.94 36.98 3015
53 P 33.84 36.93 2853
54 P 33.41 37.33 2761
55 P 33.22 37.58 2278
56 P 33.25 37.75 1874
57 P 32.76 37.68 2005
58 P 32.73 37.49 1965
59 P 32.40 37.57 2011
60 P 32.66 37.55 2124
61 P 32.02 37.70 2347
62 P 32.22 37.80 2145
63 P 32.63 37.64 2325
64 P 32.60 37.49 2650
65 P 32.50 37.21 2393
66 P 32.57 37.15 1707
67 P 32.53 37.33 1614
68 P 32.35 37.56 1878
69 P 32.19 37.47 2333
70 P 32.16 37.64 2712
71 P 31.82 37.67 3909
72 P 32.05 37.58 3784
73 P 31.69 37.39 3719
74 P 31.49 37.39 3820
75 P 31.28 37.53 3167
76 P 31.22 37.71 3007
77 P 30.35 37.92 2608
78 P 30.52 38.06 2609
79 P 30.29 38.05 2922
80 P 30.49 37.72 2860
81 P 30.45 37.69 2115
82 P 30.50 37.78 1890
83 P 31.00 37.97 1869
84 P 30.83 38.05 1870
85 P 31.17 38.16 2181
86 P 31.20 38.36 2271
87 P 30.91 38.42 2713
88 P 30.78 38.44 2873
89 P 30.67 38.34 3191
90 P 30.69 38.20 3401
91 P 30.23 37.94 3964
92 P 30.29 37.85 3575
93 P 30.07 37.77 3598
94 P 29.98 37.84 3194
95 P 29.52 37.98 2895
96 P 29.78 38.11 2772
97 P 29.34 38.28 2580
98 P 29.55 38.49 2245
99 P 29.48 38.63 2042
100 P 28.98 38.69 2256
101 P 29.20 38.63 2135
102 P 29.12 38.57 1956
103 P 29.57 38.51 1865
104 P 29.33 38.41 2176
105 P 29.23 38.39 2264
106 P 29.16 38.28 2048
107 P 29.33 38.29 1854
108 P 29.17 38.40 1442
109 P 29.33 38.40 1590
110 P 29.07 38.41 1671
111 P 28.62 38.56 1733
112 P 28.56 38.67 1693
113 P 28.77 38.69 1905
114 P 28.58 38.62 2194
115 P 28.20 38.63 2178
116 P 28.46 38.69 1851
117 P 27.95 38.81 1817
118 P 27.75 38.94 1911
119 P 27.43 38.98 1787
120 P 27.34 39.10 2149
121 P 26.88 39.18 2157
122 P 26.81 39.24 2457
123 P 27.32 39.17 2830
124 P 27.52 39.13 3257
125 P 27.22 39.18 3712
126 P 27.11 39.20 3460
127 P 27.12 39.28 3090
128 P 27.06 39.35 2629
129 P 27.26 39.43 2913
130 P 26.86 39.50 2617
131 P 26.73 39.51 2811
132 P 26.85 39.50 3011
133 P 27.13 39.54 2535
134 P 26.90 39.67 2516
135 P 26.57 39.75 2201
136 P 27.02 39.84 2151
137 P 26.73 39.86 2046
138 P 26.49 39.89 1890
139 P 26.60 39.90 1924
140 P 26.60 39.94 1344
141 P 26.71 39.99 1453
142 P 26.70 40.02 1873
143 P 26.76 40.01 1998
144 P 26.43 39.99 2182
145 P 26.32 40.03 1967
146 P 26.32 40.04 2056
147 P 26.45 40.07 1908
148 P 26.65 40.10 2009
149 P 26.28 40.13 2014
150 P 26.23 40.21 2328
151 P 25.90 40.31 2398
152 P 25.42 40.33 2607
153 P 25.68 40.34 2773
154 P 25.12 40.39 3207
155 P 25.24 40.44 2990
156 P 25.31 40.50 2402
157 P 25.66 40.51 2899
158 P 25.33 40.54 3312
159 P 25.13 40.62 2974
160 P 24.85 40.75 2860
161 P 24.64 40.74 3171
162 P 24.26 40.85 2730
163 P 24.33 40.85 2541
164 P 24.12 40.94 2912
165 P 23.78 40.93 2760
166 P 23.67 40.93 2850
167 P 23.84 40.97 3057
168 P 23.47 41.04 3193
169 P 23.79 41.03 2944
170 P 23.45 41.11 2634
171 P 22.98 41.16 2647
172 P 23.31 41.17 2775
173 P 23.36 41.18 2658
174 P 23.34 41.21 2596
175 P 23.15 41.27 2635
176 P 23.17 41.23 3720
177 P 23.19 41.25 3692
178 P 23.11 41.30 2352
179 P 23.38 41.36 2576
180 P 23.15 41.34 2799
181 P 22.87 41.35 3403
182 P 23.25 41.37 3062
183 P 22.95 41.39 3229
184 P 23.11 41.46 2868
185 P 22.88 41.54 2434
186 P 23.14 41.56 2083
187 P 22.71 41.62 2705
188 P 22.76 41.67 2350
189 P 22.70 41.62 2732
190 P 22.70 41.60 3911
191 P 22.73 41.59 4607
192 P 22.47 41.56 5119
193 P 22.50 41.57 4772
194 P 22.45 41.57 4655
195 P 22.34 41.62 4312
196 P 21.96 41.62 4075
197 P 22.19 41.72 3018
198 P 22.02 41.73 3492
199 P 21.93 41.74 3900
200 P 21.88 41.75 4443
201 P 22.18 41.81 3848
202 P 21.92 41.86 3582
203 P 22.24 41.90 4063
204 P 21.91 41.87 4216
205 P 21.94 41.90 3634
206 P 21.93 41.91 4061
207 P 21.97 41.89 4343
208 P 22.28 41.82 4597
209 P 22.25 41.79 4600
210 P 21.87 41.81 4841
211 P 21.95 41.84 4440
212 P 22.14 41.82 4172
213 P 21.89 41.84 5042
214 P 21.98 41.87 4887
215 P 21.92 41.86 5119
216 P 21.77 41.93 4387
217 P 21.83 41.94 4540
218 P 21.80 41.98 3110
219 P 21.97 42.00 2885
220 P 21.76 42.03 3537
221 P 22.12 41.98 3655
222 P 21.97 41.96 4050
223 P 21.92 41.93 3400
224 P 22.09 41.94 3490
225 P 21.94 41.92 4278
226 P 21.86 41.94 4090
227 P 22.19 41.93 3972
228 P 21.78 41.88 4126
229 P 22.27 41.83 4002
230 P 21.94 41.82 4315
231 P 22.11 41.86 4120
232 P 21.99 41.89 4282
233 P 21.76 41.90 4111
234 P 21.97 41.95 3706
235 P 21.87 41.99 2974
236 P 21.79 42.00 2780
237 P 21.69 42.00 3710
238 P 21.93 41.91 4275
239 P 21.79 41.94 4603
240 P 21.98 41.92 4324
241 P 22.07 41.95 3142
242 P 21.69 41.98 3149
243 P 21.70 41.98 3312
244 P 21.45 42.03 2424
245 P 21.56 42.06 2660
246 P 21.63 42.07 2524
247 P 21.87 42.07 2460
248 P 21.60 42.06 2959
249 P 21.44 42.07 2721
250 P 21.64 42.10 2383
251 P 21.35 42.08 2038
252 P 21.36 42.12 2262
253 P 21.60 42.08 2709
254 P 21.53 42.06 2483
255 P 21.95 42.06 2236
256 P 21.68 42.08 2850
257 P 21.65 42.14 2900
258 P 21.93 42.09 3214
259 P 21.53 42.12 3186
260 P 21.33 42.11 3306
261 P 21.48 42.10 3265
262 P 21.70 42.11 3465
263 P 21.32 42.22 3385
264 P 21.22 42.25 3382
265 P 21.07 42.31 2816
266 P 21.02 42.29 3355
267 P 20.85 42.24 4220
268 P 20.81 42.33 3858
269 P 20.59 42.34 4425
270 P 20.64 42.33 4780
271 P 20.81 42.35 4697
272 P 20.91 42.36 4776
273 P 20.75 42.35 4783
274 P 20.84 42.37 5287
275 P 20.59 42.39 4958
276 P 20.65 42.36 5483
277 P 20.80 42.39 4740
278 P 20.74 42.40 5593
279 P 20.77 42.42 6140
280 P 20.50 42.44 7363
281 P 20.73 42.45 7844
282 P 20.66 42.46 8216
283 P 20.71 42.49 8699
284 P 20.87 42.45 8888
285 P 20.78 42.39 8996
286 P 20.64 42.46 9062
287 P 20.77 42.51 8978
288 P 20.88 42.59 10348
289 P 20.92 42.66 11583
290 P 20.83 42.64 11216
291 P 20.91 42.63 10263
292 P 21.05 42.58 10537
293 P 21.32 42.55 9925
294 P 21.34 42.47 10248
295 P 21.56 42.41 10046
296 P 21.64 42.36 9919
297 P 21.89 42.25 10326
298 P 21.96 42.13 10196
299 P 21.97 41.99 10291
300 P 22.52 41.88 9387
301 P 22.51 41.82 9685
302 P 22.91 41.63 9158
303 P 23.05 41.64 8574
304 P 23.32 41.52 8431
305 P 23.14 41.41 8680
306 P 23.29 41.29 8542
307 P 23.58 41.32 7550
308 P 23.50 41.48 6909
309 P 24.23 41.55 5402
310 P 24.30 41.52 4685
311 P 24.86 41.47 4905
312 P 24.98 41.44 5317
313 P 25.31 41.35 5380
314 P 25.06 41.34 5781
315 P 24.94 41.25 6188
316 P 25.21 41.13 5892
317 P 25.66 40.92 5401
318 P 25.69 40.84 4206
319 P 25.66 40.81 4226
320 P 25.53 40.76 3890
321 P 25.49 40.72 4303
322 P 25.79 40.68 4075
323 P 26.06 40.69 3520
324 P 25.96 40.68 3706
325 P 26.07 40.71 3532
326 P 26.25 40.64 3196
327 P 26.37 40.61 3143
328 P 26.53 40.54 3292
329 P 26.43 40.48 3244
330 P 26.14 40.48 2961
331 P 26.35 40.56 3022
332 P 25.90 40.61 2835
333 P 26.36 40.60 3063
334 P 26.07 40.63 3107
335 P 26.47 40.74 3602
336 P 26.11 40.71 3570
337 P 26.18 40.72 3416
338 P 25.72 40.73 3527
339 P 25.85 40.75 3364
340 P 25.84 40.73 3255
341 P 25.55 40.74 3514
342 P 26.00 40.66 3519
343 P 25.90 40.61 3748
344 P 25.89 40.63 3604
345 P 26.15 40.72 3661
346 P 25.65 40.71 3376
347 P 25.97 40.66 4071
348 P 26.03 40.72 4247
349 P 25.82 40.71 4134
350 P 25.73 40.70 4024
351 P 26.01 40.66 2754
352 P 25.83 40.73 2598
353 P 26.23 40.82 2683
354 P 27.76 40.33 1339
