% Nframe | type | QP | PSNR | size (Bytes) 
0 I 21.42 41.97 5262
1 P 22.65 41.57 204
2 P 23.66 41.40 303
3 P 23.82 41.26 472
4 P 23.22 41.19 735
5 P 23.35 40.98 771
6 P 23.25 41.02 1018
7 P 23.68 41.10 1255
8 P 22.42 41.05 1425
9 P 23.08 40.97 1519
10 P 22.72 41.10 1724
11 P 22.89 41.32 1851
12 P 23.23 40.80 1571
13 P 19.67 42.65 3004
14 P 17.24 44.45 4001
15 P 15.71 45.45 4786
16 P 14.51 45.81 6092
17 P 13.86 45.98 7759
18 P 13.09 46.35 9174
19 P 12.98 46.62 8972
20 P 12.62 47.18 9050
21 P 12.55 47.50 8733
22 P 12.17 48.04 8288
23 P 12.25 48.14 7536
24 P 12.08 48.21 8097
25 P 12.06 48.41 7921
26 P 12.25 48.12 7438
27 P 12.71 47.62 7234
28 P 13.10 47.02 7442
29 P 13.66 46.45 7463
30 P 14.40 46.05 6009
31 P 14.81 45.81 5841
32 P 15.50 45.67 5288
33 P 15.86 45.57 4773
34 P 15.79 45.70 4240
35 P 15.97 45.96 3533
36 P 15.95 45.93 3079
37 P 15.90 45.87 2935
38 P 16.31 45.55 3065
39 P 16.37 45.16 3142
40 P 16.80 44.95 3074
41 P 17.45 44.55 2928
42 P 17.12 44.38 2893
43 P 17.72 44.20 2726
44 P 17.88 44.28 2432
45 P 17.97 44.31 2468
46 P 17.60 44.30 2442
47 P 18.09 44.30 2287
48 P 17.63 44.32 2417
49 P 17.14 44.49 2572
50 P 17.14 44.52 2815
51 P 17.17 44.49 3159
52 P 17.09 44.40 3336
53 P 17.38 44.52 3480
54 P 17.14 44.54 3108
55 P 16.42 44.63 2564
56 P 16.47 44.85 2332
57 P 16.60 44.91 2450
58 P 16.74 44.95 2353
59 P 16.42 45.16 2463
60 P 16.10 45.24 2519
61 P 16.44 45.39 2675
62 P 16.18 45.38 2724
63 P 15.89 45.28 2821
64 P 15.77 45.26 2809
65 P 15.80 45.32 2680
66 P 15.87 45.33 2454
67 P 16.36 45.38 2327
68 P 16.15 45.48 2856
69 P 15.54 45.45 3208
70 P 15.47 45.45 3613
71 P 15.70 45.45 4257
72 P 16.30 45.49 4023
73 P 15.35 45.60 4087
74 P 15.17 45.63 3947
75 P 15.13 45.85 3547
76 P 15.23 45.89 3357
77 P 15.13 45.96 2888
78 P 15.02 46.11 3135
79 P 14.69 46.16 3419
80 P 14.83 46.22 3110
81 P 14.15 46.43 3030
82 P 14.30 46.33 2342
83 P 14.48 46.32 2706
84 P 14.66 46.36 3165
85 P 14.85 46.23 3164
86 P 15.02 46.20 3113
87 P 14.87 46.22 3511
88 P 14.60 46.23 3708
89 P 14.53 46.22 3846
90 P 14.24 46.21 3654
91 P 14.30 46.17 3708
92 P 14.56 46.28 3790
93 P 14.20 46.30 3676
94 P 14.06 46.50 3740
95 P 14.20 46.56 3462
96 P 14.20 46.61 3288
97 P 13.86 46.62 3273
98 P 14.10 46.67 3432
99 P 14.22 46.81 3105
100 P 13.63 46.72 3268
101 P 13.93 46.75 3343
102 P 13.71 46.75 3158
103 P 13.55 46.79 3090
104 P 13.62 46.86 3482
105 P 13.38 46.81 3068
106 P 13.47 46.90 3211
107 P 13.45 46.92 2314
108 P 13.67 46.93 1988
109 P 13.31 46.98 2610
110 P 13.48 47.03 2440
111 P 13.21 47.08 2590
112 P 13.65 47.06 2699
113 P 13.52 46.99 2751
114 P 13.32 47.12 3029
115 P 13.41 47.12 2366
116 P 13.20 47.21 2013
117 P 13.29 47.12 2329
118 P 13.09 47.17 2574
119 P 12.99 47.16 3007
120 P 12.84 47.19 3022
121 P 12.80 47.18 3101
122 P 12.79 47.35 3746
123 P 12.99 47.27 3417
124 P 12.69 47.27 3380
125 P 12.66 47.41 3472
126 P 12.52 47.37 2973
127 P 12.54 47.44 2817
128 P 12.50 47.46 3085
129 P 12.35 47.60 2981
130 P 12.59 47.65 2826
131 P 12.21 47.75 3163
132 P 12.17 47.71 3121
133 P 12.02 47.75 2649
134 P 12.27 47.83 2792
135 P 12.18 47.78 3267
136 P 12.07 47.80 3312
137 P 12.01 47.76 3206
138 P 12.02 47.84 3263
139 P 11.85 47.82 2939
140 P 11.66 47.86 1836
141 P 11.63 48.04 2221
142 P 11.70 48.01 2671
143 P 11.65 48.08 2950
144 P 11.65 48.09 2848
145 P 11.62 48.17 2562
146 P 11.62 48.24 2518
147 P 11.40 48.25 2458
148 P 11.48 48.29 2401
149 P 11.49 48.24 2732
150 P 11.72 48.24 3293
151 P 11.65 48.20 3459
152 P 11.59 48.21 3927
153 P 11.34 48.24 4164
154 P 11.27 48.44 4019
155 P 11.27 48.43 3375
156 P 11.26 48.56 3039
157 P 11.14 48.57 2996
158 P 11.04 48.57 3216
159 P 11.22 48.56 2701
160 P 10.72 48.71 2810
161 P 10.69 48.70 3158
162 P 10.93 48.75 2416
163 P 10.79 48.76 2397
164 P 10.69 48.86 2693
165 P 10.91 48.77 2462
166 P 10.77 48.77 2620
167 P 10.86 48.77 3104
168 P 10.88 48.73 3068
169 P 10.91 48.71 2971
170 P 10.84 48.85 2614
171 P 10.18 48.94 2767
172 P 10.60 49.03 3085
173 P 10.65 48.98 3313
174 P 10.69 49.01 3415
175 P 10.52 48.94 3452
176 P 10.55 48.92 4010
177 P 10.36 48.99 3793
178 P 10.44 49.03 2951
179 P 10.50 49.13 2787
180 P 10.43 49.16 3192
181 P 10.30 49.14 3212
182 P 10.15 49.24 3460
183 P 10.12 49.27 3567
184 P 10.18 49.30 2993
185 P 10.07 49.39 2777
186 P 9.80 49.55 2640
187 P 10.01 49.61 2722
188 P 10.00 49.68 2599
189 P 10.12 49.41 3307
190 P 10.14 49.34 4409
191 P 10.15 49.37 4820
192 P 10.06 49.39 4748
193 P 10.13 49.32 3958
194 P 9.93 49.38 4029
195 P 10.08 49.41 3698
196 P 9.81 49.50 3421
197 P 9.64 49.50 3528
198 P 9.89 49.55 3819
199 P 9.74 49.52 3834
200 P 9.74 49.54 4419
201 P 9.74 49.56 4320
202 P 9.79 49.56 4604
203 P 9.78 49.59 5089
204 P 9.96 49.46 4816
205 P 9.83 49.51 5600
206 P 9.88 49.50 5409
207 P 9.87 49.48 5573
208 P 9.75 49.55 5757
209 P 9.81 49.53 5295
210 P 9.98 49.56 4951
211 P 9.81 49.55 4990
212 P 9.81 49.57 5229
213 P 9.91 49.39 5151
214 P 9.72 49.55 5719
215 P 9.80 49.52 5157
216 P 9.88 49.49 4858
217 P 9.94 49.49 4229
218 P 9.68 49.57 3332
219 P 9.75 49.53 3294
220 P 10.06 49.54 4066
221 P 10.07 49.49 4232
222 P 10.15 49.50 4358
223 P 10.12 49.36 4766
224 P 10.06 49.38 4801
225 P 10.21 49.31 5106
226 P 10.14 49.27 4827
227 P 10.17 49.25 4940
228 P 10.29 49.16 4643
229 P 10.10 49.25 4712
230 P 10.10 49.20 4346
231 P 10.27 49.24 4312
232 P 10.11 49.29 4534
233 P 10.11 49.29 4015
234 P 10.18 49.35 3673
235 P 10.30 49.32 3174
236 P 10.00 49.40 3002
237 P 9.99 49.45 3340
238 P 10.13 49.27 3475
239 P 10.22 49.26 3726
240 P 10.24 49.26 3639
241 P 10.07 49.27 2890
242 P 9.81 49.31 2989
243 P 10.02 49.36 2890
244 P 9.75 49.45 2338
245 P 9.87 49.38 2694
246 P 9.95 49.41 2830
247 P 9.93 49.43 2512
248 P 9.98 49.53 2645
249 P 9.96 49.55 2599
250 P 9.61 49.57 2243
251 P 9.64 49.58 2246
252 P 9.89 49.78 2665
253 P 9.54 49.71 2800
254 P 9.63 49.71 2592
255 P 9.78 49.66 2529
256 P 9.82 49.67 2992
257 P 9.93 49.72 2757
258 P 10.14 49.68 3176
259 P 9.93 49.57 3179
260 P 9.92 49.57 3227
261 P 9.76 49.60 3459
262 P 9.91 49.66 3457
263 P 9.66 49.70 3513
264 P 9.57 49.73 3639
265 P 9.60 49.85 2843
266 P 9.58 49.82 3436
267 P 9.55 49.79 3617
268 P 9.54 49.82 3969
269 P 9.79 49.77 4112
270 P 9.58 49.73 4434
271 P 9.46 49.71 4296
272 P 9.45 49.69 4123
273 P 9.48 49.67 4233
274 P 9.59 49.75 4628
275 P 9.49 49.75 4764
276 P 9.57 49.71 4599
277 P 9.42 49.75 4790
278 P 9.54 49.72 5213
279 P 9.55 49.63 5616
280 P 9.35 49.74 6499
281 P 9.33 49.63 6594
282 P 9.55 49.56 6654
283 P 9.62 49.42 6773
284 P 9.63 49.45 7064
285 P 9.62 49.40 7073
286 P 9.63 49.47 7222
287 P 9.58 49.48 7117
288 P 9.62 49.49 7517
289 P 9.62 49.49 7783
290 P 9.60 49.56 8027
291 P 9.81 49.44 7497
292 P 9.83 49.33 7407
293 P 9.84 49.31 7395
294 P 9.88 49.29 7354
295 P 10.04 49.28 7184
296 P 10.13 49.09 7284
297 P 10.26 49.07 7207
298 P 10.30 48.97 6764
299 P 10.43 48.93 6813
300 P 10.40 48.89 6743
301 P 10.43 48.92 6679
302 P 10.60 48.71 6175
303 P 10.65 48.71 6278
304 P 10.82 48.67 6031
305 P 10.82 48.64 5984
306 P 10.80 48.66 5812
307 P 10.95 48.58 5736
308 P 10.95 48.51 6000
309 P 10.92 48.54 5991
310 P 11.08 48.51 5806
311 P 11.13 48.38 5767
312 P 11.23 48.28 5976
313 P 11.35 48.21 5683
314 P 11.41 48.28 6282
315 P 11.40 48.28 5991
316 P 11.52 48.20 5922
317 P 11.62 48.23 5728
318 P 11.41 48.16 5346
319 P 11.52 48.15 5339
320 P 11.66 48.16 5254
321 P 11.70 48.11 5040
322 P 11.55 48.08 5033
323 P 11.68 48.11 4804
324 P 11.73 48.09 4582
325 P 11.90 48.07 4596
326 P 11.91 48.03 4425
327 P 11.87 48.05 4127
328 P 11.88 48.06 3872
329 P 11.72 48.11 3663
330 P 11.90 48.03 3110
331 P 11.96 47.99 3083
332 P 11.99 48.06 3739
333 P 11.93 47.95 4018
334 P 11.81 47.91 4289
335 P 11.91 47.91 4139
336 P 12.11 47.88 4316
337 P 11.82 47.88 4382
338 P 12.13 47.81 4502
339 P 11.90 47.80 4526
340 P 12.05 47.80 4392
341 P 11.93 47.84 4178
342 P 11.93 47.93 4511
343 P 12.01 47.97 4416
344 P 11.89 47.94 4123
345 P 11.81 47.96 4031
346 P 11.75 48.05 3813
347 P 12.05 48.06 4312
348 P 11.85 48.00 4203
349 P 12.07 48.05 3877
350 P 11.78 48.12 4173
351 P 11.61 48.07 2638
352 P 11.92 48.03 2522
353 P 12.10 48.02 3246
354 P 13.53 47.04 2315
