% Nframe | type | QP | PSNR | size (Bytes) 
0 I 16.03 45.81 9209
1 P 16.25 45.16 814
2 P 16.16 44.99 1224
3 P 16.58 44.90 1556
4 P 16.41 44.88 1919
5 P 16.39 44.83 2511
6 P 17.17 44.81 2339
7 P 16.58 44.75 2926
8 P 16.02 44.72 3326
9 P 16.17 44.70 3377
10 P 16.23 44.86 3530
11 P 16.27 44.89 3685
12 P 17.48 44.49 3313
13 P 14.17 46.23 5614
14 P 11.98 47.86 7612
15 P 10.79 48.68 9082
16 P 9.92 49.05 11785
17 P 9.53 49.30 14031
18 P 9.00 49.66 15618
19 P 8.84 49.85 15546
20 P 8.64 50.25 15600
21 P 8.50 50.66 14901
22 P 8.21 50.94 13997
23 P 8.06 51.02 13299
24 P 7.90 51.19 13695
25 P 7.93 51.33 13871
26 P 7.99 51.14 13427
27 P 8.20 50.78 13381
28 P 8.69 50.23 13568
29 P 9.12 49.69 13487
30 P 9.62 49.31 11659
31 P 9.93 48.97 10931
32 P 10.29 48.94 10092
33 P 10.62 48.86 9134
34 P 10.79 48.81 8210
35 P 10.94 48.99 7017
36 P 10.93 48.92 6322
37 P 11.24 48.71 6024
38 P 11.43 48.56 6191
39 P 11.64 48.36 6408
40 P 11.79 48.06 6146
41 P 12.08 47.76 6051
42 P 12.00 47.63 6017
43 P 12.18 47.51 5818
44 P 12.30 47.53 5452
45 P 12.32 47.52 5095
46 P 12.25 47.59 5345
47 P 12.17 47.54 5297
48 P 12.05 47.71 5504
49 P 12.09 47.70 5318
50 P 12.16 47.67 5853
51 P 11.98 47.63 6494
52 P 11.82 47.73 6724
53 P 11.93 47.77 6770
54 P 11.64 47.80 6295
55 P 11.57 47.86 5441
56 P 11.54 47.88 4893
57 P 11.45 48.09 5499
58 P 11.43 48.20 5411
59 P 11.40 48.24 5367
60 P 11.33 48.29 5649
61 P 11.29 48.36 5747
62 P 11.21 48.34 5818
63 P 11.26 48.38 6017
64 P 11.09 48.37 6212
65 P 10.98 48.50 5846
66 P 10.93 48.52 5734
67 P 10.96 48.52 5407
68 P 10.88 48.55 6279
69 P 10.75 48.46 6595
70 P 10.81 48.43 7339
71 P 10.51 48.33 7915
72 P 10.62 48.45 7601
73 P 10.59 48.57 7811
74 P 10.55 48.58 7624
75 P 10.44 48.83 6928
76 P 10.34 48.84 6755
77 P 10.44 48.91 6314
78 P 10.40 48.95 6588
79 P 10.17 49.11 7196
80 P 10.18 49.16 6853
81 P 10.04 49.25 6533
82 P 10.20 49.19 5511
83 P 10.19 49.18 6011
84 P 10.10 49.17 6993
85 P 10.15 49.06 6726
86 P 10.28 48.98 6741
87 P 10.17 49.09 7204
88 P 10.15 49.07 7186
89 P 10.05 49.19 7499
90 P 9.96 49.15 7506
91 P 10.08 49.11 7403
92 P 10.04 49.15 7487
93 P 10.02 49.19 7313
94 P 10.01 49.24 7202
95 P 9.91 49.22 7017
96 P 9.88 49.28 6853
97 P 9.93 49.33 6769
98 P 9.81 49.45 7066
99 P 9.79 49.51 7014
100 P 9.77 49.54 6806
101 P 9.76 49.48 6724
102 P 9.78 49.38 6538
103 P 9.85 49.41 6547
104 P 9.89 49.38 6811
105 P 9.92 49.46 6292
106 P 9.73 49.54 6467
107 P 9.68 49.63 5550
108 P 9.71 49.61 5177
109 P 9.67 49.57 5695
110 P 9.84 49.50 5319
111 P 9.83 49.42 5478
112 P 9.65 49.55 5765
113 P 9.65 49.59 6219
114 P 9.68 49.62 6114
115 P 9.53 49.70 5380
116 P 9.73 49.68 4797
117 P 9.61 49.73 5301
118 P 9.55 49.73 5899
119 P 9.62 49.73 6262
120 P 9.55 49.71 6209
121 P 9.55 49.72 6441
122 P 9.45 49.73 7082
123 P 9.37 49.73 7072
124 P 9.47 49.77 6738
125 P 9.36 49.82 6819
126 P 9.22 49.85 6446
127 P 9.36 49.95 6160
128 P 9.22 49.90 6204
129 P 9.10 49.99 6228
130 P 9.06 50.08 6249
131 P 9.02 50.14 6692
132 P 8.89 50.19 6467
133 P 9.01 50.27 5819
134 P 9.02 50.21 5712
135 P 9.07 50.14 6627
136 P 9.07 50.17 6647
137 P 8.97 50.17 6722
138 P 8.91 50.21 6565
139 P 8.87 50.18 6207
140 P 8.77 50.31 5024
141 P 8.79 50.31 5198
142 P 8.95 50.31 6016
143 P 8.89 50.28 6020
144 P 8.78 50.30 5870
145 P 8.75 50.42 5674
146 P 8.65 50.45 5630
147 P 8.54 50.50 5665
148 P 8.75 50.47 5385
149 P 8.73 50.48 5973
150 P 8.81 50.46 6432
151 P 8.77 50.40 6799
152 P 8.60 50.36 7390
153 P 8.62 50.41 7665
154 P 8.60 50.42 7080
155 P 8.55 50.47 6546
156 P 8.68 50.51 6069
157 P 8.47 50.64 6588
158 P 8.41 50.60 6242
159 P 8.28 50.69 5888
160 P 8.25 50.80 6016
161 P 8.39 50.76 6391
162 P 8.20 50.75 5582
163 P 8.24 50.90 5602
164 P 8.34 50.92 5738
165 P 8.21 50.83 5470
166 P 8.20 50.90 5879
167 P 8.23 50.91 6212
168 P 8.20 50.94 6484
169 P 8.19 50.89 6128
170 P 8.15 51.01 5653
171 P 8.03 51.03 5963
172 P 8.15 51.08 6485
173 P 8.12 51.05 6705
174 P 8.04 50.96 6777
175 P 8.20 51.08 6906
176 P 7.99 50.99 7475
177 P 7.95 51.08 7041
178 P 7.90 51.03 5910
179 P 7.98 51.11 5995
180 P 7.90 51.08 6101
181 P 7.85 51.03 6580
182 P 7.89 51.10 6566
183 P 7.83 51.12 6664
184 P 7.81 51.14 6033
185 P 7.69 51.26 5748
186 P 7.95 51.31 5325
187 P 7.65 51.32 5859
188 P 7.57 51.36 5247
189 P 7.69 51.23 6680
190 P 7.80 51.20 7678
191 P 7.70 51.16 8086
192 P 7.75 51.16 8208
193 P 7.72 51.18 7556
194 P 7.82 51.16 7065
195 P 7.52 51.21 6933
196 P 7.63 51.21 6515
197 P 7.78 51.32 6496
198 P 7.66 51.36 7137
199 P 7.60 51.38 7346
200 P 7.48 51.35 7896
201 P 7.52 51.42 7631
202 P 7.55 51.30 8094
203 P 7.54 51.30 8586
204 P 7.64 51.33 8353
205 P 7.61 51.27 8696
206 P 7.65 51.22 9188
207 P 7.64 51.21 9267
208 P 7.51 51.18 9107
209 P 7.65 51.28 8671
210 P 7.59 51.30 8372
211 P 7.48 51.30 8451
212 P 7.55 51.31 8579
213 P 7.56 51.23 8617
214 P 7.61 51.36 9011
215 P 7.55 51.27 8403
216 P 7.49 51.33 8412
217 P 7.50 51.29 7725
218 P 7.42 51.32 6324
219 P 7.49 51.38 6554
220 P 7.72 51.31 7604
221 P 7.69 51.31 7807
222 P 7.75 51.27 7976
223 P 7.65 51.22 8481
224 P 7.67 51.23 8523
225 P 7.72 51.16 8870
226 P 7.61 51.18 9076
227 P 7.71 51.17 8765
228 P 7.75 51.20 8576
229 P 7.57 51.25 8368
230 P 7.75 51.26 8024
231 P 7.78 51.17 7897
232 P 7.77 51.19 8138
233 P 7.63 51.27 7677
234 P 7.75 51.23 6996
235 P 7.63 51.28 6561
236 P 7.62 51.32 6031
237 P 7.74 51.30 6526
238 P 7.79 51.27 6921
239 P 7.72 51.11 7285
240 P 7.70 51.16 7038
241 P 7.79 51.21 6270
242 P 7.77 51.26 6399
243 P 7.73 51.32 6311
244 P 7.69 51.38 5528
245 P 7.64 51.40 5991
246 P 7.65 51.32 5866
247 P 7.74 51.40 5870
248 P 7.74 51.40 5773
249 P 7.69 51.45 5976
250 P 7.66 51.46 5495
251 P 7.55 51.45 5447
252 P 7.58 51.54 5746
253 P 7.52 51.52 6021
254 P 7.63 51.50 5629
255 P 7.61 51.48 5615
256 P 7.49 51.51 6401
257 P 7.63 51.50 6049
258 P 7.59 51.43 6429
259 P 7.50 51.51 6535
260 P 7.56 51.46 6524
261 P 7.51 51.44 6385
262 P 7.49 51.50 6721
263 P 7.45 51.54 6728
264 P 7.42 51.49 6687
265 P 7.34 51.64 5971
266 P 7.32 51.57 6523
267 P 7.27 51.63 6810
268 P 7.34 51.60 7020
269 P 7.32 51.58 7488
270 P 7.35 51.53 7619
271 P 7.15 51.52 7370
272 P 7.30 51.54 7310
273 P 7.32 51.48 7442
274 P 7.41 51.56 7867
275 P 7.36 51.53 8052
276 P 7.41 51.48 8051
277 P 7.34 51.50 8108
278 P 7.35 51.55 8712
279 P 7.40 51.47 9089
280 P 7.35 51.43 9751
281 P 7.26 51.35 10215
282 P 7.39 51.33 10397
283 P 7.35 51.37 10810
284 P 7.34 51.38 10772
285 P 7.46 51.21 10585
286 P 7.49 51.18 11009
287 P 7.54 51.25 10876
288 P 7.42 51.27 11167
289 P 7.39 51.24 11519
290 P 7.44 51.23 11420
291 P 7.41 51.25 11565
292 P 7.45 51.23 11324
293 P 7.47 51.28 11294
294 P 7.65 51.07 11028
295 P 7.60 51.06 11226
296 P 7.69 51.05 11439
297 P 7.71 51.00 11150
298 P 7.74 51.01 11395
299 P 7.75 51.02 11303
300 P 7.80 50.92 10861
301 P 7.90 50.90 10711
302 P 7.97 50.84 10427
303 P 8.07 50.87 10521
304 P 7.94 50.88 10726
305 P 8.09 50.81 10385
306 P 8.12 50.75 9894
307 P 8.23 50.77 10116
308 P 8.13 50.68 10496
309 P 8.18 50.72 10331
310 P 8.28 50.65 10306
311 P 8.40 50.53 9974
312 P 8.53 50.46 10210
313 P 8.51 50.47 10201
314 P 8.52 50.50 10476
315 P 8.58 50.44 10364
316 P 8.56 50.47 10248
317 P 8.60 50.44 9701
318 P 8.55 50.43 9624
319 P 8.60 50.48 9817
320 P 8.59 50.41 9357
321 P 8.70 50.41 9143
322 P 8.70 50.41 8926
323 P 8.58 50.38 8853
324 P 8.68 50.41 8803
325 P 8.70 50.38 8581
326 P 8.84 50.30 8434
327 P 8.70 50.35 7984
328 P 8.93 50.35 7550
329 P 8.67 50.40 7462
330 P 8.77 50.46 6918
331 P 8.82 50.41 6792
332 P 8.76 50.36 7324
333 P 8.88 50.33 7731
334 P 8.86 50.19 8135
335 P 8.83 50.20 8010
336 P 8.82 50.09 8196
337 P 8.91 50.15 8136
338 P 8.97 50.14 8409
339 P 8.88 50.16 8235
340 P 8.92 50.13 8065
341 P 8.92 50.13 8213
342 P 8.82 50.17 8298
343 P 8.80 50.23 7920
344 P 8.77 50.33 7636
345 P 8.80 50.24 7412
346 P 8.80 50.36 7754
347 P 8.88 50.31 7866
348 P 9.00 50.29 7993
349 P 8.91 50.24 7829
350 P 8.77 50.35 7954
351 P 8.87 50.35 6094
352 P 8.94 50.35 5693
353 P 8.85 50.34 6757
354 P 10.25 49.23 4984
