% Nframe | type | QP | PSNR | size (Bytes) 
0 I 35.07 35.00 6323
1 P 36.65 34.85 48
2 P 38.15 34.58 107
3 P 39.08 34.30 171
4 P 39.43 34.30 337
5 P 36.96 34.48 468
6 P 37.55 34.80 611
7 P 37.73 34.93 711
8 P 37.98 35.03 899
9 P 38.12 35.13 1028
10 P 37.82 35.39 1256
11 P 37.40 35.68 1294
12 P 42.40 33.75 643
13 P 40.68 33.98 1083
14 P 38.10 35.53 1914
15 P 34.71 36.21 2279
16 P 32.75 36.59 3149
17 P 31.93 36.27 4032
18 P 32.97 36.23 4243
19 P 32.45 37.61 4224
20 P 31.48 38.62 4245
21 P 30.94 39.38 4300
22 P 30.94 39.84 3776
23 P 31.02 40.32 3739
24 P 30.39 40.66 3759
25 P 30.57 40.95 3742
26 P 31.08 40.47 3689
27 P 31.36 39.69 4022
28 P 32.59 38.48 3652
29 P 33.66 36.44 3243
30 P 34.83 36.36 1976
31 P 34.29 36.95 2298
32 P 34.18 37.19 2442
33 P 34.02 37.32 2163
34 P 34.05 37.54 1970
35 P 34.25 37.41 1541
36 P 33.81 37.44 1327
37 P 34.82 37.43 1297
38 P 34.72 37.20 1388
39 P 36.26 36.65 1389
40 P 35.44 35.90 1257
41 P 37.64 35.34 1112
42 P 36.80 35.00 956
43 P 37.60 34.84 978
44 P 37.13 34.96 903
45 P 36.95 35.27 1009
46 P 36.09 35.11 1026
47 P 36.29 35.32 1082
48 P 36.35 35.42 1005
49 P 36.18 35.45 1146
50 P 35.83 35.36 1240
51 P 36.25 35.25 1383
52 P 36.43 35.17 1459
53 P 36.30 35.22 1454
54 P 35.56 35.38 1339
55 P 35.85 35.54 1121
56 P 35.09 35.65 853
57 P 34.74 35.70 941
58 P 35.19 35.63 922
59 P 34.73 35.65 889
60 P 34.88 35.69 1004
61 P 34.85 35.87 1088
62 P 34.13 35.93 1089
63 P 34.46 35.85 1090
64 P 34.48 35.67 1010
65 P 34.36 35.47 1001
66 P 34.41 35.42 779
67 P 34.70 35.63 858
68 P 34.57 35.82 977
69 P 34.43 35.85 1078
70 P 33.94 35.98 1138
71 P 34.00 35.99 1596
72 P 34.33 35.92 1658
73 P 33.77 35.85 1648
74 P 33.47 35.80 1574
75 P 33.01 35.88 1332
76 P 33.19 36.06 1310
77 P 33.07 36.22 1182
78 P 32.58 36.39 1302
79 P 32.81 36.35 1222
80 P 32.58 36.17 1223
81 P 32.49 36.12 925
82 P 32.55 36.24 859
83 P 33.15 36.38 753
84 P 32.70 36.46 825
85 P 32.90 36.48 888
86 P 32.71 36.63 1080
87 P 32.78 36.76 1276
88 P 32.83 36.82 1331
89 P 32.82 36.75 1345
90 P 32.58 36.62 1440
91 P 31.86 36.50 1721
92 P 32.20 36.38 1410
93 P 31.43 36.37 1465
94 P 31.20 36.43 1540
95 P 31.54 36.60 1521
96 P 30.51 36.68 1401
97 P 31.09 36.90 1378
98 P 31.04 37.04 1146
99 P 30.57 37.16 1153
100 P 31.52 37.22 1177
101 P 30.90 37.19 1062
102 P 30.74 37.21 1118
103 P 31.03 37.20 985
104 P 30.84 37.18 1060
105 P 29.89 37.10 982
106 P 30.69 37.08 1135
107 P 30.86 37.05 761
108 P 30.98 37.14 752
109 P 30.31 37.19 821
110 P 30.35 37.23 891
111 P 30.54 37.30 806
112 P 30.00 37.36 710
113 P 30.61 37.41 829
114 P 29.91 37.34 939
115 P 30.04 37.33 809
116 P 30.55 37.39 730
117 P 29.93 37.54 947
118 P 29.46 37.59 827
119 P 29.48 37.65 863
120 P 29.55 37.76 1013
121 P 28.68 37.84 988
122 P 29.18 37.93 1223
123 P 29.17 37.90 1197
124 P 29.18 37.92 1412
125 P 28.88 37.99 1446
126 P 29.18 37.99 1311
127 P 28.81 38.10 1438
128 P 28.03 38.14 1152
129 P 28.49 38.17 1283
130 P 28.04 38.26 1274
131 P 27.75 38.28 1275
132 P 27.84 38.32 1358
133 P 28.11 38.31 945
134 P 28.09 38.41 1145
135 P 27.55 38.49 1141
136 P 28.32 38.59 986
137 P 27.85 38.67 1003
138 P 28.27 38.73 971
139 P 27.76 38.72 998
140 P 27.61 38.76 651
141 P 27.56 38.82 653
142 P 28.04 38.85 838
143 P 28.36 38.84 847
144 P 27.67 38.84 1121
145 P 27.07 38.90 889
146 P 27.55 38.96 985
147 P 27.78 39.00 872
148 P 26.88 39.01 904
149 P 27.39 39.05 928
150 P 27.19 39.10 1189
151 P 27.14 39.19 1118
152 P 27.14 39.28 1340
153 P 26.93 39.29 1249
154 P 26.74 39.23 1389
155 P 26.99 39.31 1541
156 P 27.02 39.38 1190
157 P 26.74 39.40 1296
158 P 26.50 39.43 1490
159 P 26.35 39.50 1191
160 P 26.78 39.67 1444
161 P 26.58 39.66 1504
162 P 26.04 39.76 1106
163 P 25.75 39.77 1208
164 P 25.48 39.82 1303
165 P 26.46 39.83 1233
166 P 26.12 39.82 1198
167 P 26.36 39.84 1171
168 P 25.69 39.87 1402
169 P 26.01 39.92 1298
170 P 25.83 39.97 981
171 P 25.54 40.03 956
172 P 25.00 40.03 1101
173 P 25.40 40.06 1184
174 P 25.77 40.07 1200
175 P 24.79 40.12 1493
176 P 25.27 40.11 1810
177 P 25.12 40.18 1917
178 P 24.51 40.29 1455
179 P 24.52 40.31 1149
180 P 24.82 40.35 1474
181 P 24.49 40.33 1566
182 P 24.56 40.38 1507
183 P 23.93 40.45 1708
184 P 23.64 40.55 1482
185 P 23.90 40.62 1014
186 P 23.77 40.67 1042
187 P 23.35 40.72 1187
188 P 23.46 40.78 1132
189 P 23.67 40.67 1243
190 P 24.18 40.66 1629
191 P 24.25 40.65 2171
192 P 24.33 40.63 2501
193 P 23.82 40.65 2643
194 P 23.79 40.69 2459
195 P 23.65 40.74 2119
196 P 23.30 40.74 1753
197 P 23.17 40.82 1470
198 P 23.21 40.87 1818
199 P 23.27 40.84 1815
200 P 23.08 40.87 2529
201 P 23.28 40.92 1900
202 P 23.13 40.99 2040
203 P 23.23 41.01 1982
204 P 23.11 41.03 2107
205 P 22.94 41.10 1887
206 P 23.15 41.06 1795
207 P 23.60 41.08 2192
208 P 23.11 40.99 2084
209 P 23.43 40.95 2517
210 P 23.48 40.96 2308
211 P 23.20 40.99 2268
212 P 23.44 41.01 2314
213 P 23.18 40.93 2620
214 P 23.32 41.01 3035
215 P 23.30 41.01 2593
216 P 23.30 41.01 2151
217 P 23.39 41.06 2400
218 P 23.05 41.14 1652
219 P 23.12 41.16 1467
220 P 23.05 41.13 1896
221 P 23.33 41.11 1861
222 P 23.44 41.05 1864
223 P 23.48 41.04 2078
224 P 23.57 41.08 2042
225 P 23.40 41.09 2084
226 P 23.45 41.06 1968
227 P 24.00 41.00 1703
228 P 23.84 40.97 2289
229 P 23.63 40.93 2220
230 P 23.19 40.87 2200
231 P 23.62 40.98 2358
232 P 23.74 41.03 2145
233 P 22.94 41.05 1817
234 P 23.30 41.05 1634
235 P 23.45 41.09 1378
236 P 23.27 41.11 1312
237 P 23.22 41.13 1825
238 P 23.11 41.05 1901
239 P 23.41 41.02 2305
240 P 24.00 41.02 2016
241 P 23.32 41.07 1429
242 P 23.17 41.10 1460
243 P 23.02 41.09 1471
244 P 22.86 41.15 886
245 P 23.32 41.17 1007
246 P 23.00 41.19 1005
247 P 22.66 41.21 970
248 P 22.83 41.25 1338
249 P 22.79 41.26 1063
250 P 22.31 41.26 760
251 P 22.23 41.26 771
252 P 22.58 41.29 878
253 P 22.20 41.25 1034
254 P 22.59 41.26 917
255 P 22.53 41.30 932
256 P 22.72 41.31 1235
257 P 23.15 41.35 1118
258 P 22.86 41.33 1494
259 P 22.68 41.34 1360
260 P 22.82 41.33 1443
261 P 23.03 41.35 1463
262 P 22.82 41.34 1391
263 P 22.43 41.42 1516
264 P 22.43 41.46 1497
265 P 21.70 41.53 1208
266 P 22.26 41.49 1295
267 P 21.84 41.50 1874
268 P 21.95 41.55 1897
269 P 21.82 41.57 2061
270 P 21.58 41.54 2480
271 P 21.54 41.60 2350
272 P 21.53 41.64 2443
273 P 21.34 41.65 2440
274 P 21.59 41.64 2585
275 P 21.50 41.64 2526
276 P 21.80 41.67 2887
277 P 21.70 41.71 2513
278 P 21.51 41.73 3091
279 P 21.53 41.72 3191
280 P 21.39 41.77 3923
281 P 21.33 41.78 4186
282 P 21.32 41.81 4474
283 P 21.31 41.79 4758
284 P 21.43 41.74 4764
285 P 21.37 41.67 4854
286 P 21.51 41.76 4969
287 P 21.45 41.83 4961
288 P 21.62 41.91 5429
289 P 21.67 41.91 6129
290 P 21.78 41.89 5983
291 P 21.45 41.86 5526
292 P 21.53 41.79 5555
293 P 22.19 41.78 5283
294 P 22.05 41.66 5397
295 P 22.51 41.54 5229
296 P 22.76 41.53 5243
297 P 22.93 41.39 5203
298 P 22.98 41.30 5502
299 P 23.29 41.15 5220
300 P 23.53 41.02 4796
301 P 24.42 40.96 4791
302 P 24.07 40.77 4449
303 P 24.68 40.71 4209
304 P 24.76 40.64 4321
305 P 25.45 40.55 4197
306 P 25.13 40.42 4094
307 P 25.50 40.45 3716
308 P 25.66 40.53 3311
309 P 25.47 40.56 2694
310 P 25.68 40.51 2326
311 P 25.89 40.51 2525
312 P 26.11 40.46 2623
313 P 26.33 40.34 2697
314 P 26.51 40.33 2996
315 P 26.46 40.18 3130
316 P 26.63 40.11 3079
317 P 26.73 39.91 2654
318 P 26.78 39.87 2373
319 P 26.83 39.84 1959
320 P 26.85 39.80 1995
321 P 27.09 39.74 2213
322 P 27.02 39.70 1960
323 P 27.53 39.70 1699
324 P 27.40 39.70 1996
325 P 26.91 39.70 1777
326 P 27.44 39.65 1634
327 P 27.41 39.62 1678
328 P 27.38 39.59 1639
329 P 27.34 39.55 1584
330 P 27.54 39.55 1252
331 P 27.46 39.54 1342
332 P 27.55 39.64 1454
333 P 27.28 39.67 1592
334 P 27.67 39.67 1463
335 P 27.35 39.72 1729
336 P 27.37 39.70 1743
337 P 27.34 39.70 1703
338 P 26.89 39.70 1834
339 P 26.69 39.71 1787
340 P 27.00 39.71 1770
341 P 27.03 39.70 1714
342 P 27.12 39.70 1881
343 P 27.15 39.67 1855
344 P 27.35 39.67 1856
345 P 27.06 39.74 1856
346 P 26.97 39.77 1741
347 P 26.91 39.71 2130
348 P 27.05 39.78 2147
349 P 26.89 39.79 2076
350 P 27.18 39.79 2000
351 P 27.05 39.77 1349
352 P 27.27 39.80 1094
353 P 27.02 39.84 1443
354 P 28.87 39.39 638
