% Nframe | type | QP | PSNR | size (Bytes) 
0 I 46.26 30.70 8438
1 P 49.62 30.68 25
2 P 50.56 30.59 31
3 P 50.86 30.44 90
4 P 50.32 30.08 177
5 P 49.93 29.66 576
6 P 48.37 29.26 1045
7 P 49.41 28.71 1394
8 P 48.45 28.23 1763
9 P 49.16 27.92 2037
10 P 48.96 28.00 2216
11 P 48.66 28.37 2272
12 P 51.00 26.75 1120
13 P 51.00 26.36 1382
14 P 51.00 25.79 1691
15 P 51.00 25.65 1862
16 P 50.97 25.58 2128
17 P 50.92 25.43 2270
18 P 50.93 25.37 1669
19 P 50.99 25.70 2158
20 P 50.85 25.98 2175
21 P 50.99 25.88 2198
22 P 51.00 25.56 2196
23 P 51.00 25.59 2669
24 P 50.99 25.42 2173
25 P 51.00 24.99 2298
26 P 51.00 24.60 2074
27 P 51.00 24.23 2004
28 P 51.00 24.06 1865
29 P 51.00 23.77 1243
30 P 51.00 23.86 639
31 P 51.00 24.13 857
32 P 51.00 24.07 1135
33 P 51.00 24.06 1455
34 P 51.00 24.31 1428
35 P 51.00 24.47 1588
36 P 51.00 24.54 1403
37 P 51.00 24.61 1330
38 P 51.00 24.48 1384
39 P 51.00 24.21 1136
40 P 51.00 24.26 671
41 P 51.00 24.22 659
42 P 51.00 24.21 512
43 P 51.00 24.25 471
44 P 51.00 24.23 265
45 P 51.00 24.32 340
46 P 51.00 24.35 367
47 P 51.00 24.15 369
48 P 51.00 23.82 387
49 P 51.00 23.48 458
50 P 51.00 23.12 422
51 P 51.00 22.76 389
52 P 51.00 22.65 500
53 P 51.00 22.77 637
54 P 51.00 22.94 674
55 P 51.00 23.14 762
56 P 51.00 23.44 850
57 P 51.00 23.63 791
58 P 51.00 23.84 833
59 P 51.00 24.00 766
60 P 51.00 24.03 742
61 P 51.00 24.07 779
62 P 51.00 24.02 734
63 P 51.00 23.99 743
64 P 51.00 23.94 606
65 P 51.00 23.97 556
66 P 51.00 23.93 296
67 P 51.00 23.94 268
68 P 51.00 23.95 311
69 P 51.00 23.96 294
70 P 51.00 24.06 343
71 P 51.00 24.09 397
72 P 51.00 24.12 383
73 P 51.00 24.08 395
74 P 51.00 24.09 437
75 P 51.00 24.05 421
76 P 51.00 23.99 421
77 P 51.00 24.01 558
78 P 51.00 23.93 481
79 P 51.00 23.91 553
80 P 51.00 23.83 415
81 P 51.00 23.82 267
82 P 51.00 23.83 113
83 P 51.00 23.91 169
84 P 51.00 24.00 144
85 P 51.00 24.10 153
86 P 51.00 24.22 178
87 P 51.00 24.27 238
88 P 51.00 24.31 310
89 P 51.00 24.32 292
90 P 51.00 24.34 315
91 P 51.00 24.32 285
92 P 51.00 24.29 245
93 P 51.00 24.27 207
94 P 51.00 24.30 231
95 P 51.00 24.34 278
96 P 51.00 24.35 286
97 P 51.00 24.41 325
98 P 51.00 24.44 322
99 P 51.00 24.45 300
100 P 51.00 24.46 322
101 P 51.00 24.47 306
102 P 51.00 24.48 334
103 P 51.00 24.50 316
104 P 51.00 24.51 255
105 P 51.00 24.48 139
106 P 51.00 24.45 125
107 P 51.00 24.43 104
108 P 51.00 24.44 85
109 P 51.00 24.46 123
110 P 51.00 24.47 131
111 P 51.00 24.47 142
112 P 51.00 24.47 116
113 P 51.00 24.47 156
114 P 51.00 24.46 124
115 P 51.00 24.46 71
116 P 51.00 24.51 54
117 P 51.00 24.59 71
118 P 51.00 24.78 408
119 P 51.00 25.07 642
120 P 51.00 25.18 270
121 P 51.00 25.22 104
122 P 51.00 25.24 148
123 P 51.00 25.26 140
124 P 51.00 25.27 116
125 P 51.00 25.29 154
126 P 51.00 25.31 146
127 P 51.00 25.35 165
128 P 51.00 25.38 192
129 P 51.00 25.40 187
130 P 51.00 25.41 152
131 P 51.00 25.40 129
132 P 50.86 25.41 135
133 P 51.00 25.46 169
134 P 49.87 25.48 125
135 P 51.00 25.51 191
136 P 51.00 25.54 237
137 P 50.85 25.55 184
138 P 50.75 25.57 182
139 P 50.64 25.63 250
140 P 50.31 25.66 100
141 P 50.61 25.75 272
142 P 50.12 25.81 122
143 P 48.83 25.94 189
144 P 48.44 26.03 173
145 P 47.95 26.10 97
146 P 49.22 26.19 180
147 P 49.01 26.23 140
148 P 48.28 26.24 122
149 P 48.62 26.28 197
150 P 49.35 26.35 248
151 P 50.44 26.37 237
152 P 49.36 26.41 253
153 P 49.98 26.42 234
154 P 49.65 26.46 264
155 P 49.48 26.52 218
156 P 48.19 26.56 162
157 P 49.62 26.62 163
158 P 49.57 26.69 157
159 P 46.59 26.80 247
160 P 46.01 26.87 312
161 P 46.37 26.89 215
162 P 48.73 26.98 168
163 P 47.89 27.00 112
164 P 47.89 27.06 160
165 P 47.23 27.12 157
166 P 47.95 27.17 132
167 P 47.77 27.25 180
168 P 47.82 27.32 187
169 P 46.86 27.41 189
170 P 46.34 27.47 95
171 P 47.63 27.52 102
172 P 44.96 27.57 151
173 P 47.58 27.57 131
174 P 46.15 27.61 223
175 P 47.69 27.67 226
176 P 47.49 27.72 216
177 P 47.51 27.75 181
178 P 46.79 27.81 197
179 P 47.34 27.86 209
180 P 45.72 27.90 317
181 P 44.73 27.95 338
182 P 43.86 28.00 303
183 P 44.93 28.07 304
184 P 44.18 28.13 223
185 P 44.81 28.18 162
186 P 44.37 28.25 203
187 P 45.73 28.31 154
188 P 45.22 28.32 156
189 P 45.94 28.29 130
190 P 46.57 28.28 223
191 P 46.55 28.30 308
192 P 47.04 28.33 280
193 P 46.43 28.36 302
194 P 46.28 28.38 251
195 P 46.21 28.42 181
196 P 45.98 28.46 193
197 P 45.40 28.48 149
198 P 46.13 28.51 132
199 P 46.81 28.50 127
200 P 45.15 28.48 205
201 P 45.20 28.50 260
202 P 46.60 28.52 297
203 P 46.28 28.52 331
204 P 46.15 28.50 363
205 P 46.11 28.55 483
206 P 46.16 28.53 441
207 P 45.97 28.52 469
208 P 45.51 28.53 493
209 P 45.98 28.53 410
210 P 46.35 28.56 353
211 P 45.12 28.59 349
212 P 46.47 28.63 367
213 P 46.21 28.68 448
214 P 45.47 28.73 467
215 P 45.83 28.75 413
216 P 44.36 28.76 334
217 P 44.66 28.78 266
218 P 44.55 28.81 312
219 P 43.89 28.89 285
220 P 45.77 28.98 199
221 P 43.16 29.07 238
222 P 42.46 29.17 235
223 P 44.66 29.27 177
224 P 45.04 29.35 130
225 P 43.08 29.53 242
226 P 44.21 29.54 169
227 P 45.13 29.55 188
228 P 45.95 29.55 181
229 P 45.30 29.55 177
230 P 44.54 29.56 199
231 P 44.82 29.58 212
232 P 43.79 29.58 237
233 P 44.99 29.57 142
234 P 43.67 29.57 148
235 P 42.59 29.60 150
236 P 42.56 29.64 117
237 P 45.71 29.70 166
238 P 43.70 29.70 197
239 P 45.21 29.72 197
240 P 43.29 29.72 183
241 P 44.85 29.73 191
242 P 42.63 29.73 149
243 P 40.54 29.73 107
244 P 44.47 29.77 109
245 P 41.17 29.79 70
246 P 44.20 29.81 68
247 P 42.83 29.85 94
248 P 41.76 29.87 104
249 P 40.47 29.89 73
250 P 45.58 29.91 42
251 P 45.08 29.90 70
252 P 44.74 29.91 64
253 P 43.05 30.06 154
254 P 44.84 30.08 58
255 P 40.04 30.11 93
256 P 42.73 30.17 118
257 P 41.53 30.18 61
258 P 42.05 30.22 98
259 P 42.40 30.24 113
260 P 43.53 30.28 122
261 P 42.06 30.28 84
262 P 41.24 30.28 81
263 P 44.18 30.31 140
264 P 43.34 30.32 119
265 P 42.37 30.33 76
266 P 42.21 30.33 94
267 P 42.89 30.35 108
268 P 44.31 30.37 115
269 P 42.44 30.38 285
270 P 43.42 30.39 206
271 P 44.37 30.38 139
272 P 44.32 30.47 257
273 P 42.06 30.47 288
274 P 43.50 30.50 227
275 P 43.89 30.50 280
276 P 42.53 30.54 342
277 P 43.02 30.60 417
278 P 43.70 30.60 359
279 P 43.17 30.58 428
280 P 43.48 30.59 642
281 P 43.32 30.58 710
282 P 42.96 30.64 834
283 P 43.15 30.67 985
284 P 43.18 30.67 982
285 P 43.09 30.65 1057
286 P 43.46 30.67 1203
287 P 43.19 30.79 1276
288 P 42.74 30.86 1418
289 P 42.76 30.90 1659
290 P 42.85 30.89 1607
291 P 42.51 30.88 1851
292 P 42.60 30.93 1873
293 P 42.84 30.94 1866
294 P 42.59 30.97 1768
295 P 42.70 30.87 1776
296 P 42.46 30.89 1853
297 P 42.58 30.88 1804
298 P 42.76 30.89 1823
299 P 42.98 30.88 1715
300 P 42.45 30.87 1601
301 P 42.58 30.84 1497
302 P 42.58 30.76 1442
303 P 42.75 30.80 1387
304 P 42.57 30.85 1500
305 P 42.45 30.90 1510
306 P 42.93 30.90 1439
307 P 42.63 30.90 1387
308 P 42.79 31.04 1627
309 P 42.82 31.08 1659
310 P 42.51 31.03 1853
311 P 42.72 31.04 1907
312 P 42.65 31.12 2189
313 P 42.59 31.06 2014
314 P 42.46 31.13 2197
315 P 42.50 31.13 2198
316 P 42.34 31.08 2218
317 P 42.56 31.02 1901
318 P 42.53 30.95 1839
319 P 42.83 30.88 1607
320 P 42.62 30.96 1664
321 P 42.58 30.91 1477
322 P 42.35 30.86 1388
323 P 42.59 30.83 1239
324 P 42.87 30.84 1296
325 P 42.74 30.88 1228
326 P 42.71 30.83 1068
327 P 42.75 30.87 1065
328 P 42.86 30.93 940
329 P 42.18 30.94 639
330 P 42.66 30.96 451
331 P 42.49 31.02 592
332 P 42.29 31.09 716
333 P 42.54 31.11 759
334 P 42.43 31.11 883
335 P 42.66 31.13 1057
336 P 42.88 31.07 1179
337 P 42.46 31.09 1335
338 P 42.44 30.99 1238
339 P 42.46 31.01 1423
340 P 42.84 30.99 1248
341 P 42.50 31.02 1356
342 P 42.33 30.97 1217
343 P 41.62 30.96 932
344 P 42.33 31.03 652
345 P 42.89 31.18 468
346 P 42.55 31.36 426
347 P 42.53 31.40 403
348 P 43.72 31.49 524
349 P 42.15 31.50 497
350 P 43.17 31.57 549
351 P 42.81 31.56 300
352 P 42.14 31.62 217
353 P 42.13 31.60 432
354 P 42.22 31.31 195
