% Nframe | type | QP | PSNR | size (Bytes) 
0 I 23.20 40.93 6421
1 P 24.35 40.60 189
2 P 25.82 40.40 257
3 P 26.26 40.18 410
4 P 25.38 40.06 629
5 P 25.27 40.04 860
6 P 25.37 40.11 977
7 P 24.89 40.29 1283
8 P 24.58 40.29 1469
9 P 24.92 40.48 1720
10 P 24.05 40.46 1784
11 P 24.14 40.76 2041
12 P 26.97 39.60 1355
13 P 22.60 41.54 3092
14 P 19.65 43.18 4051
15 P 18.19 44.16 4876
16 P 16.91 44.57 6537
17 P 16.29 44.53 8500
18 P 15.60 44.81 10006
19 P 15.12 45.23 9978
20 P 14.81 45.87 9886
21 P 14.74 46.31 9070
22 P 14.45 46.72 8454
23 P 14.17 47.06 7945
24 P 14.26 47.25 8039
25 P 14.69 47.44 7986
26 P 14.73 46.92 7694
27 P 15.00 46.46 7949
28 P 15.63 45.63 7745
29 P 16.43 44.60 8179
30 P 17.07 44.23 6290
31 P 17.96 44.11 5936
32 P 18.32 43.95 5425
33 P 18.58 44.01 4794
34 P 18.69 44.28 4281
35 P 18.71 44.28 3337
36 P 18.75 44.47 2970
37 P 19.16 44.38 2710
38 P 19.46 44.26 3023
39 P 19.72 43.73 3140
40 P 20.14 43.14 2881
41 P 20.47 42.70 2682
42 P 21.48 42.39 2703
43 P 21.34 42.14 2503
44 P 22.39 42.23 2217
45 P 22.44 42.38 2236
46 P 21.71 42.35 2124
47 P 21.59 42.50 2141
48 P 21.01 42.60 2058
49 P 21.06 42.65 2320
50 P 21.36 42.64 2801
51 P 20.76 42.39 3031
52 P 21.03 42.44 3262
53 P 19.93 42.58 3464
54 P 20.87 42.73 2901
55 P 20.32 42.81 2213
56 P 20.79 42.93 2031
57 P 20.38 42.96 2131
58 P 20.20 43.00 2183
59 P 20.48 43.13 2103
60 P 19.18 43.28 2549
61 P 19.39 43.39 2557
62 P 18.88 43.48 2533
63 P 19.32 43.52 2704
64 P 19.74 43.40 2682
65 P 19.63 43.30 2501
66 P 19.48 43.31 2163
67 P 19.29 43.42 2087
68 P 19.16 43.44 2677
69 P 18.66 43.42 3053
70 P 19.22 43.50 3574
71 P 18.85 43.45 4305
72 P 18.94 43.63 4411
73 P 18.29 43.67 4283
74 P 19.01 43.75 4051
75 P 18.43 43.82 3296
76 P 18.08 43.99 3210
77 P 17.65 44.10 2767
78 P 17.35 44.26 2928
79 P 17.42 44.23 3147
80 P 17.44 44.24 3314
81 P 17.35 44.28 2747
82 P 16.85 44.36 2270
83 P 17.72 44.29 2316
84 P 17.38 44.32 2922
85 P 17.39 44.32 3133
86 P 16.99 44.21 3159
87 P 17.30 44.15 3573
88 P 17.27 44.18 3806
89 P 17.07 44.19 3818
90 P 17.06 44.32 4034
91 P 17.30 44.20 3869
92 P 17.01 44.30 3955
93 P 16.46 44.36 3783
94 P 16.82 44.43 3691
95 P 16.94 44.52 3500
96 P 16.94 44.55 3169
97 P 16.74 44.60 3110
98 P 16.66 44.66 2862
99 P 16.59 44.69 2512
100 P 16.61 44.76 2778
101 P 16.23 44.77 2637
102 P 16.58 44.85 2703
103 P 16.15 44.85 2987
104 P 16.69 44.81 3065
105 P 16.61 44.81 2842
106 P 16.22 44.81 2944
107 P 16.40 44.85 2199
108 P 16.34 44.92 1777
109 P 16.51 44.88 2137
110 P 16.76 44.91 2240
111 P 16.39 44.95 2347
112 P 15.81 44.91 2419
113 P 16.00 45.08 2872
114 P 15.89 45.21 2896
115 P 16.19 45.20 2162
116 P 15.70 45.20 1878
117 P 15.74 45.26 2344
118 P 15.68 45.34 2500
119 P 15.65 45.31 2799
120 P 15.78 45.36 2825
121 P 15.98 45.37 2967
122 P 15.84 45.42 3360
123 P 15.78 45.38 3470
124 P 15.55 45.33 3354
125 P 15.60 45.51 3429
126 P 15.53 45.57 3171
127 P 15.42 45.63 2935
128 P 15.30 45.68 3146
129 P 14.78 45.78 3186
130 P 15.03 45.87 2684
131 P 14.85 45.92 2823
132 P 14.99 45.89 2801
133 P 15.24 45.95 2424
134 P 15.02 46.03 2460
135 P 14.86 45.90 2646
136 P 14.96 45.94 3045
137 P 14.92 46.01 3074
138 P 14.89 46.01 3113
139 P 14.76 46.12 2798
140 P 14.48 46.17 1610
141 P 14.61 46.28 1620
142 P 14.52 46.24 2483
143 P 14.86 46.27 2705
144 P 14.31 46.27 2703
145 P 14.46 46.34 2169
146 P 14.17 46.53 2376
147 P 14.06 46.53 2022
148 P 14.29 46.54 1954
149 P 14.23 46.50 2543
150 P 14.46 46.49 3024
151 P 14.28 46.35 3155
152 P 14.14 46.36 3548
153 P 13.75 46.47 3948
154 P 13.68 46.59 3870
155 P 13.65 46.61 3168
156 P 13.66 46.71 2512
157 P 13.60 46.79 2933
158 P 13.62 46.83 2990
159 P 13.45 46.79 2418
160 P 13.17 46.99 2725
161 P 13.33 47.00 2963
162 P 13.46 47.06 2151
163 P 13.47 47.12 1907
164 P 13.16 47.15 2275
165 P 13.00 47.13 2245
166 P 13.14 47.13 2678
167 P 12.94 47.10 2963
168 P 13.09 47.08 3110
169 P 12.84 47.12 3054
170 P 12.97 47.14 2383
171 P 12.66 47.29 2540
172 P 12.51 47.29 2852
173 P 12.46 47.29 3476
174 P 12.67 47.30 3585
175 P 12.74 47.26 3826
176 P 12.60 47.30 4173
177 P 12.34 47.35 3691
178 P 12.54 47.42 2675
179 P 12.37 47.48 2613
180 P 12.40 47.48 3267
181 P 12.50 47.45 3571
182 P 12.39 47.52 3495
183 P 12.30 47.54 3203
184 P 12.23 47.59 2829
185 P 12.19 47.67 2483
186 P 11.98 47.79 2382
187 P 12.13 47.80 2619
188 P 11.84 47.86 2639
189 P 12.15 47.65 3207
190 P 12.27 47.59 4413
191 P 12.39 47.52 4904
192 P 12.23 47.60 5313
193 P 12.15 47.59 4119
194 P 12.28 47.71 4331
195 P 11.88 47.74 3646
196 P 11.95 47.78 3428
197 P 11.81 47.84 3311
198 P 11.75 47.85 4042
199 P 11.75 47.92 4083
200 P 11.77 47.91 4836
201 P 11.83 47.93 4155
202 P 11.88 47.85 4896
203 P 11.95 47.85 5474
204 P 11.89 47.86 5463
205 P 11.90 47.77 5601
206 P 11.97 47.79 5871
207 P 11.89 47.79 6020
208 P 11.89 47.77 6195
209 P 11.85 47.76 6001
210 P 11.81 47.82 5466
211 P 11.85 47.83 5557
212 P 11.94 47.75 5096
213 P 11.83 47.77 5959
214 P 11.93 47.78 6053
215 P 11.99 47.75 5652
216 P 11.87 47.77 5327
217 P 11.93 47.76 4448
218 P 11.63 47.82 3238
219 P 11.99 47.83 3260
220 P 12.08 47.87 4108
221 P 12.37 47.73 4181
222 P 12.17 47.66 4544
223 P 12.26 47.57 4639
224 P 12.38 47.56 5125
225 P 12.27 47.48 5265
226 P 12.48 47.45 5361
227 P 12.49 47.42 5004
228 P 12.56 47.39 4566
229 P 12.45 47.38 4721
230 P 12.67 47.44 4221
231 P 12.30 47.37 4313
232 P 12.39 47.46 4367
233 P 12.34 47.51 3846
234 P 12.48 47.50 3346
235 P 12.28 47.52 2949
236 P 12.09 47.55 2454
237 P 12.02 47.55 3310
238 P 12.47 47.43 3296
239 P 12.61 47.31 3760
240 P 12.73 47.39 3528
241 P 12.59 47.46 2817
242 P 12.13 47.48 2810
243 P 12.29 47.49 2776
244 P 12.34 47.56 1924
245 P 12.37 47.59 2175
246 P 12.66 47.65 2292
247 P 12.76 47.72 1872
248 P 12.33 47.75 2312
249 P 12.47 47.72 2086
250 P 12.24 47.80 2055
251 P 12.14 47.82 2058
252 P 12.23 47.87 2498
253 P 12.40 47.81 2323
254 P 12.34 47.76 2211
255 P 12.37 47.79 2423
256 P 12.30 47.79 2640
257 P 12.28 47.88 2463
258 P 12.26 47.82 3276
259 P 12.15 47.85 2908
260 P 11.95 47.92 3394
261 P 12.03 47.88 3243
262 P 12.00 47.90 3270
263 P 12.02 47.90 3324
264 P 12.01 47.99 3157
265 P 11.57 48.13 2790
266 P 11.90 48.11 3234
267 P 11.51 48.17 3449
268 P 11.68 48.14 3569
269 P 11.73 48.12 4208
270 P 11.88 48.03 4573
271 P 11.59 48.07 4140
272 P 11.65 48.13 4160
273 P 11.52 48.05 4397
274 P 11.72 48.01 4552
275 P 11.51 48.10 5111
276 P 11.63 48.04 4834
277 P 11.65 48.07 4827
278 P 11.60 48.08 5645
279 P 11.60 48.05 6152
280 P 11.62 48.00 6809
281 P 11.68 47.94 6948
282 P 11.69 47.99 7293
283 P 11.61 48.00 7608
284 P 11.68 47.93 7909
285 P 11.66 47.89 8077
286 P 11.52 47.99 8273
287 P 11.75 47.96 7789
288 P 11.59 47.98 8128
289 P 11.73 47.87 8443
290 P 11.59 47.91 8692
291 P 11.83 47.79 8396
292 P 11.83 47.77 8300
293 P 11.93 47.73 8344
294 P 11.96 47.68 8293
295 P 12.13 47.50 7967
296 P 12.25 47.56 8080
297 P 12.32 47.48 7915
298 P 12.38 47.41 7864
299 P 12.53 47.25 7596
300 P 12.64 47.20 7197
301 P 12.73 47.11 6915
302 P 12.82 47.05 6880
303 P 12.88 47.02 6987
304 P 13.08 47.01 6481
305 P 13.08 46.91 6595
306 P 13.14 46.87 6314
307 P 13.41 46.86 5935
308 P 13.41 46.82 5910
309 P 13.56 46.74 5439
310 P 13.88 46.79 5107
311 P 13.83 46.72 5172
312 P 13.81 46.66 5357
313 P 13.65 46.72 5503
314 P 13.85 46.68 5460
315 P 13.95 46.60 5497
316 P 13.96 46.49 5258
317 P 14.09 46.52 5126
318 P 14.07 46.50 5028
319 P 14.09 46.41 4994
320 P 14.20 46.34 4973
321 P 14.30 46.34 4866
322 P 14.01 46.40 4810
323 P 14.09 46.27 4493
324 P 14.17 46.25 4389
325 P 13.98 46.34 4602
326 P 14.16 46.33 4369
327 P 14.15 46.32 3930
328 P 14.41 46.26 3791
329 P 14.31 46.35 3519
330 P 14.40 46.32 3077
331 P 14.46 46.17 2671
332 P 14.13 46.24 3611
333 P 14.48 46.19 3876
334 P 14.52 46.11 3993
335 P 14.53 46.14 4181
336 P 14.35 46.14 4247
337 P 14.55 46.18 4185
338 P 14.84 46.15 4278
339 P 14.51 46.13 4138
340 P 14.67 46.11 4301
341 P 14.63 46.15 4356
342 P 14.75 46.12 4392
343 P 14.37 46.23 4294
344 P 14.40 46.24 3923
345 P 14.60 46.25 3781
346 P 14.65 46.32 3470
347 P 15.06 46.20 3848
348 P 14.73 46.29 4200
349 P 14.82 46.26 3969
350 P 14.65 46.29 3893
351 P 14.76 46.25 2621
352 P 14.64 46.33 2392
353 P 14.71 46.23 2934
354 P 15.94 45.34 2024
