% Nframe | type | QP | PSNR | size (Bytes) 
0 I 19.41 43.31 6416
1 P 19.92 42.82 312
2 P 21.20 42.66 538
3 P 20.80 42.48 730
4 P 21.09 42.38 949
5 P 21.54 42.29 1238
6 P 21.47 42.30 1366
7 P 21.51 42.33 1755
8 P 20.51 42.12 1939
9 P 21.17 42.21 2080
10 P 20.79 42.45 2230
11 P 20.24 42.67 2414
12 P 21.60 42.11 2062
13 P 17.42 44.08 3786
14 P 15.15 45.59 4825
15 P 13.87 46.59 6046
16 P 12.60 46.90 7544
17 P 12.27 47.15 9455
18 P 11.71 47.54 10784
19 P 11.59 47.70 10816
20 P 11.21 48.17 10818
21 P 11.18 48.56 10359
22 P 10.86 48.92 9884
23 P 10.73 49.13 9281
24 P 10.57 49.20 9688
25 P 10.50 49.24 9515
26 P 10.67 49.23 9225
27 P 11.07 48.71 9164
28 P 11.40 48.11 9254
29 P 11.95 47.58 9119
30 P 12.62 47.15 7420
31 P 13.07 46.93 7226
32 P 13.50 46.95 6862
33 P 13.76 46.88 6170
34 P 13.78 46.81 5425
35 P 14.04 47.03 4598
36 P 13.95 46.90 4022
37 P 14.15 46.89 3818
38 P 14.26 46.70 3988
39 P 14.79 46.35 4050
40 P 14.48 46.00 3770
41 P 15.24 45.71 3693
42 P 15.31 45.54 3678
43 P 15.87 45.40 3557
44 P 15.60 45.50 3130
45 P 15.85 45.42 3196
46 P 15.85 45.54 3266
47 P 15.63 45.50 3072
48 P 15.63 45.61 3208
49 P 15.37 45.64 3276
50 P 15.30 45.61 3651
51 P 15.48 45.63 3995
52 P 15.34 45.68 4273
53 P 15.35 45.73 4346
54 P 14.89 45.73 3891
55 P 14.96 45.88 3322
56 P 14.82 45.93 2921
57 P 14.52 46.07 3172
58 P 14.68 46.25 3149
59 P 14.35 46.23 3077
60 P 14.18 46.37 3416
61 P 14.27 46.52 3453
62 P 14.09 46.53 3656
63 P 14.26 46.42 3730
64 P 14.41 46.54 3796
65 P 14.21 46.56 3425
66 P 13.86 46.60 3440
67 P 14.14 46.59 3116
68 P 13.75 46.59 3875
69 P 13.63 46.59 4146
70 P 13.55 46.55 4614
71 P 13.69 46.57 5319
72 P 13.29 46.65 5336
73 P 13.52 46.64 5296
74 P 13.24 46.78 5134
75 P 13.13 46.98 4521
76 P 13.12 47.13 4429
77 P 13.42 47.21 4129
78 P 12.88 47.13 4175
79 P 12.66 47.32 4664
80 P 12.76 47.34 4449
81 P 12.64 47.44 3979
82 P 12.70 47.44 3257
83 P 12.73 47.34 3769
84 P 12.52 47.39 4290
85 P 12.85 47.33 4307
86 P 12.76 47.27 4333
87 P 12.67 47.29 4788
88 P 12.76 47.28 4891
89 P 12.64 47.32 4990
90 P 12.74 47.36 4758
91 P 12.49 47.39 4946
92 P 12.47 47.44 4975
93 P 12.52 47.42 4846
94 P 12.35 47.60 4934
95 P 12.42 47.52 4645
96 P 12.67 47.61 4476
97 P 12.39 47.64 4434
98 P 12.22 47.71 4563
99 P 12.16 47.72 4547
100 P 12.26 47.71 4294
101 P 12.25 47.73 4186
102 P 12.22 47.71 4191
103 P 12.19 47.72 3947
104 P 12.25 47.73 4204
105 P 12.12 47.74 4113
106 P 12.02 47.82 4145
107 P 12.15 47.87 3251
108 P 12.13 47.99 2919
109 P 12.22 47.88 3356
110 P 12.23 47.92 3146
111 P 12.11 47.86 3189
112 P 11.93 47.96 3530
113 P 12.11 47.97 3630
114 P 11.88 47.95 3627
115 P 11.74 47.96 3122
116 P 11.67 48.00 2650
117 P 11.83 48.01 3091
118 P 11.92 48.03 3615
119 P 11.89 48.04 3832
120 P 11.71 48.10 3851
121 P 11.49 48.17 4152
122 P 11.52 48.16 4472
123 P 11.62 48.12 4284
124 P 11.45 48.14 4330
125 P 11.34 48.20 4253
126 P 11.25 48.22 4064
127 P 11.39 48.41 4011
128 P 11.28 48.38 3823
129 P 11.16 48.38 3843
130 P 11.07 48.46 3680
131 P 10.96 48.54 3936
132 P 10.87 48.52 4003
133 P 10.96 48.58 3434
134 P 10.99 48.63 3537
135 P 11.02 48.56 3947
136 P 11.12 48.60 4199
137 P 10.95 48.59 4035
138 P 10.75 48.58 4088
139 P 10.88 48.69 3944
140 P 10.77 48.72 2545
141 P 10.46 48.77 2824
142 P 10.70 48.85 3703
143 P 10.68 48.84 3805
144 P 10.61 48.88 3665
145 P 10.60 48.99 3437
146 P 10.52 49.02 3261
147 P 10.46 48.94 3128
148 P 10.47 49.05 3296
149 P 10.66 48.95 3474
150 P 10.58 48.93 4232
151 P 10.68 48.92 4248
152 P 10.51 48.97 5023
153 P 10.28 49.02 5169
154 P 10.12 49.17 4950
155 P 10.07 49.21 4186
156 P 10.20 49.30 3885
157 P 10.15 49.40 4078
158 P 10.05 49.40 4066
159 P 10.11 49.37 3552
160 P 9.89 49.48 3843
161 P 9.91 49.47 4115
162 P 9.87 49.48 3244
163 P 9.81 49.57 3331
164 P 9.82 49.52 3387
165 P 9.92 49.48 3312
166 P 10.02 49.52 3580
167 P 9.83 49.49 4047
168 P 9.91 49.51 3947
169 P 9.78 49.49 3673
170 P 9.77 49.55 3386
171 P 9.36 49.65 3708
172 P 9.40 49.74 4238
173 P 9.66 49.73 4381
174 P 9.83 49.67 4255
175 P 9.64 49.65 4754
176 P 9.61 49.66 5136
177 P 9.68 49.70 4785
178 P 9.67 49.73 3964
179 P 9.62 49.81 3803
180 P 9.58 49.84 4176
181 P 9.52 49.84 4377
182 P 9.40 49.87 4434
183 P 9.37 49.97 4697
184 P 9.22 49.98 4047
185 P 9.17 49.99 3507
186 P 9.14 50.20 3587
187 P 9.04 50.29 3762
188 P 9.11 50.33 3508
189 P 9.18 50.12 4579
190 P 9.27 49.98 5449
191 P 9.19 49.95 5726
192 P 9.22 50.02 6084
193 P 9.24 49.96 5193
194 P 9.10 50.01 5092
195 P 9.08 50.09 4746
196 P 8.82 50.13 4371
197 P 9.05 50.20 4440
198 P 8.96 50.19 5004
199 P 8.95 50.19 5138
200 P 8.95 50.21 5809
201 P 9.03 50.24 5406
202 P 8.98 50.18 5894
203 P 8.99 50.19 6294
204 P 9.10 50.20 6327
205 P 8.95 50.12 6521
206 P 9.00 50.07 6641
207 P 8.95 50.07 6861
208 P 8.96 50.11 6720
209 P 8.93 50.18 6621
210 P 8.91 50.19 6272
211 P 8.97 50.13 6291
212 P 9.04 50.18 6232
213 P 9.00 50.07 6293
214 P 8.98 50.17 6600
215 P 9.04 50.18 6140
216 P 9.16 50.08 6010
217 P 8.97 50.11 5427
218 P 8.80 50.14 4220
219 P 9.06 50.12 4183
220 P 9.18 50.09 5046
221 P 9.18 50.03 5179
222 P 9.21 49.98 5551
223 P 9.29 49.94 5855
224 P 9.29 49.94 5803
225 P 9.32 49.83 6285
226 P 9.38 49.81 6301
227 P 9.29 49.87 5983
228 P 9.34 49.84 5795
229 P 9.31 49.83 5626
230 P 9.23 49.82 5622
231 P 9.23 49.87 5569
232 P 9.25 49.82 5629
233 P 9.38 49.84 5166
234 P 9.40 49.86 4594
235 P 9.31 49.88 4155
236 P 9.18 50.04 3902
237 P 9.10 49.98 4168
238 P 9.17 49.87 4429
239 P 9.35 49.83 4775
240 P 9.38 49.81 4452
241 P 9.40 49.81 3754
242 P 9.30 49.81 4003
243 P 9.25 49.89 3912
244 P 9.56 50.01 3216
245 P 9.15 49.99 3749
246 P 9.39 50.00 3563
247 P 9.35 50.14 3520
248 P 9.20 50.04 3463
249 P 9.30 50.15 3507
250 P 9.09 50.17 3031
251 P 9.12 50.17 3146
252 P 9.02 50.29 3428
253 P 9.27 50.23 3631
254 P 8.94 50.18 3400
255 P 9.28 50.17 3375
256 P 9.22 50.22 3986
257 P 9.16 50.26 3811
258 P 9.15 50.18 4150
259 P 9.17 50.19 4073
260 P 9.18 50.12 3957
261 P 9.08 50.20 4245
262 P 9.02 50.24 4431
263 P 8.97 50.30 4520
264 P 8.90 50.30 4443
265 P 8.82 50.40 3831
266 P 8.80 50.42 4243
267 P 8.90 50.42 4632
268 P 8.89 50.33 4666
269 P 9.04 50.36 5074
270 P 8.85 50.35 5387
271 P 8.98 50.30 5008
272 P 8.77 50.37 5214
273 P 8.75 50.35 5362
274 P 9.07 50.38 5558
275 P 8.81 50.39 5909
276 P 8.73 50.33 5891
277 P 8.66 50.39 5906
278 P 8.80 50.33 6154
279 P 8.77 50.29 6694
280 P 8.65 50.21 7262
281 P 8.80 50.13 7689
282 P 8.77 50.20 8070
283 P 8.90 50.10 8081
284 P 8.77 50.12 8322
285 P 8.89 50.14 8274
286 P 9.00 50.07 8367
287 P 8.97 50.10 8255
288 P 8.92 50.12 8562
289 P 9.02 50.03 8743
290 P 9.10 50.07 8709
291 P 9.05 50.04 8842
292 P 9.05 49.95 8672
293 P 9.14 49.85 8410
294 P 9.24 49.87 8336
295 P 9.29 49.75 8400
296 P 9.42 49.63 8489
297 P 9.38 49.58 8271
298 P 9.43 49.60 8386
299 P 9.57 49.56 8160
300 P 9.51 49.49 7849
301 P 9.62 49.45 7763
302 P 9.73 49.38 7406
303 P 9.81 49.43 7388
304 P 9.89 49.35 7410
305 P 9.97 49.24 7063
306 P 9.95 49.32 7104
307 P 10.09 49.21 6959
308 P 10.02 49.16 7177
309 P 10.13 49.21 7049
310 P 10.21 49.11 7047
311 P 10.25 49.05 6815
312 P 10.36 48.95 6952
313 P 10.41 48.96 7054
314 P 10.47 48.93 7088
315 P 10.47 48.85 7124
316 P 10.60 48.81 6770
317 P 10.55 48.88 6675
318 P 10.56 48.81 6349
319 P 10.51 48.91 6617
320 P 10.69 48.86 6135
321 P 10.69 48.85 6144
322 P 10.66 48.83 6097
323 P 10.68 48.80 5741
324 P 10.76 48.82 5878
325 P 10.69 48.86 5686
326 P 10.86 48.72 5299
327 P 10.82 48.80 5113
328 P 10.80 48.85 4786
329 P 10.72 48.82 4337
330 P 10.85 48.81 4005
331 P 10.85 48.72 3861
332 P 10.77 48.83 4760
333 P 10.85 48.74 4966
334 P 10.83 48.67 5350
335 P 10.94 48.68 5154
336 P 10.83 48.61 5265
337 P 10.91 48.63 5156
338 P 10.99 48.60 5407
339 P 10.96 48.59 5543
340 P 10.87 48.61 5484
341 P 10.98 48.62 5328
342 P 10.85 48.64 5422
343 P 10.82 48.70 5098
344 P 10.84 48.69 4777
345 P 10.88 48.69 4796
346 P 10.78 48.78 4859
347 P 11.02 48.68 4932
348 P 10.88 48.64 5275
349 P 10.82 48.66 5116
350 P 10.67 48.73 5052
351 P 10.79 48.79 3513
352 P 10.83 48.81 3269
353 P 10.92 48.80 4042
354 P 12.44 47.75 2896
