% Nframe | type | QP | PSNR | size (Bytes) 
0 I 29.22 39.47 33457
1 P 31.66 39.13 1164
2 P 32.17 38.95 1506
3 P 31.61 38.82 2366
4 P 32.09 38.74 2923
5 P 31.71 39.08 3634
6 P 31.65 39.45 4446
7 P 31.53 39.66 5592
8 P 31.37 39.95 6531
9 P 31.19 40.36 7055
10 P 30.45 40.65 7263
11 P 30.33 40.98 8036
12 P 34.27 39.24 3873
13 P 36.42 38.18 3775
14 P 33.97 39.82 7084
15 P 31.96 40.33 8062
16 P 30.64 40.53 10560
17 P 29.85 39.74 13939
18 P 30.32 39.51 16024
19 P 29.43 40.98 13947
20 P 29.34 42.01 13380
21 P 29.27 42.53 12541
22 P 29.21 42.93 11763
23 P 29.08 43.23 10769
24 P 28.86 43.55 11556
25 P 28.78 43.70 11339
26 P 28.66 43.24 11190
27 P 29.29 42.59 12087
28 P 30.25 41.51 12054
29 P 32.11 39.23 12586
30 P 32.20 39.02 7845
31 P 32.25 39.82 8214
32 P 31.61 40.07 8211
33 P 31.83 40.46 7368
34 P 31.29 40.70 6913
35 P 31.47 40.57 5205
36 P 31.92 40.57 4852
37 P 32.03 40.67 4575
38 P 31.57 40.43 4747
39 P 32.28 39.91 5096
40 P 32.54 39.04 4861
41 P 33.56 38.39 4653
42 P 34.09 38.01 4375
43 P 34.38 37.65 4609
44 P 34.49 37.77 3988
45 P 34.27 38.19 4099
46 P 34.13 38.21 3988
47 P 33.94 38.39 3847
48 P 33.58 38.82 4003
49 P 33.37 38.66 4162
50 P 33.42 38.47 4926
51 P 33.56 38.16 5784
52 P 33.45 37.91 5972
53 P 33.43 37.92 6131
54 P 32.94 38.36 5284
55 P 32.73 38.66 4376
56 P 32.75 38.86 3551
57 P 32.48 38.73 3805
58 P 32.21 38.55 4009
59 P 32.27 38.56 4157
60 P 32.07 38.54 4312
61 P 31.63 38.74 4766
62 P 31.99 38.77 4310
63 P 31.59 38.67 5030
64 P 32.26 38.46 5357
65 P 32.15 38.08 5064
66 P 32.10 38.00 3772
67 P 31.81 38.20 3274
68 P 31.98 38.46 4148
69 P 31.69 38.36 4959
70 P 31.84 38.60 5980
71 P 31.58 38.58 7843
72 P 31.48 38.49 7926
73 P 31.16 38.29 7954
74 P 30.92 38.23 7818
75 P 31.03 38.45 6601
76 P 30.42 38.61 5728
77 P 30.58 38.86 5394
78 P 30.31 38.98 5124
79 P 30.17 38.94 5833
80 P 30.14 38.50 6141
81 P 30.20 38.44 4482
82 P 30.35 38.54 4203
83 P 30.32 38.72 3680
84 P 30.84 38.90 3902
85 P 30.97 38.97 4187
86 P 31.08 39.18 4836
87 P 30.62 39.26 5656
88 P 30.92 39.24 5811
89 P 30.72 39.20 6488
90 P 30.49 39.02 7204
91 P 30.19 38.68 7881
92 P 29.89 38.54 7497
93 P 29.91 38.44 7144
94 P 29.90 38.54 6642
95 P 29.62 38.72 5845
96 P 29.57 38.80 5091
97 P 29.29 38.97 4542
98 P 29.30 39.21 3996
99 P 29.63 39.39 3905
100 P 29.53 39.44 4200
101 P 29.40 39.39 3992
102 P 29.11 39.32 4254
103 P 29.69 39.21 3800
104 P 29.59 39.08 4378
105 P 29.55 38.96 4145
106 P 29.63 38.86 4300
107 P 29.85 38.84 3644
108 P 29.52 39.00 3027
109 P 29.42 39.04 3271
110 P 29.29 39.06 3593
111 P 29.54 39.22 3143
112 P 28.85 39.36 3042
113 P 28.90 39.34 3404
114 P 29.17 39.21 4058
115 P 29.11 39.17 3867
116 P 29.10 39.29 3814
117 P 28.77 39.42 3437
118 P 28.74 39.56 3125
119 P 28.51 39.63 3396
120 P 28.20 39.74 3600
121 P 27.82 39.82 3693
122 P 27.72 39.86 4439
123 P 27.84 39.70 5570
124 P 27.70 39.68 6542
125 P 27.77 39.68 6896
126 P 27.54 39.68 6770
127 P 27.80 39.79 6390
128 P 27.75 39.91 5364
129 P 27.58 40.01 5189
130 P 27.58 40.09 4909
131 P 27.33 40.08 5428
132 P 27.21 40.07 6039
133 P 26.60 40.13 5704
134 P 26.80 40.25 4991
135 P 26.77 40.35 4675
136 P 26.80 40.49 4011
137 P 26.74 40.52 3797
138 P 26.68 40.50 3603
139 P 26.62 40.47 3928
140 P 26.43 40.52 3021
141 P 26.61 40.59 3178
142 P 26.83 40.62 3668
143 P 26.83 40.61 3722
144 P 26.55 40.60 3961
145 P 26.41 40.64 3719
146 P 26.45 40.63 3940
147 P 26.58 40.66 3560
148 P 26.64 40.65 3831
149 P 26.33 40.72 3865
150 P 26.27 40.79 4491
151 P 25.90 40.90 4316
152 P 25.85 40.97 4681
153 P 25.46 40.96 5384
154 P 25.32 40.95 5163
155 P 25.43 41.01 5238
156 P 25.32 41.04 4879
157 P 25.41 41.05 5378
158 P 25.27 41.04 5787
159 P 25.07 41.13 5347
160 P 25.16 41.23 5558
161 P 25.03 41.20 6066
162 P 24.97 41.30 5045
163 P 24.88 41.30 5415
164 P 24.82 41.36 4973
165 P 24.79 41.37 5344
166 P 24.69 41.42 5331
167 P 24.83 41.43 5418
168 P 24.88 41.50 5524
169 P 24.71 41.53 5664
170 P 24.66 41.58 4480
171 P 24.36 41.63 4888
172 P 24.41 41.66 5070
173 P 24.30 41.70 5025
174 P 24.15 41.76 5167
175 P 24.18 41.79 5028
176 P 24.01 41.75 6328
177 P 24.13 41.73 5997
178 P 24.13 41.80 5101
179 P 24.11 41.82 4637
180 P 24.06 41.82 5415
181 P 24.14 41.86 5911
182 P 23.95 41.90 5862
183 P 23.86 41.92 6006
184 P 23.74 41.97 5530
185 P 23.64 42.03 5183
186 P 23.71 42.06 4574
187 P 23.49 42.14 5570
188 P 23.48 42.19 5008
189 P 23.64 42.14 5548
190 P 23.56 42.14 7134
191 P 23.57 42.12 8405
192 P 23.17 42.09 9461
193 P 22.92 42.08 8732
194 P 22.61 42.13 8336
195 P 22.77 42.17 7955
196 P 22.73 42.17 7392
197 P 22.69 42.29 6491
198 P 22.40 42.30 6975
199 P 22.28 42.32 7486
200 P 22.25 42.33 7963
201 P 22.27 42.43 6976
202 P 22.18 42.47 7139
203 P 22.31 42.48 7703
204 P 22.32 42.48 7254
205 P 22.26 42.53 6794
206 P 22.40 42.52 6793
207 P 22.43 42.52 7783
208 P 22.48 42.44 8266
209 P 22.54 42.36 8273
210 P 22.21 42.42 7606
211 P 22.36 42.44 7537
212 P 22.36 42.48 6826
213 P 22.29 42.50 7854
214 P 22.31 42.53 8087
215 P 22.33 42.50 7675
216 P 22.32 42.49 6980
217 P 22.25 42.53 8357
218 P 22.11 42.53 6360
219 P 22.16 42.58 6402
220 P 22.33 42.59 6587
221 P 22.27 42.54 6732
222 P 22.34 42.50 7295
223 P 22.29 42.51 7695
224 P 22.26 42.56 7716
225 P 22.48 42.60 7669
226 P 22.36 42.62 7482
227 P 22.44 42.62 7020
228 P 22.22 42.60 8009
229 P 22.24 42.59 7690
230 P 22.19 42.58 7996
231 P 22.26 42.64 6944
232 P 22.23 42.60 7616
233 P 22.08 42.61 7305
234 P 22.07 42.63 6966
235 P 22.14 42.66 6104
236 P 22.13 42.65 6136
237 P 22.07 42.63 7417
238 P 22.10 42.61 7766
239 P 22.14 42.59 8600
240 P 22.18 42.60 8376
241 P 22.15 42.63 6557
242 P 22.03 42.67 6577
243 P 21.94 42.63 6705
244 P 22.09 42.66 6136
245 P 21.97 42.69 6264
246 P 22.04 42.70 5699
247 P 22.10 42.70 5509
248 P 22.00 42.71 5963
249 P 22.03 42.71 5595
250 P 21.93 42.72 5242
251 P 22.01 42.71 5292
252 P 21.99 42.71 5341
253 P 21.98 42.67 6304
254 P 21.91 42.64 5947
255 P 22.00 42.67 5948
256 P 21.99 42.66 6195
257 P 22.12 42.67 5950
258 P 22.05 42.67 6884
259 P 22.17 42.68 6595
260 P 22.07 42.68 6375
261 P 21.95 42.68 6476
262 P 21.91 42.69 6624
263 P 21.84 42.77 6466
264 P 21.93 42.77 6457
265 P 21.83 42.79 5894
266 P 21.90 42.75 6891
267 P 21.74 42.74 7968
268 P 21.85 42.80 7017
269 P 21.66 42.83 7573
270 P 21.71 42.78 8139
271 P 21.78 42.78 8469
272 P 21.76 42.80 9123
273 P 21.72 42.80 9120
274 P 21.67 42.82 9062
275 P 21.67 42.84 8940
276 P 21.76 42.81 10102
277 P 21.65 42.87 8827
278 P 21.57 42.90 9776
279 P 21.64 42.92 10623
280 P 21.62 42.89 12680
281 P 21.68 42.85 13299
282 P 21.64 42.87 14266
283 P 21.71 42.90 15271
284 P 21.67 42.86 16304
285 P 21.74 42.79 15639
286 P 21.80 42.84 16331
287 P 21.76 42.91 16633
288 P 21.86 42.98 19110
289 P 21.80 43.01 20288
290 P 21.84 43.02 20067
291 P 21.83 43.04 18483
292 P 21.86 42.97 18489
293 P 22.00 42.97 18610
294 P 22.07 42.94 18778
295 P 22.12 42.86 18335
296 P 22.21 42.84 18526
297 P 22.30 42.75 19414
298 P 22.45 42.64 19613
299 P 22.81 42.51 19263
300 P 23.21 42.40 17599
301 P 23.40 42.33 17626
302 P 23.86 42.08 16866
303 P 23.73 42.13 15916
304 P 24.05 42.07 16187
305 P 24.34 41.96 16135
306 P 24.16 41.81 16215
307 P 24.36 41.86 13934
308 P 24.67 42.05 13111
309 P 24.81 42.16 10035
310 P 24.89 42.12 8548
311 P 24.76 42.07 9370
312 P 25.02 42.00 9768
313 P 25.30 41.93 10652
314 P 25.36 41.93 11031
315 P 25.30 41.81 11476
316 P 25.68 41.71 11212
317 P 25.74 41.47 10438
318 P 25.97 41.41 8905
319 P 26.07 41.37 7654
320 P 26.15 41.37 7630
321 P 26.28 41.30 7986
322 P 26.44 41.23 7563
323 P 26.49 41.26 6798
324 P 26.14 41.28 7152
325 P 26.41 41.33 6183
326 P 26.34 41.28 5946
327 P 26.39 41.24 5735
328 P 26.44 41.17 6561
329 P 26.37 41.08 6664
330 P 26.73 41.10 6069
331 P 26.65 41.15 5501
332 P 26.66 41.22 5437
333 P 26.06 41.29 5908
334 P 26.41 41.33 5548
335 P 26.29 41.41 6681
336 P 26.33 41.41 6837
337 P 26.43 41.39 6112
338 P 26.04 41.38 6433
339 P 26.17 41.37 6365
340 P 26.19 41.37 6576
341 P 26.11 41.36 6720
342 P 26.17 41.25 6786
343 P 26.33 41.19 7174
344 P 26.11 41.23 7112
345 P 26.15 41.31 6768
346 P 26.24 41.31 6397
347 P 26.06 41.25 7805
348 P 26.31 41.33 7701
349 P 26.32 41.33 7641
350 P 26.16 41.31 7364
351 P 26.26 41.30 5413
352 P 26.17 41.37 4666
353 P 26.19 41.43 5290
354 P 27.70 40.98 2957
