% Nframe | type | QP | PSNR | size (Bytes) 
0 I 34.59 36.72 18968
1 P 38.36 36.41 281
2 P 37.95 36.13 696
3 P 37.75 36.03 1090
4 P 37.25 35.94 1319
5 P 37.69 36.16 1589
6 P 36.68 36.70 2103
7 P 36.73 36.79 2193
8 P 37.19 36.96 2929
9 P 36.73 37.25 3268
10 P 36.20 37.37 3627
11 P 36.05 37.61 3983
12 P 40.64 35.66 2106
13 P 43.36 33.76 2148
14 P 40.34 35.65 4252
15 P 38.64 36.43 4526
16 P 37.31 36.87 5904
17 P 36.69 36.46 7124
18 P 36.02 36.32 7904
19 P 35.08 37.70 7914
20 P 35.16 38.66 7543
21 P 34.78 39.29 7724
22 P 34.23 39.66 7087
23 P 34.24 39.81 6741
24 P 34.18 40.38 7565
25 P 34.10 40.27 7094
26 P 34.59 39.81 6960
27 P 34.77 39.10 6772
28 P 35.91 37.95 6395
29 P 37.54 36.12 5875
30 P 37.74 35.82 3805
31 P 36.59 36.37 4035
32 P 37.17 36.65 4685
33 P 37.07 36.67 4165
34 P 36.39 36.77 3878
35 P 36.49 36.61 3198
36 P 36.71 36.68 2963
37 P 36.50 36.41 2590
38 P 37.16 36.29 2744
39 P 37.99 35.89 2728
40 P 39.23 35.36 2477
41 P 39.56 34.98 2564
42 P 39.86 34.71 2010
43 P 40.34 34.42 2145
44 P 40.16 34.50 2170
45 P 39.88 34.87 2409
46 P 39.87 34.90 2602
47 P 39.80 34.97 2509
48 P 39.34 35.31 2586
49 P 39.40 35.25 2680
50 P 39.46 35.19 3044
51 P 39.65 34.91 3074
52 P 39.37 34.80 3057
53 P 39.19 34.82 3111
54 P 39.03 35.10 3000
55 P 38.48 35.40 2412
56 P 38.25 35.54 1793
57 P 38.42 35.53 2010
58 P 38.11 35.38 1840
59 P 38.22 35.41 2072
60 P 38.07 35.34 2200
61 P 37.97 35.44 2097
62 P 38.10 35.45 2331
63 P 38.09 35.35 2334
64 P 38.33 35.31 2639
65 P 38.30 34.96 2263
66 P 38.46 34.88 2019
67 P 38.17 35.00 1573
68 P 38.17 35.25 2131
69 P 38.12 35.24 2208
70 P 37.99 35.46 2515
71 P 37.81 35.44 3099
72 P 37.78 35.42 3332
73 P 37.49 35.25 3118
74 P 37.46 35.17 3009
75 P 37.19 35.28 2845
76 P 36.88 35.37 2617
77 P 36.41 35.56 2486
78 P 36.88 35.68 2341
79 P 36.01 35.71 2538
80 P 36.17 35.41 2649
81 P 36.36 35.37 2269
82 P 36.45 35.39 1541
83 P 36.35 35.66 1707
84 P 36.31 35.77 1652
85 P 36.74 35.87 1794
86 P 36.53 36.06 2081
87 P 36.40 36.15 2386
88 P 35.93 36.23 2597
89 P 36.47 36.18 2440
90 P 35.94 36.03 2987
91 P 36.05 35.80 3046
92 P 36.01 35.70 3301
93 P 35.76 35.57 3223
94 P 35.39 35.61 3114
95 P 34.96 35.73 3143
96 P 35.22 35.79 2379
97 P 34.90 35.94 2742
98 P 34.77 36.19 2412
99 P 35.04 36.31 2011
100 P 34.74 36.35 2277
101 P 34.62 36.34 2347
102 P 34.69 36.30 1967
103 P 34.74 36.30 1926
104 P 35.16 36.21 1881
105 P 34.81 36.12 1989
106 P 34.85 36.03 2250
107 P 35.00 35.97 1750
108 P 34.64 36.10 1422
109 P 34.51 36.11 1715
110 P 34.60 36.12 1943
111 P 34.65 36.25 1899
112 P 34.43 36.38 1654
113 P 34.15 36.39 1668
114 P 34.45 36.31 1855
115 P 34.10 36.31 1834
116 P 34.32 36.42 1599
117 P 34.04 36.57 1736
118 P 33.52 36.69 1573
119 P 33.05 36.74 1687
120 P 33.39 36.84 1956
121 P 33.19 36.88 1899
122 P 32.90 36.96 2376
123 P 33.26 36.85 2089
124 P 33.16 36.84 2676
125 P 32.95 36.90 2879
126 P 32.99 36.89 2441
127 P 32.85 36.97 2466
128 P 32.71 37.04 2403
129 P 32.42 37.07 2631
130 P 32.25 37.15 2540
131 P 31.72 37.19 2539
132 P 32.36 37.19 2393
133 P 31.86 37.23 2210
134 P 31.81 37.32 2267
135 P 31.54 37.43 2376
136 P 31.82 37.51 2014
137 P 31.82 37.52 2034
138 P 32.15 37.50 1978
139 P 31.73 37.51 2103
140 P 31.94 37.57 1510
141 P 31.72 37.65 1675
142 P 32.01 37.71 1693
143 P 32.08 37.73 1764
144 P 31.77 37.74 1928
145 P 31.57 37.79 1780
146 P 31.38 37.83 1796
147 P 31.65 37.85 1524
148 P 31.11 37.86 1811
149 P 31.19 37.91 1955
150 P 31.01 37.96 2300
151 P 31.35 38.07 2401
152 P 30.84 38.13 2488
153 P 30.78 38.10 2613
154 P 30.56 38.10 2978
155 P 30.70 38.13 2748
156 P 30.21 38.20 2610
157 P 29.84 38.25 2515
158 P 29.38 38.28 2723
159 P 28.91 38.39 2519
160 P 28.99 38.50 2622
161 P 29.47 38.51 2776
162 P 28.97 38.63 2161
163 P 29.15 38.63 2091
164 P 29.65 38.66 2100
165 P 29.28 38.68 2110
166 P 29.62 38.71 2070
167 P 29.80 38.73 2091
168 P 29.58 38.77 2526
169 P 29.26 38.77 2240
170 P 29.98 38.83 1823
171 P 29.39 38.90 1778
172 P 29.95 38.93 1907
173 P 29.49 38.96 2228
174 P 29.52 39.00 2174
175 P 29.01 39.04 2334
176 P 28.91 39.05 2795
177 P 29.13 39.06 2743
178 P 28.61 39.10 2001
179 P 29.03 39.13 1944
180 P 29.06 39.15 2352
181 P 28.88 39.21 2377
182 P 28.52 39.24 2441
183 P 28.76 39.26 2536
184 P 28.27 39.32 2628
185 P 28.49 39.39 2155
186 P 27.92 39.45 2028
187 P 27.96 39.50 2498
188 P 27.94 39.58 2182
189 P 28.05 39.55 2504
190 P 28.00 39.59 3159
191 P 28.03 39.59 3820
192 P 27.97 39.59 4197
193 P 27.83 39.57 4121
194 P 27.85 39.62 4116
195 P 27.68 39.65 3649
196 P 27.84 39.70 3547
197 P 27.71 39.79 2665
198 P 27.16 39.82 3253
199 P 27.62 39.86 3285
200 P 27.62 39.86 3481
201 P 27.74 39.95 3186
202 P 27.47 40.01 3264
203 P 27.21 40.04 3473
204 P 27.64 40.06 3276
205 P 27.58 40.11 3348
206 P 27.58 40.14 3260
207 P 27.51 40.15 3626
208 P 27.71 40.11 3748
209 P 27.78 40.05 3900
210 P 27.65 40.08 3630
211 P 27.49 40.12 3573
212 P 27.40 40.16 3161
213 P 27.47 40.18 4194
214 P 27.32 40.25 4208
215 P 27.27 40.24 3759
216 P 27.52 40.26 3319
217 P 27.27 40.25 3642
218 P 27.38 40.29 2803
219 P 27.52 40.33 2859
220 P 27.20 40.38 3213
221 P 27.40 40.33 3270
222 P 27.28 40.32 3513
223 P 27.13 40.32 3485
224 P 27.09 40.38 3650
225 P 27.21 40.36 3601
226 P 27.26 40.42 3743
227 P 27.26 40.42 3424
228 P 26.80 40.40 3687
229 P 27.18 40.39 3797
230 P 27.10 40.40 3955
231 P 26.86 40.46 3544
232 P 26.75 40.49 3755
233 P 27.13 40.49 3354
234 P 26.97 40.50 3369
235 P 27.04 40.53 2875
236 P 26.92 40.54 2509
237 P 26.72 40.56 3404
238 P 27.01 40.50 3497
239 P 26.65 40.53 4138
240 P 26.85 40.53 4239
241 P 26.90 40.54 2972
242 P 26.47 40.60 3228
243 P 26.93 40.59 2993
244 P 26.94 40.62 2512
245 P 26.77 40.63 2622
246 P 27.01 40.64 2424
247 P 26.89 40.65 2232
248 P 26.89 40.67 2561
249 P 26.67 40.71 2477
250 P 26.55 40.71 2163
251 P 26.76 40.69 2204
252 P 26.76 40.71 2123
253 P 26.66 40.70 2598
254 P 26.76 40.69 2448
255 P 26.66 40.70 2493
256 P 26.62 40.73 2953
257 P 26.70 40.74 2605
258 P 26.58 40.75 2988
259 P 26.52 40.78 3063
260 P 26.60 40.78 3097
261 P 26.39 40.79 2995
262 P 26.32 40.81 3262
263 P 26.07 40.86 3247
264 P 26.09 40.89 3378
265 P 26.10 40.94 2857
266 P 26.11 40.90 3111
267 P 25.70 40.90 4029
268 P 25.44 40.97 3599
269 P 25.29 41.01 4132
270 P 25.65 40.97 4319
271 P 25.35 40.97 4605
272 P 25.45 41.00 4983
273 P 25.66 41.01 4734
274 P 25.23 41.03 5098
275 P 25.14 41.04 5010
276 P 25.21 41.02 5287
277 P 25.62 41.09 4844
278 P 25.43 41.14 5632
279 P 25.20 41.20 6144
280 P 25.33 41.20 7148
281 P 25.10 41.22 7877
282 P 25.19 41.25 8302
283 P 24.91 41.28 9005
284 P 25.04 41.22 9241
285 P 25.23 41.16 9212
286 P 25.54 41.22 9441
287 P 25.13 41.31 9757
288 P 25.53 41.43 11311
289 P 25.12 41.44 12020
290 P 25.21 41.42 11940
291 P 25.17 41.42 10878
292 P 25.58 41.37 11155
293 P 25.57 41.35 10856
294 P 25.97 41.33 11204
295 P 26.27 41.22 10404
296 P 26.06 41.17 10529
297 P 26.45 41.06 11273
298 P 26.64 40.92 10840
299 P 26.59 40.77 11027
300 P 26.98 40.64 9834
301 P 27.19 40.58 9866
302 P 27.50 40.35 9181
303 P 27.80 40.33 8739
304 P 27.73 40.23 8757
305 P 28.42 40.12 8875
306 P 28.21 39.94 8447
307 P 28.41 39.98 7614
308 P 28.37 40.19 7157
309 P 28.54 40.31 5391
310 P 28.27 40.25 4719
311 P 29.25 40.20 4936
312 P 29.14 40.17 5432
313 P 29.29 40.07 5572
314 P 29.42 40.07 6167
315 P 29.46 39.94 6208
316 P 29.53 39.84 6543
317 P 29.77 39.62 5893
318 P 29.64 39.55 5037
319 P 29.78 39.50 4370
320 P 30.01 39.43 4063
321 P 30.29 39.39 4548
322 P 30.07 39.30 4283
323 P 29.88 39.36 4101
324 P 30.22 39.34 4236
325 P 29.95 39.39 3671
326 P 30.21 39.33 3506
327 P 30.50 39.30 3248
328 P 30.33 39.24 3628
329 P 30.54 39.15 3299
330 P 30.26 39.16 3228
331 P 30.45 39.19 3053
332 P 30.37 39.29 3035
333 P 30.28 39.31 3237
334 P 30.22 39.35 3114
335 P 30.24 39.44 3525
336 P 30.26 39.43 3587
337 P 30.34 39.39 3417
338 P 30.19 39.38 3783
339 P 30.11 39.40 3672
340 P 30.02 39.38 3683
341 P 30.16 39.37 3649
342 P 30.13 39.27 3659
343 P 30.18 39.22 4121
344 P 30.20 39.22 3722
345 P 30.24 39.30 3842
346 P 30.04 39.33 3779
347 P 30.40 39.26 4206
348 P 30.12 39.33 4181
349 P 30.29 39.34 4280
350 P 30.21 39.32 3973
351 P 30.41 39.28 2811
352 P 30.44 39.38 2183
353 P 30.38 39.43 2713
354 P 31.69 39.02 1761
