% Nframe | type | QP | PSNR | size (Bytes) 
0 I 41.26 32.28 12299
1 P 45.23 31.99 197
2 P 45.68 31.81 407
3 P 44.52 31.54 725
4 P 44.69 31.65 1097
5 P 45.65 31.67 1027
6 P 45.10 31.62 1140
7 P 44.94 31.36 1148
8 P 45.03 31.10 1134
9 P 45.21 30.92 1061
10 P 45.13 31.13 919
11 P 45.71 31.42 1069
12 P 50.37 29.80 425
13 P 51.00 29.13 656
14 P 49.97 28.84 532
15 P 48.48 29.33 465
16 P 48.51 30.04 755
17 P 47.21 30.68 1155
18 P 46.38 30.83 1392
19 P 45.19 30.67 1582
20 P 45.71 30.37 1763
21 P 44.36 30.45 1272
22 P 44.08 30.91 1418
23 P 43.11 31.46 1889
24 P 43.49 31.85 1794
25 P 42.17 31.61 2114
26 P 41.56 31.62 1893
27 P 40.93 32.17 2145
28 P 40.71 32.36 2180
29 P 41.28 32.15 2166
30 P 40.91 32.08 2595
31 P 41.23 32.22 2604
32 P 40.74 32.50 2313
33 P 40.67 32.59 2326
34 P 40.52 32.32 2464
35 P 40.48 32.11 2851
36 P 40.46 32.16 2847
37 P 40.12 32.08 2186
38 P 39.81 32.36 1690
39 P 40.36 32.46 1882
40 P 41.05 32.46 1856
41 P 40.49 32.39 1876
42 P 40.59 32.25 1874
43 P 40.57 32.28 1805
44 P 40.28 32.27 1767
45 P 40.56 32.35 1674
46 P 40.92 32.24 1742
47 P 41.48 31.96 1561
48 P 42.38 31.89 1304
49 P 41.78 32.00 1130
50 P 41.39 32.22 1359
51 P 41.76 32.24 1629
52 P 40.98 32.05 1611
53 P 41.49 32.06 1626
54 P 41.98 32.02 1759
55 P 41.45 31.86 1681
56 P 41.19 31.89 1858
57 P 40.96 31.95 1873
58 P 41.15 32.25 1963
59 P 41.23 32.53 2640
60 P 40.95 32.82 2851
61 P 40.49 32.66 3015
62 P 40.46 32.41 2951
63 P 40.46 32.29 2937
64 P 40.39 32.18 2669
65 P 40.71 32.11 2303
66 P 40.59 32.17 2355
67 P 40.11 32.31 2325
68 P 40.31 32.39 2133
69 P 40.07 32.32 2235
70 P 40.62 32.27 2404
71 P 40.49 32.30 2285
72 P 41.19 32.22 2270
73 P 42.19 32.00 1834
74 P 41.98 31.91 1519
75 P 41.74 32.23 2095
76 P 41.20 32.44 2443
77 P 40.94 32.99 3140
78 P 40.64 33.13 3201
79 P 41.09 33.11 3458
80 P 40.91 32.75 3330
81 P 41.16 32.50 3410
82 P 41.11 32.26 3360
83 P 41.07 32.17 3030
84 P 40.90 32.20 2829
85 P 40.43 32.25 2803
86 P 40.20 32.27 2484
87 P 40.45 32.31 2664
88 P 40.63 32.27 2653
89 P 41.28 32.08 2594
90 P 41.79 31.93 2384
91 P 42.38 31.97 2244
92 P 41.64 31.94 2416
93 P 41.91 31.91 2420
94 P 41.76 31.78 1897
95 P 42.22 31.63 1866
96 P 41.94 31.51 1687
97 P 42.09 31.56 1619
98 P 42.58 31.43 1719
99 P 42.29 31.20 1620
100 P 42.54 31.09 1683
101 P 42.16 31.04 1382
102 P 43.10 31.16 1774
103 P 42.22 31.49 1980
104 P 42.23 31.42 2056
105 P 42.69 31.17 2096
106 P 42.28 31.28 2051
107 P 42.06 31.20 2092
108 P 42.66 31.19 2054
109 P 42.66 31.14 1997
110 P 42.46 31.23 2077
111 P 41.62 31.19 2098
112 P 42.96 31.24 1961
113 P 42.02 31.31 1740
114 P 42.49 31.38 1410
115 P 42.33 31.53 1652
116 P 42.93 31.56 1746
117 P 43.03 31.59 1853
118 P 43.51 31.51 1658
119 P 43.77 31.48 1928
120 P 43.49 31.35 1740
121 P 43.29 31.32 1695
122 P 42.33 31.32 1612
123 P 43.39 31.38 1508
124 P 42.71 31.50 1540
125 P 43.36 31.47 1629
126 P 43.89 31.33 1552
127 P 43.56 31.24 1667
128 P 42.59 31.48 2063
129 P 42.78 31.68 2028
130 P 41.83 32.09 2300
131 P 42.00 32.17 2345
132 P 41.31 31.88 2316
133 P 42.51 31.70 2296
134 P 42.22 31.65 2037
135 P 42.43 31.63 1761
136 P 42.58 31.51 1926
137 P 42.80 31.54 2059
138 P 42.52 31.34 1688
139 P 42.96 31.53 1392
140 P 42.46 31.58 1553
141 P 42.63 31.78 1998
142 P 42.00 31.94 2313
143 P 42.13 32.16 2153
144 P 41.85 32.59 2539
145 P 42.03 32.89 2885
146 P 41.98 32.80 2980
147 P 42.52 32.68 3523
148 P 41.63 32.31 3942
149 P 41.99 32.03 4217
150 P 41.67 32.16 4383
151 P 41.19 32.36 3883
152 P 40.98 32.56 3310
153 P 40.83 32.96 3492
154 P 40.91 32.99 3765
155 P 40.40 33.12 3867
156 P 40.20 33.17 4254
157 P 39.97 32.94 4143
158 P 40.09 33.32 6109
159 P 40.17 33.36 6254
160 P 40.12 33.18 6955
161 P 39.97 33.39 7227
162 P 39.97 34.14 7371
163 P 39.35 35.16 7762
164 P 39.35 35.53 6513
165 P 38.77 36.61 6545
166 P 39.55 35.87 5163
167 P 39.00 35.85 5312
168 P 39.92 35.66 5090
169 P 40.63 35.48 5022
170 P 40.05 34.88 5642
171 P 39.58 35.18 6899
172 P 40.19 34.50 6881
173 P 41.48 34.24 6756
174 P 43.27 33.05 6785
175 P 42.36 32.17 6560
176 P 43.65 30.83 2969
177 P 43.34 30.09 2753
178 P 44.18 29.70 3565
179 P 44.19 29.67 3686
180 P 44.61 29.49 3567
181 P 44.81 29.33 3551
182 P 45.24 28.94 3455
183 P 45.89 28.73 3161
184 P 45.76 28.20 3494
185 P 46.24 27.81 2553
186 P 46.49 27.14 2944
187 P 46.90 27.25 3063
188 P 46.22 27.08 4070
189 P 46.06 27.32 3845
190 P 46.26 27.33 3358
191 P 46.20 27.18 3695
192 P 46.85 26.86 3348
193 P 46.80 26.74 3250
194 P 47.02 26.69 2844
195 P 47.11 26.44 3013
196 P 47.43 26.29 3104
197 P 47.35 26.12 2747
198 P 47.91 26.04 2968
199 P 47.66 25.88 3139
200 P 48.10 25.81 2108
201 P 48.25 25.43 2613
202 P 48.80 25.02 3003
203 P 48.75 24.59 4237
204 P 49.16 24.17 3620
205 P 49.60 23.71 3920
206 P 49.61 23.62 4081
207 P 50.20 23.15 3248
208 P 50.31 23.05 1652
209 P 50.37 22.97 1707
210 P 50.53 22.93 934
211 P 50.60 22.91 1068
212 P 50.52 23.00 1526
213 P 50.61 23.01 1816
214 P 50.43 22.99 1478
215 P 50.48 22.98 1624
216 P 50.75 22.96 1580
217 P 50.69 22.93 1010
218 P 50.94 22.93 679
219 P 50.69 22.92 346
220 P 50.73 22.97 229
221 P 51.00 22.97 127
222 P 49.88 22.98 133
223 P 51.00 23.02 122
224 P 51.00 23.02 100
225 P 50.53 23.12 87
226 P 49.99 23.21 121
227 P 50.59 23.27 106
228 P 49.82 23.28 183
229 P 50.81 23.25 216
230 P 51.00 23.29 122
231 P 50.96 23.29 90
232 P 49.89 23.30 84
233 P 50.63 23.30 84
234 P 49.18 23.31 115
235 P 50.68 23.32 127
236 P 50.58 23.33 119
237 P 51.00 23.34 174
238 P 50.59 23.36 216
239 P 50.49 23.36 301
240 P 50.94 23.36 384
241 P 50.41 23.36 407
242 P 50.55 23.37 419
243 P 50.18 23.38 538
244 P 50.45 23.36 580
245 P 49.71 23.37 305
246 P 50.07 23.40 368
247 P 50.92 23.40 304
% Nframe | type | QP | PSNR | size (Bytes) 
25 P 42.08 31.58 179
26 P 44.02 31.50 1113
27 P 44.82 31.32 1061
28 P 44.60 31.28 1154
29 P 44.80 31.41 1589
30 P 44.02 31.49 1294
31 P 42.83 31.52 325
32 P 43.78 31.44 1263
33 P 43.58 31.40 1346
34 P 43.62 31.42 2097
35 P 43.15 31.33 1693
36 P 43.08 31.23 1613
37 P 42.52 31.34 2075
38 P 42.76 31.42 724
39 P 39.83 31.48 2734
40 P 40.61 31.55 2211
41 P 40.79 31.63 2178
42 P 38.57 31.62 2045
43 P 38.91 31.92 2557
44 P 40.12 32.00 2284
45 P 41.00 32.05 2193
46 P 41.30 32.09 1996
47 P 40.50 32.07 2081
48 P 41.81 32.27 2972
49 P 39.01 32.27 795
50 P 40.13 32.31 2210
51 P 40.48 32.26 2131
52 P 40.30 32.17 1977
53 P 40.82 32.10 2448
54 P 40.18 32.18 5036
55 P 40.37 32.18 869
56 P 40.58 32.01 1675
57 P 41.05 31.95 1798
58 P 39.54 32.00 2421
59 P 40.27 31.99 1990
60 P 41.17 32.02 2012
61 P 40.67 32.08 2140
62 P 40.20 32.05 2306
63 P 40.43 32.08 2104
64 P 40.58 32.04 2152
65 P 40.97 32.01 2005
66 P 41.01 31.91 1877
67 P 40.94 31.96 2078
68 P 41.36 32.02 2246
69 P 40.99 32.00 2130
70 P 41.58 31.99 2134
71 P 42.25 31.89 2278
72 P 41.04 32.13 3107
73 P 41.37 32.13 774
74 P 41.41 31.97 2156
75 P 41.71 32.02 2063
76 P 42.07 31.96 1936
77 P 41.44 32.02 2469
78 P 41.83 32.10 1901
79 P 42.23 32.10 668
80 P 41.84 32.01 1910
81 P 41.71 32.04 1762
82 P 42.77 32.03 2248
83 P 42.27 32.09 1775
84 P 42.10 32.08 1764
85 P 40.97 32.07 1875
86 P 42.88 32.01 1758
87 P 42.86 32.06 1735
88 P 42.75 32.09 2005
89 P 40.59 32.10 1588
90 P 41.83 32.11 1684
91 P 41.90 32.10 1899
92 P 40.40 32.13 2056
93 P 40.65 32.13 2119
94 P 40.52 32.16 2249
95 P 40.53 32.08 1960
96 P 41.15 32.23 3259
97 P 40.76 32.22 738
98 P 40.44 32.17 2405
99 P 40.17 32.21 2575
100 P 41.16 32.13 2396
101 P 40.76 32.17 3259
102 P 40.83 32.14 3012
103 P 41.62 32.23 968
104 P 41.72 32.18 2400
105 P 39.19 32.26 3122
106 P 40.14 32.22 2455
107 P 40.76 32.19 2650
108 P 40.84 32.14 2351
109 P 41.56 32.43 5058
110 P 41.46 32.31 2216
111 P 41.36 32.28 2323
112 P 41.39 32.24 1837
113 P 41.50 32.20 1863
114 P 41.86 32.12 1863
115 P 41.64 32.26 2145
116 P 41.03 32.16 2120
117 P 41.62 32.15 2272
118 P 41.24 32.12 2185
119 P 42.15 32.04 2100
120 P 41.73 32.02 1960
121 P 41.98 31.96 1823
122 P 41.82 31.91 1828
123 P 41.61 31.94 2115
124 P 41.27 32.00 2125
125 P 42.44 32.03 651
126 P 42.11 32.06 1694
127 P 42.15 32.04 1702
128 P 41.94 32.10 1948
129 P 42.99 32.11 1530
130 P 41.74 32.14 1838
131 P 42.39 32.12 647
132 P 42.53 32.11 2000
133 P 41.64 32.14 2420
134 P 42.43 32.11 1792
135 P 42.42 32.08 1740
136 P 41.73 32.10 1639
137 P 42.58 32.11 1379
138 P 41.96 32.17 1455
139 P 43.07 32.11 1364
140 P 42.08 32.20 1458
141 P 40.28 32.16 1487
142 P 41.99 32.26 2040
143 P 41.75 32.30 685
144 P 42.29 32.21 1425
145 P 41.96 32.20 1337
146 P 41.42 32.20 1280
147 P 42.44 32.11 1625
148 P 42.19 32.19 1417
149 P 42.29 32.22 375
150 P 42.42 32.22 1239
151 P 42.33 32.26 1221
152 P 42.32 32.27 1695
153 P 42.05 32.27 1573
154 P 41.61 32.33 1648
155 P 41.61 32.36 662
156 P 41.51 32.25 1484
157 P 41.90 32.35 2377
158 P 41.42 32.37 1699
159 P 40.41 32.37 1808
160 P 41.47 32.35 1822
161 P 40.77 32.40 1978
162 P 41.76 32.42 1556
163 P 41.25 32.49 4708
164 P 40.58 32.44 1891
165 P 39.91 32.39 1805
166 P 40.57 32.56 2722
167 P 38.40 32.63 587
168 P 41.29 32.53 1851
169 P 41.25 32.49 1999
170 P 41.14 32.51 2039
171 P 41.42 32.52 2745
172 P 41.13 32.58 2196
173 P 40.51 32.54 970
174 P 41.12 32.44 2245
175 P 41.49 32.39 1954
176 P 41.33 32.48 2885
177 P 40.95 32.46 2165
178 P 40.38 32.50 2278
179 P 40.30 32.51 657
180 P 40.85 32.52 1985
181 P 40.52 32.53 2326
182 P 40.48 32.53 1815
183 P 40.51 32.58 1844
184 P 41.07 32.57 1783
185 P 40.72 32.54 2079
186 P 40.52 32.58 2064
187 P 40.48 32.61 2016
188 P 40.30 32.57 2097
189 P 40.76 32.57 1826
190 P 40.29 32.59 2560
191 P 40.75 32.61 628
192 P 40.60 32.56 1755
193 P 40.70 32.58 1955
194 P 40.56 32.52 1849
195 P 40.69 32.57 2380
196 P 40.52 32.63 2284
197 P 39.93 32.62 834
198 P 40.06 32.62 1890
199 P 40.63 32.69 1962
200 P 40.40 32.71 2448
201 P 40.23 32.67 2021
202 P 40.71 32.67 2064
203 P 40.14 32.67 1119
204 P 40.78 32.68 2498
205 P 40.80 32.63 2223
206 P 41.12 32.64 1761
207 P 41.19 32.61 1695
208 P 40.53 32.64 1843
209 P 40.90 32.59 1528
210 P 39.14 33.07 3933
211 P 40.67 33.01 1496
212 P 40.62 33.00 1775
213 P 41.82 33.02 1979
214 P 39.32 33.14 3223
215 P 40.16 33.16 484
216 P 39.63 33.10 2235
217 P 40.78 33.04 2123
218 P 40.51 33.05 1953
219 P 39.60 33.08 2677
220 P 40.26 33.07 1865
221 P 41.20 33.08 426
222 P 40.58 33.04 1966
223 P 41.02 33.04 2365
224 P 40.44 33.08 2913
225 P 41.06 33.09 2567
226 P 40.31 33.10 2758
227 P 40.89 33.14 741
228 P 40.12 33.02 3153
229 P 40.05 33.03 2466
230 P 39.64 33.02 2197
231 P 39.68 32.92 2017
232 P 40.14 32.94 2079
233 P 40.15 32.95 1918
234 P 40.71 32.97 1778
235 P 39.74 32.96 1818
236 P 40.27 32.95 1812
237 P 40.70 32.88 2028
238 P 39.70 32.94 3007
239 P 39.74 32.94 746
240 P 40.32 32.87 2258
241 P 40.06 32.78 2324
242 P 40.89 32.75 2081
243 P 40.01 32.83 3013
244 P 39.72 32.85 2108
245 P 39.80 32.87 660
246 P 40.38 32.82 1900
247 P 40.07 32.83 2467
248 P 39.62 32.77 1927
249 P 40.50 32.77 1948
250 P 40.34 32.74 1891
251 P 39.80 32.75 718
252 P 40.53 32.68 2175
253 P 40.33 32.63 1940
254 P 40.65 32.61 1920
255 P 42.43 32.34 1503
% Nframe | type | QP | PSNR | size (Bytes) 
25 P 42.39 33.09 4208
26 P 42.90 32.55 4055
27 P 43.77 31.88 3498
28 P 44.16 31.06 3006
29 P 45.33 29.78 2654
30 P 46.42 29.70 1464
31 P 45.56 29.90 1917
32 P 44.91 29.82 2489
33 P 44.86 29.82 2819
34 P 46.20 29.76 2382
35 P 44.68 29.67 1843
36 P 46.90 29.75 1644
37 P 45.39 29.59 2109
38 P 45.95 29.31 1760
39 P 46.50 29.02 1913
40 P 47.89 28.68 1774
41 P 47.78 28.57 1489
42 P 47.67 28.46 1280
43 P 48.45 28.43 1081
44 P 48.40 28.51 893
45 P 48.58 28.77 1052
46 P 48.66 28.63 1286
47 P 48.71 28.48 1508
48 P 48.25 28.66 1794
49 P 48.46 28.42 1880
50 P 48.80 28.27 1869
51 P 48.82 28.27 1880
52 P 49.01 28.04 1639
53 P 48.75 28.02 1683
54 P 48.38 28.14 1717
55 P 47.79 28.34 1659
56 P 47.96 28.41 1623
57 P 48.00 28.51 1689
58 P 47.90 28.32 1373
59 P 47.96 28.38 1522
60 P 47.76 28.41 1519
61 P 47.75 28.35 1523
62 P 47.75 28.35 1554
63 P 47.90 28.27 1513
64 P 47.80 28.15 1230
65 P 48.22 28.02 941
66 P 48.07 28.07 771
67 P 48.10 28.20 649
68 P 48.24 28.43 729
69 P 48.48 28.45 567
70 P 48.44 28.60 692
71 P 48.41 28.61 846
72 P 48.12 28.50 790
73 P 47.85 28.43 909
74 P 47.92 28.43 857
75 P 48.09 28.48 958
76 P 47.40 28.50 953
77 P 47.24 28.55 1080
78 P 47.05 28.58 1267
79 P 47.09 28.57 1234
80 P 47.24 28.53 1060
81 P 46.88 28.59 713
82 P 46.01 28.77 479
83 P 45.64 28.99 360
84 P 46.88 29.25 375
85 P 45.87 29.34 418
86 P 47.06 29.46 606
87 P 46.29 29.58 932
88 P 46.69 29.60 1003
89 P 46.60 29.56 1008
90 P 46.23 29.50 1000
91 P 46.05 29.44 980
92 P 46.21 29.53 927
93 P 46.00 29.53 725
94 P 45.92 29.59 703
95 P 45.46 29.68 851
96 P 45.41 29.75 942
97 P 45.39 29.93 1130
98 P 45.15 30.08 1174
99 P 44.46 30.06 1125
100 P 44.55 30.12 1353
101 P 44.57 30.15 1321
102 P 44.56 30.15 1228
103 P 44.48 30.15 1252
104 P 44.28 30.23 1063
105 P 44.21 30.19 802
106 P 44.41 30.19 763
107 P 43.37 30.27 646
108 P 43.79 30.38 531
109 P 43.59 30.47 547
110 P 44.14 30.46 525
111 P 44.51 30.49 560
112 P 43.63 30.53 589
113 P 43.54 30.55 657
114 P 43.56 30.57 578
115 P 44.30 30.65 474
116 P 42.43 30.86 272
117 P 42.53 31.10 297
118 P 43.46 31.25 275
119 P 44.01 31.26 390
120 P 41.95 31.25 543
121 P 41.78 31.32 758
122 P 42.65 31.34 842
123 P 42.19 31.30 740
124 P 42.75 31.35 724
125 P 42.32 31.48 771
126 P 41.60 31.53 472
127 P 41.01 31.63 498
128 P 40.72 31.73 576
129 P 41.25 31.77 544
130 P 40.91 31.83 670
131 P 40.86 31.86 662
132 P 40.98 31.87 570
133 P 41.72 31.94 514
134 P 39.93 32.01 493
135 P 40.11 32.09 739
136 P 40.66 32.13 760
137 P 40.42 32.14 803
138 P 39.51 32.12 756
139 P 39.05 32.18 807
140 P 38.49 32.27 562
141 P 38.39 32.38 453
142 P 38.69 32.51 422
143 P 38.70 32.57 399
144 P 38.69 32.67 468
145 P 38.73 32.77 476
146 P 37.44 32.80 508
147 P 37.56 32.82 414
148 P 37.47 32.86 480
149 P 37.16 32.86 439
150 P 38.43 32.86 811
151 P 38.80 32.86 960
152 P 39.05 32.90 1353
153 P 39.26 32.94 1340
154 P 38.76 33.04 1209
155 P 38.08 33.12 919
156 P 37.33 33.23 769
157 P 38.61 33.35 667
158 P 37.33 33.46 645
159 P 37.64 33.57 587
160 P 38.74 33.65 606
161 P 37.73 33.65 725
162 P 37.10 33.72 612
163 P 36.41 33.78 754
164 P 35.61 33.95 824
165 P 34.56 33.99 690
166 P 36.24 34.02 543
167 P 36.71 34.02 578
168 P 36.25 34.03 722
169 P 35.93 34.05 754
170 P 36.15 34.15 530
171 P 35.31 34.25 425
172 P 35.75 34.29 373
173 P 35.96 34.38 706
174 P 36.15 34.38 908
175 P 35.96 34.40 1134
176 P 35.67 34.44 1519
177 P 35.53 34.51 1347
178 P 35.14 34.57 991
179 P 34.67 34.64 811
180 P 35.15 34.70 924
181 P 35.02 34.74 1067
182 P 34.72 34.79 995
183 P 35.51 34.85 1184
184 P 34.50 34.93 994
185 P 33.74 35.04 1012
186 P 33.97 35.14 735
187 P 33.31 35.28 843
188 P 33.55 35.29 732
189 P 34.94 35.24 998
190 P 34.90 35.29 1394
191 P 35.01 35.31 1616
192 P 34.52 35.32 1657
193 P 34.49 35.30 1430
194 P 34.41 35.36 1468
195 P 34.24 35.42 1047
196 P 34.79 35.49 956
197 P 34.04 35.53 901
198 P 34.39 35.54 1027
199 P 34.45 35.56 1334
200 P 34.35 35.63 1489
201 P 34.53 35.66 1252
202 P 34.21 35.67 1650
203 P 34.52 35.77 1515
204 P 34.59 35.75 1578
205 P 34.24 35.81 1716
206 P 34.30 35.82 1959
207 P 34.22 35.84 2058
208 P 34.60 35.85 1729
209 P 34.47 35.79 1843
210 P 34.41 35.83 1757
211 P 34.43 35.83 1609
212 P 34.48 35.83 1649
213 P 34.57 35.87 1835
214 P 34.53 35.86 1966
215 P 34.42 35.89 1829
216 P 34.52 35.93 1656
217 P 33.97 35.97 1550
218 P 34.48 36.00 996
219 P 33.95 36.10 901
220 P 33.98 36.11 1256
221 P 33.99 36.11 1224
222 P 34.07 36.10 1321
223 P 34.59 36.18 1292
224 P 34.46 36.22 1348
225 P 34.53 36.27 1389
226 P 34.26 36.30 1505
227 P 34.45 36.24 1446
228 P 34.20 36.24 1525
229 P 33.90 36.23 1535
230 P 34.31 36.24 1342
231 P 33.93 36.28 1475
232 P 34.47 36.27 1439
233 P 34.30 36.26 1375
234 P 33.72 36.28 1092
235 P 33.16 36.34 993
236 P 33.60 36.39 744
237 P 33.63 36.42 912
238 P 33.12 36.38 1124
239 P 32.91 36.40 1308
240 P 33.21 36.39 1272
241 P 33.58 36.40 994
242 P 33.72 36.43 1148
243 P 33.63 36.44 1083
244 P 33.04 36.53 613
245 P 32.64 36.57 542
246 P 32.94 36.59 637
247 P 31.79 36.63 565
248 P 32.77 36.65 540
249 P 32.31 36.67 600
250 P 32.76 36.69 397
251 P 31.37 36.73 443
252 P 32.34 36.74 403
253 P 33.10 36.75 514
254 P 32.38 36.76 508
255 P 32.90 36.76 470
256 P 32.76 36.76 642
257 P 33.38 36.77 513
258 P 32.70 36.75 721
259 P 32.87 36.77 822
260 P 33.40 36.76 748
261 P 32.90 36.78 653
262 P 33.56 36.79 805
263 P 33.30 36.81 842
264 P 32.94 36.81 768
265 P 32.48 36.87 578
266 P 32.02 36.88 581
267 P 32.05 36.88 829
268 P 33.07 36.88 844
269 P 33.14 36.91 1072
270 P 32.48 36.87 1184
271 P 33.03 36.90 1356
272 P 32.98 36.93 1394
273 P 32.34 36.91 1513
274 P 32.73 36.94 1507
275 P 32.55 36.95 1441
276 P 32.97 36.96 1721
277 P 32.59 36.98 1693
278 P 32.49 37.02 1810
279 P 32.20 37.08 1913
280 P 32.17 37.14 2285
281 P 32.32 37.15 2538
282 P 32.40 37.24 2844
283 P 32.40 37.31 2863
284 P 32.32 37.31 3014
285 P 32.30 37.28 3013
286 P 32.31 37.40 3195
287 P 32.31 37.57 3224
288 P 32.15 37.76 3613
289 P 32.06 37.80 4103
290 P 32.23 37.77 4206
291 P 31.83 37.78 4003
292 P 31.95 37.76 4035
293 P 32.28 37.82 3974
294 P 32.23 37.83 4263
295 P 32.40 37.83 4432
296 P 32.16 37.82 4344
297 P 32.21 37.83 4810
298 P 32.03 37.72 4741
299 P 32.43 37.66 4823
300 P 32.17 37.63 4574
301 P 32.20 37.62 4653
302 P 32.21 37.48 4440
303 P 32.55 37.52 4546
304 P 32.26 37.55 4561
305 P 32.53 37.50 4478
306 P 32.23 37.42 4601
307 P 32.46 37.51 4388
308 P 32.33 37.78 4345
309 P 32.34 37.91 3485
310 P 32.16 37.87 3106
311 P 32.03 37.91 3488
312 P 32.17 37.89 3660
313 P 32.26 37.84 3793
314 P 32.65 37.88 3906
315 P 32.66 37.80 4082
316 P 33.07 37.69 3910
317 P 33.09 37.43 3576
318 P 33.37 37.37 3105
319 P 33.34 37.32 2846
320 P 33.76 37.22 2623
321 P 33.72 37.16 2885
322 P 33.95 37.09 2719
323 P 33.84 37.07 2751
324 P 33.83 37.07 2644
325 P 34.03 36.98 2531
326 P 33.97 36.95 2622
327 P 34.28 36.88 2380
328 P 34.22 36.83 2339
329 P 34.42 36.75 2082
330 P 34.45 36.73 1702
331 P 34.27 36.74 1738
332 P 34.40 36.83 2047
333 P 34.64 36.80 2034
334 P 34.36 36.88 2315
335 P 34.18 36.95 2256
336 P 34.63 36.90 2350
337 P 34.34 36.87 2425
338 P 34.59 36.85 2059
339 P 34.36 36.79 2264
340 P 34.56 36.81 2329
341 P 34.30 36.77 2336
342 P 34.46 36.73 2407
343 P 34.43 36.68 2135
344 P 34.64 36.71 1858
345 P 34.83 36.76 1693
346 P 34.77 36.85 1732
347 P 34.95 36.82 1936
348 P 34.76 36.84 2084
349 P 34.79 36.82 2109
350 P 34.84 36.78 2011
351 P 35.07 36.72 1323
352 P 34.77 36.82 1055
353 P 34.92 36.85 1311
354 P 35.69 36.39 957
