% Nframe | type | QP | PSNR | size (Bytes) 
0 I 21.88 41.81 5910
1 P 21.64 41.30 463
2 P 23.02 41.05 713
3 P 23.90 40.91 901
4 P 23.46 40.85 1169
5 P 23.38 40.78 1155
6 P 23.39 40.76 1213
7 P 22.92 40.74 1297
8 P 23.22 40.81 1169
9 P 23.23 40.70 1129
10 P 24.80 40.59 1009
11 P 23.79 40.65 1397
12 P 25.65 39.87 919
13 P 20.52 41.48 2235
14 P 18.53 42.96 2684
15 P 17.13 43.99 2640
16 P 16.39 44.75 3281
17 P 15.63 45.14 3984
18 P 14.98 45.60 4706
19 P 14.48 45.98 4774
20 P 14.10 46.32 4490
21 P 13.57 46.56 4315
22 P 13.19 46.88 5463
23 P 13.00 47.04 6025
24 P 12.57 47.42 6047
25 P 12.53 47.31 6409
26 P 12.52 47.22 5571
27 P 12.52 47.37 5696
28 P 12.44 47.46 5819
29 P 12.52 47.37 5884
30 P 12.60 47.26 6203
31 P 12.75 47.26 6065
32 P 12.85 47.32 5772
33 P 12.92 47.30 5756
34 P 13.12 46.96 5863
35 P 13.26 46.81 6039
36 P 13.22 46.83 5770
37 P 13.34 46.76 4801
38 P 13.58 46.71 4518
39 P 13.87 46.51 4946
40 P 13.95 46.37 4888
41 P 14.02 46.36 4672
42 P 14.17 46.27 4696
43 P 14.33 46.12 4363
44 P 14.38 46.08 4539
45 P 14.39 46.15 4579
46 P 14.32 46.11 4179
47 P 14.65 46.04 3731
48 P 14.74 45.96 3239
49 P 14.82 46.07 3299
50 P 14.92 45.94 3453
51 P 15.03 45.80 3966
52 P 15.02 45.78 3834
53 P 15.29 45.70 3365
54 P 14.95 45.59 3607
55 P 15.02 45.62 3579
56 P 15.15 45.64 3294
57 P 15.24 45.68 3686
58 P 15.30 45.48 3847
59 P 15.50 45.54 4355
60 P 15.01 45.56 5024
61 P 15.09 45.66 5172
62 P 15.07 45.69 5044
63 P 15.01 45.83 5127
64 P 15.04 45.82 4672
65 P 15.01 45.68 4164
66 P 14.98 45.71 4397
67 P 14.91 45.76 4353
68 P 15.05 45.74 3964
69 P 14.98 45.71 4483
70 P 14.94 45.60 4718
71 P 15.00 45.54 4645
72 P 14.90 45.58 4759
73 P 15.07 45.50 4184
74 P 15.05 45.47 3817
75 P 15.25 45.35 4484
76 P 15.51 45.34 4792
77 P 15.25 45.42 5350
78 P 15.18 45.43 5600
79 P 15.32 45.35 5587
80 P 15.25 45.39 5867
81 P 15.12 45.17 5405
82 P 15.45 45.09 5432
83 P 15.48 45.22 5116
84 P 15.49 45.04 4660
85 P 15.56 45.12 4650
86 P 15.62 45.16 4522
87 P 15.68 45.27 4668
88 P 15.65 45.19 4703
89 P 15.68 45.17 4778
90 P 15.66 45.20 4769
91 P 15.87 45.17 4467
92 P 15.91 45.00 4664
93 P 16.06 44.94 4451
94 P 16.11 45.01 4007
95 P 16.19 44.88 3806
96 P 16.17 44.75 3774
97 P 16.17 44.84 3475
98 P 16.21 44.78 3587
99 P 16.46 44.66 3671
100 P 16.15 44.70 3616
101 P 16.46 44.47 3274
102 P 16.49 44.45 3623
103 P 16.42 44.64 3961
104 P 16.30 44.72 4182
105 P 16.02 44.65 4180
106 P 16.02 44.74 3841
107 P 16.04 44.78 3872
108 P 16.45 44.77 3765
109 P 16.44 44.69 3607
110 P 16.93 44.86 3641
111 P 16.10 44.88 3652
112 P 16.38 44.87 3321
113 P 16.20 44.89 3282
114 P 15.93 45.05 3318
115 P 15.98 44.98 3331
116 P 16.43 44.95 3431
117 P 16.29 44.88 3462
118 P 16.15 44.87 3521
119 P 15.91 44.88 3755
120 P 16.14 44.77 3441
121 P 16.63 44.77 3316
122 P 16.62 44.82 3418
123 P 16.28 44.88 3216
124 P 16.29 44.95 3207
125 P 16.22 44.94 3479
126 P 16.48 44.94 3421
127 P 16.15 44.78 3360
128 P 16.25 44.86 3680
129 P 16.03 45.05 3751
130 P 16.85 45.10 3612
131 P 16.15 45.26 3760
132 P 15.88 45.44 3853
133 P 16.18 45.36 3793
134 P 15.86 45.40 3669
135 P 15.94 45.38 3317
136 P 16.04 45.30 3630
137 P 16.00 45.35 3542
138 P 16.13 45.20 3287
139 P 15.90 45.28 3311
140 P 15.82 45.22 3616
141 P 16.17 45.19 3907
142 P 15.83 45.27 4144
143 P 15.94 45.26 3609
144 P 15.61 45.38 4335
145 P 16.00 45.34 4422
146 P 15.90 45.30 4558
147 P 15.83 45.51 5252
148 P 15.94 45.38 5846
149 P 15.97 45.25 6368
150 P 16.02 45.10 6321
151 P 15.72 45.30 6134
152 P 15.82 45.26 5876
153 P 15.86 45.41 6308
154 P 15.88 45.29 6212
155 P 15.91 45.55 6659
156 P 15.92 45.54 6034
157 P 15.98 45.59 5717
158 P 16.31 45.68 5806
159 P 16.29 45.62 5849
160 P 16.31 45.80 5831
161 P 16.15 45.84 5939
162 P 15.91 46.42 5552
163 P 15.68 46.62 5014
164 P 15.27 47.27 4490
165 P 14.77 47.97 3891
166 P 14.81 47.98 3746
167 P 14.85 47.69 3991
168 P 14.71 47.78 4093
169 P 14.77 47.51 4359
170 P 14.94 47.38 4855
171 P 15.39 47.22 4602
172 P 15.62 46.75 4630
173 P 15.91 46.64 4789
174 P 16.48 45.78 5720
175 P 16.93 45.53 5831
176 P 17.02 45.31 5536
177 P 17.02 45.45 5578
178 P 17.03 45.32 5524
179 P 17.04 45.15 5808
180 P 17.25 44.96 5870
181 P 17.36 44.55 6330
182 P 17.54 44.36 6404
183 P 17.90 44.24 6178
184 P 18.01 44.12 6350
185 P 18.00 44.04 6466
186 P 18.12 43.82 6093
187 P 18.29 43.75 6293
188 P 18.01 43.75 6289
189 P 18.21 43.93 5714
190 P 18.30 43.93 5594
191 P 18.50 43.65 5596
192 P 18.46 43.33 6032
193 P 18.64 43.06 5988
194 P 19.00 42.90 5614
195 P 19.17 42.78 5508
196 P 19.13 42.70 5807
197 P 19.35 42.62 5919
198 P 19.13 42.68 5497
199 P 19.27 42.50 5584
200 P 19.53 41.95 6044
201 P 19.73 41.49 7271
202 P 19.71 40.91 8305
203 P 19.90 40.52 9153
204 P 20.10 40.41 7970
205 P 20.13 40.35 7815
206 P 20.24 40.25 7692
207 P 20.16 40.30 7758
208 P 20.15 40.32 4779
209 P 20.15 40.31 5267
210 P 20.14 40.34 3818
211 P 20.33 40.35 3835
212 P 20.50 40.14 3843
213 P 20.48 40.16 4306
214 P 20.50 40.12 4269
215 P 20.60 40.02 4247
216 P 20.69 39.98 4232
217 P 20.65 40.15 3093
218 P 20.78 40.07 2318
219 P 20.52 40.00 1339
220 P 21.11 40.09 695
221 P 20.18 40.18 671
222 P 20.44 40.24 612
223 P 20.03 40.53 433
224 P 21.07 40.49 340
225 P 21.31 40.59 424
226 P 21.01 40.34 1432
227 P 21.01 40.17 2047
228 P 20.87 39.95 2073
229 P 20.99 40.02 1328
230 P 20.76 40.04 1067
231 P 20.83 40.29 589
232 P 20.68 40.20 545
233 P 20.79 40.31 701
234 P 20.40 40.38 520
235 P 20.51 40.24 924
236 P 20.29 40.31 816
237 P 20.39 40.28 1628
238 P 20.38 40.21 1778
239 P 20.41 40.31 2410
240 P 20.20 40.37 2863
241 P 20.23 40.44 2495
242 P 20.17 40.43 2567
243 P 20.04 40.47 3120
244 P 20.02 40.51 3445
245 P 19.85 40.62 1787
246 P 19.78 40.65 1766
247 P 21.46 39.82 830
% Nframe | type | QP | PSNR | size (Bytes) 
25 P 12.14 47.79 1978
26 P 13.33 47.58 3789
27 P 13.44 47.45 3642
28 P 13.68 47.34 3549
29 P 13.45 47.46 4032
30 P 12.65 47.60 3517
31 P 12.57 47.62 1626
32 P 13.00 47.38 3762
33 P 13.65 47.29 3631
34 P 13.95 47.25 4680
35 P 13.77 47.11 4253
36 P 13.95 46.94 4375
37 P 13.71 47.17 4848
38 P 12.82 47.16 2361
39 P 13.69 46.99 5604
40 P 13.43 47.14 5439
41 P 13.65 47.17 4890
42 P 13.50 47.31 4816
43 P 12.98 47.54 4981
44 P 13.17 47.56 4960
45 P 13.24 47.59 5094
46 P 13.38 47.62 5000
47 P 13.29 47.45 5057
48 P 13.22 47.67 5583
49 P 13.41 47.65 2358
50 P 13.37 47.61 5098
51 P 12.99 47.59 5157
52 P 13.24 47.35 4886
53 P 13.53 47.01 5250
54 P 13.62 47.68 6948
55 P 12.95 47.69 2431
56 P 13.12 47.17 4807
57 P 13.45 47.10 4516
58 P 13.00 47.24 5288
59 P 12.33 47.16 4865
60 P 12.38 47.16 4840
61 P 12.98 47.18 5100
62 P 12.37 47.04 5248
63 P 12.33 47.11 5085
64 P 12.29 47.06 4955
65 P 12.54 47.03 4557
66 P 13.56 47.00 4346
67 P 12.45 47.07 4642
68 P 13.68 47.03 4675
69 P 13.73 47.02 4486
70 P 12.65 47.06 4731
71 P 12.83 46.85 4542
72 P 12.77 47.19 5202
73 P 13.79 47.12 2063
74 P 13.07 46.92 4496
75 P 12.87 46.97 4270
76 P 12.77 46.87 4189
77 P 13.32 46.95 4526
78 P 12.94 47.12 4139
79 P 12.99 47.12 1870
80 P 13.48 47.00 4094
81 P 13.44 46.94 3865
82 P 13.68 46.86 4504
83 P 14.55 46.91 3850
84 P 14.88 46.82 4010
85 P 13.72 46.88 4156
86 P 14.05 46.84 4072
87 P 14.02 46.76 4171
88 P 15.04 46.84 4308
89 P 15.10 46.82 3990
90 P 13.88 46.77 3853
91 P 14.58 46.75 4356
92 P 14.81 46.74 4523
93 P 14.65 46.74 4605
94 P 14.65 46.68 4509
95 P 12.90 46.65 4431
96 P 13.04 46.97 5327
97 P 13.39 46.96 2175
98 P 13.93 46.63 4836
99 P 14.02 46.57 5024
100 P 14.73 46.55 4899
101 P 14.00 46.70 5687
102 P 13.66 46.80 5456
103 P 14.14 46.84 2381
104 P 14.88 46.51 4873
105 P 14.23 46.86 5350
106 P 13.53 46.69 4843
107 P 14.30 46.73 4984
108 P 15.38 46.39 4554
109 P 14.62 46.94 6649
110 P 14.61 46.71 4826
111 P 14.70 46.66 4610
112 P 15.17 46.59 4104
113 P 15.40 46.60 4256
114 P 15.40 46.60 4198
115 P 15.22 46.70 4206
116 P 15.26 46.63 4431
117 P 15.36 46.67 4537
118 P 15.02 46.56 4509
119 P 15.14 46.58 4493
120 P 15.18 46.49 4183
121 P 15.47 46.52 4040
122 P 15.64 46.47 3918
123 P 15.61 46.50 4298
124 P 15.57 46.70 3955
125 P 15.71 46.65 1703
126 P 15.37 46.58 3651
127 P 15.75 46.59 3669
128 P 15.55 46.58 3832
129 P 15.66 46.56 3382
130 P 15.52 46.72 3849
131 P 15.49 46.68 1951
132 P 16.25 46.39 3763
133 P 15.64 46.38 4470
134 P 15.20 46.52 4101
135 P 15.25 46.42 3764
136 P 15.07 46.53 3663
137 P 15.35 46.69 3439
138 P 15.31 46.70 3286
139 P 15.24 46.70 3438
140 P 15.08 46.69 3228
141 P 15.11 46.63 3506
142 P 15.06 46.82 4121
143 P 15.08 46.84 2231
144 P 15.48 46.81 3615
145 P 14.99 46.76 3130
146 P 15.08 46.71 3047
147 P 15.10 46.64 3626
148 P 14.84 46.86 3315
149 P 14.78 46.84 1491
150 P 15.00 46.74 3204
151 P 14.90 46.83 3345
152 P 15.37 46.79 3873
153 P 15.24 46.76 3732
154 P 15.10 46.84 3565
155 P 15.36 46.84 1791
156 P 15.49 46.62 3500
157 P 14.83 46.74 4607
158 P 14.73 46.74 3844
159 P 14.55 46.70 3713
160 P 14.86 46.74 3825
161 P 14.67 46.83 4044
162 P 15.25 46.54 3406
163 P 14.43 47.01 5972
164 P 14.26 46.98 4066
165 P 14.07 46.71 3630
166 P 13.59 46.97 4558
167 P 13.59 46.93 1476
168 P 13.85 46.82 4379
169 P 13.98 46.76 4425
170 P 13.91 46.67 4512
171 P 14.27 46.72 5188
172 P 14.09 46.88 4797
173 P 14.05 46.84 2526
174 P 14.04 46.71 4762
175 P 14.02 46.58 4460
176 P 14.12 46.69 5320
177 P 13.81 46.80 4735
178 P 13.90 46.83 4722
179 P 13.38 46.87 1933
180 P 13.95 46.75 4078
181 P 13.77 46.87 4392
182 P 14.01 46.85 3859
183 P 13.98 46.86 3950
184 P 13.93 46.71 3755
185 P 13.77 46.74 4357
186 P 14.23 46.72 4590
187 P 14.41 46.81 4671
188 P 14.36 46.75 4672
189 P 14.39 46.67 4177
190 P 14.23 46.85 4736
191 P 13.71 47.05 2029
192 P 13.54 46.87 4013
193 P 13.59 46.85 4185
194 P 13.90 46.72 4154
195 P 13.95 46.86 4915
196 P 13.58 46.93 4616
197 P 13.72 46.92 2178
198 P 13.70 46.87 4182
199 P 13.67 46.76 3966
200 P 14.28 46.98 4741
201 P 14.81 46.89 4251
202 P 14.61 46.90 4621
203 P 13.83 46.90 3164
204 P 14.60 46.87 4985
205 P 14.07 46.86 4782
206 P 14.48 46.89 3943
207 P 14.63 46.88 3832
208 P 14.51 46.89 3783
209 P 14.45 46.62 3334
210 P 14.12 46.64 5386
211 P 14.65 46.94 3333
212 P 14.55 47.10 3573
213 P 14.38 47.04 3755
214 P 14.13 47.32 5088
215 P 13.43 47.26 1370
216 P 13.98 47.04 4113
217 P 13.92 46.96 3860
218 P 13.92 47.09 3820
219 P 14.25 46.95 4075
220 P 14.20 47.05 3852
221 P 14.32 47.09 1570
222 P 15.22 46.94 4032
223 P 14.44 46.77 4343
224 P 14.15 46.97 5074
225 P 14.35 46.89 4838
226 P 14.31 47.04 5297
227 P 14.18 46.96 2032
228 P 14.18 46.96 5568
229 P 14.25 46.87 4694
230 P 13.27 46.90 4182
231 P 13.37 46.94 4120
232 P 13.62 46.98 4184
233 P 13.33 47.07 3820
234 P 13.34 47.13 3832
235 P 13.34 47.06 3816
236 P 13.74 46.94 3955
237 P 13.85 46.90 4183
238 P 13.99 47.12 5228
239 P 13.32 47.12 1984
240 P 13.69 46.92 4534
241 P 13.62 46.89 4390
242 P 13.80 46.73 4170
243 P 13.80 46.83 4747
244 P 13.64 47.20 4237
245 P 13.53 47.07 1466
246 P 13.41 46.91 3891
247 P 13.75 46.98 4405
248 P 13.98 46.91 3773
249 P 13.62 46.96 3798
250 P 14.23 46.94 3867
251 P 13.43 47.00 1639
252 P 13.77 46.81 4204
253 P 14.06 46.78 4088
254 P 13.60 46.94 4035
255 P 16.29 46.21 3121
% Nframe | type | QP | PSNR | size (Bytes) 
25 P 12.06 48.41 7921
26 P 12.25 48.12 7438
27 P 12.71 47.62 7234
28 P 13.10 47.02 7442
29 P 13.66 46.45 7463
30 P 14.40 46.05 6009
31 P 14.81 45.81 5841
32 P 15.50 45.67 5288
33 P 15.86 45.57 4773
34 P 15.79 45.70 4240
35 P 15.97 45.96 3533
36 P 15.95 45.93 3079
37 P 15.90 45.87 2935
38 P 16.31 45.55 3065
39 P 16.37 45.16 3142
40 P 16.80 44.95 3074
41 P 17.45 44.55 2928
42 P 17.12 44.38 2893
43 P 17.72 44.20 2726
44 P 17.88 44.28 2432
45 P 17.97 44.31 2468
46 P 17.60 44.30 2442
47 P 18.09 44.30 2287
48 P 17.63 44.32 2417
49 P 17.14 44.49 2572
50 P 17.14 44.52 2815
51 P 17.17 44.49 3159
52 P 17.09 44.40 3336
53 P 17.38 44.52 3480
54 P 17.14 44.54 3108
55 P 16.42 44.63 2564
56 P 16.47 44.85 2332
57 P 16.60 44.91 2450
58 P 16.74 44.95 2353
59 P 16.42 45.16 2463
60 P 16.10 45.24 2519
61 P 16.44 45.39 2675
62 P 16.18 45.38 2724
63 P 15.89 45.28 2821
64 P 15.77 45.26 2809
65 P 15.80 45.32 2680
66 P 15.87 45.33 2454
67 P 16.36 45.38 2327
68 P 16.15 45.48 2856
69 P 15.54 45.45 3208
70 P 15.47 45.45 3613
71 P 15.70 45.45 4257
72 P 16.30 45.49 4023
73 P 15.35 45.60 4087
74 P 15.17 45.63 3947
75 P 15.13 45.85 3547
76 P 15.23 45.89 3357
77 P 15.13 45.96 2888
78 P 15.02 46.11 3135
79 P 14.69 46.16 3419
80 P 14.83 46.22 3110
81 P 14.15 46.43 3030
82 P 14.30 46.33 2342
83 P 14.48 46.32 2706
84 P 14.66 46.36 3165
85 P 14.85 46.23 3164
86 P 15.02 46.20 3113
87 P 14.87 46.22 3511
88 P 14.60 46.23 3708
89 P 14.53 46.22 3846
90 P 14.24 46.21 3654
91 P 14.30 46.17 3708
92 P 14.56 46.28 3790
93 P 14.20 46.30 3676
94 P 14.06 46.50 3740
95 P 14.20 46.56 3462
96 P 14.20 46.61 3288
97 P 13.86 46.62 3273
98 P 14.10 46.67 3432
99 P 14.22 46.81 3105
100 P 13.63 46.72 3268
101 P 13.93 46.75 3343
102 P 13.71 46.75 3158
103 P 13.55 46.79 3090
104 P 13.62 46.86 3482
105 P 13.38 46.81 3068
106 P 13.47 46.90 3211
107 P 13.45 46.92 2314
108 P 13.67 46.93 1988
109 P 13.31 46.98 2610
110 P 13.48 47.03 2440
111 P 13.21 47.08 2590
112 P 13.65 47.06 2699
113 P 13.52 46.99 2751
114 P 13.32 47.12 3029
115 P 13.41 47.12 2366
116 P 13.20 47.21 2013
117 P 13.29 47.12 2329
118 P 13.09 47.17 2574
119 P 12.99 47.16 3007
120 P 12.84 47.19 3022
121 P 12.80 47.18 3101
122 P 12.79 47.35 3746
123 P 12.99 47.27 3417
124 P 12.69 47.27 3380
125 P 12.66 47.41 3472
126 P 12.52 47.37 2973
127 P 12.54 47.44 2817
128 P 12.50 47.46 3085
129 P 12.35 47.60 2981
130 P 12.59 47.65 2826
131 P 12.21 47.75 3163
132 P 12.17 47.71 3121
133 P 12.02 47.75 2649
134 P 12.27 47.83 2792
135 P 12.18 47.78 3267
136 P 12.07 47.80 3312
137 P 12.01 47.76 3206
138 P 12.02 47.84 3263
139 P 11.85 47.82 2939
140 P 11.66 47.86 1836
141 P 11.63 48.04 2221
142 P 11.70 48.01 2671
143 P 11.65 48.08 2950
144 P 11.65 48.09 2848
145 P 11.62 48.17 2562
146 P 11.62 48.24 2518
147 P 11.40 48.25 2458
148 P 11.48 48.29 2401
149 P 11.49 48.24 2732
150 P 11.72 48.24 3293
151 P 11.65 48.20 3459
152 P 11.59 48.21 3927
153 P 11.34 48.24 4164
154 P 11.27 48.44 4019
155 P 11.27 48.43 3375
156 P 11.26 48.56 3039
157 P 11.14 48.57 2996
158 P 11.04 48.57 3216
159 P 11.22 48.56 2701
160 P 10.72 48.71 2810
161 P 10.69 48.70 3158
162 P 10.93 48.75 2416
163 P 10.79 48.76 2397
164 P 10.69 48.86 2693
165 P 10.91 48.77 2462
166 P 10.77 48.77 2620
167 P 10.86 48.77 3104
168 P 10.88 48.73 3068
169 P 10.91 48.71 2971
170 P 10.84 48.85 2614
171 P 10.18 48.94 2767
172 P 10.60 49.03 3085
173 P 10.65 48.98 3313
174 P 10.69 49.01 3415
175 P 10.52 48.94 3452
176 P 10.55 48.92 4010
177 P 10.36 48.99 3793
178 P 10.44 49.03 2951
179 P 10.50 49.13 2787
180 P 10.43 49.16 3192
181 P 10.30 49.14 3212
182 P 10.15 49.24 3460
183 P 10.12 49.27 3567
184 P 10.18 49.30 2993
185 P 10.07 49.39 2777
186 P 9.80 49.55 2640
187 P 10.01 49.61 2722
188 P 10.00 49.68 2599
189 P 10.12 49.41 3307
190 P 10.14 49.34 4409
191 P 10.15 49.37 4820
192 P 10.06 49.39 4748
193 P 10.13 49.32 3958
194 P 9.93 49.38 4029
195 P 10.08 49.41 3698
196 P 9.81 49.50 3421
197 P 9.64 49.50 3528
198 P 9.89 49.55 3819
199 P 9.74 49.52 3834
200 P 9.74 49.54 4419
201 P 9.74 49.56 4320
202 P 9.79 49.56 4604
203 P 9.78 49.59 5089
204 P 9.96 49.46 4816
205 P 9.83 49.51 5600
206 P 9.88 49.50 5409
207 P 9.87 49.48 5573
208 P 9.75 49.55 5757
209 P 9.81 49.53 5295
210 P 9.98 49.56 4951
211 P 9.81 49.55 4990
212 P 9.81 49.57 5229
213 P 9.91 49.39 5151
214 P 9.72 49.55 5719
215 P 9.80 49.52 5157
216 P 9.88 49.49 4858
217 P 9.94 49.49 4229
218 P 9.68 49.57 3332
219 P 9.75 49.53 3294
220 P 10.06 49.54 4066
221 P 10.07 49.49 4232
222 P 10.15 49.50 4358
223 P 10.12 49.36 4766
224 P 10.06 49.38 4801
225 P 10.21 49.31 5106
226 P 10.14 49.27 4827
227 P 10.17 49.25 4940
228 P 10.29 49.16 4643
229 P 10.10 49.25 4712
230 P 10.10 49.20 4346
231 P 10.27 49.24 4312
232 P 10.11 49.29 4534
233 P 10.11 49.29 4015
234 P 10.18 49.35 3673
235 P 10.30 49.32 3174
236 P 10.00 49.40 3002
237 P 9.99 49.45 3340
238 P 10.13 49.27 3475
239 P 10.22 49.26 3726
240 P 10.24 49.26 3639
241 P 10.07 49.27 2890
242 P 9.81 49.31 2989
243 P 10.02 49.36 2890
244 P 9.75 49.45 2338
245 P 9.87 49.38 2694
246 P 9.95 49.41 2830
247 P 9.93 49.43 2512
248 P 9.98 49.53 2645
249 P 9.96 49.55 2599
250 P 9.61 49.57 2243
251 P 9.64 49.58 2246
252 P 9.89 49.78 2665
253 P 9.54 49.71 2800
254 P 9.63 49.71 2592
255 P 9.78 49.66 2529
256 P 9.82 49.67 2992
257 P 9.93 49.72 2757
258 P 10.14 49.68 3176
259 P 9.93 49.57 3179
260 P 9.92 49.57 3227
261 P 9.76 49.60 3459
262 P 9.91 49.66 3457
263 P 9.66 49.70 3513
264 P 9.57 49.73 3639
265 P 9.60 49.85 2843
266 P 9.58 49.82 3436
267 P 9.55 49.79 3617
268 P 9.54 49.82 3969
269 P 9.79 49.77 4112
270 P 9.58 49.73 4434
271 P 9.46 49.71 4296
272 P 9.45 49.69 4123
273 P 9.48 49.67 4233
274 P 9.59 49.75 4628
275 P 9.49 49.75 4764
276 P 9.57 49.71 4599
277 P 9.42 49.75 4790
278 P 9.54 49.72 5213
279 P 9.55 49.63 5616
280 P 9.35 49.74 6499
281 P 9.33 49.63 6594
282 P 9.55 49.56 6654
283 P 9.62 49.42 6773
284 P 9.63 49.45 7064
285 P 9.62 49.40 7073
286 P 9.63 49.47 7222
287 P 9.58 49.48 7117
288 P 9.62 49.49 7517
289 P 9.62 49.49 7783
290 P 9.60 49.56 8027
291 P 9.81 49.44 7497
292 P 9.83 49.33 7407
293 P 9.84 49.31 7395
294 P 9.88 49.29 7354
295 P 10.04 49.28 7184
296 P 10.13 49.09 7284
297 P 10.26 49.07 7207
298 P 10.30 48.97 6764
299 P 10.43 48.93 6813
300 P 10.40 48.89 6743
301 P 10.43 48.92 6679
302 P 10.60 48.71 6175
303 P 10.65 48.71 6278
304 P 10.82 48.67 6031
305 P 10.82 48.64 5984
306 P 10.80 48.66 5812
307 P 10.95 48.58 5736
308 P 10.95 48.51 6000
309 P 10.92 48.54 5991
310 P 11.08 48.51 5806
311 P 11.13 48.38 5767
312 P 11.23 48.28 5976
313 P 11.35 48.21 5683
314 P 11.41 48.28 6282
315 P 11.40 48.28 5991
316 P 11.52 48.20 5922
317 P 11.62 48.23 5728
318 P 11.41 48.16 5346
319 P 11.52 48.15 5339
320 P 11.66 48.16 5254
321 P 11.70 48.11 5040
322 P 11.55 48.08 5033
323 P 11.68 48.11 4804
324 P 11.73 48.09 4582
325 P 11.90 48.07 4596
326 P 11.91 48.03 4425
327 P 11.87 48.05 4127
328 P 11.88 48.06 3872
329 P 11.72 48.11 3663
330 P 11.90 48.03 3110
331 P 11.96 47.99 3083
332 P 11.99 48.06 3739
333 P 11.93 47.95 4018
334 P 11.81 47.91 4289
335 P 11.91 47.91 4139
336 P 12.11 47.88 4316
337 P 11.82 47.88 4382
338 P 12.13 47.81 4502
339 P 11.90 47.80 4526
340 P 12.05 47.80 4392
341 P 11.93 47.84 4178
342 P 11.93 47.93 4511
343 P 12.01 47.97 4416
344 P 11.89 47.94 4123
345 P 11.81 47.96 4031
346 P 11.75 48.05 3813
347 P 12.05 48.06 4312
348 P 11.85 48.00 4203
349 P 12.07 48.05 3877
350 P 11.78 48.12 4173
351 P 11.61 48.07 2638
352 P 11.92 48.03 2522
353 P 12.10 48.02 3246
354 P 13.53 47.04 2315
