% Nframe | type | QP | PSNR | size (Bytes) 
0 I 38.59 31.65 3049
1 P 40.33 31.39 55
2 P 41.88 31.34 87
3 P 40.59 30.97 172
4 P 41.69 30.94 216
5 P 40.97 30.97 210
6 P 38.70 30.85 243
7 P 41.42 30.54 215
8 P 41.78 30.57 278
9 P 41.38 30.51 186
10 P 41.98 30.62 151
11 P 41.70 30.77 248
12 P 46.54 29.65 117
13 P 44.31 29.98 206
14 P 41.90 30.44 290
15 P 40.10 30.89 264
16 P 38.95 31.57 460
17 P 36.53 32.21 778
18 P 35.45 32.54 1062
19 P 35.65 32.70 1165
20 P 35.15 32.93 1177
21 P 33.62 33.44 904
22 P 32.51 34.11 1224
23 P 32.23 34.77 1419
24 P 31.66 35.24 1499
25 P 30.44 35.33 1723
26 P 31.61 35.56 1555
27 P 30.66 35.95 1457
28 P 30.65 36.27 1479
29 P 30.91 36.05 1491
30 P 32.20 35.93 1660
31 P 31.47 35.96 1815
32 P 31.99 35.96 1369
33 P 32.47 35.95 1208
34 P 32.67 35.68 1552
35 P 32.26 35.38 1605
36 P 32.47 35.31 1490
37 P 33.20 35.28 951
38 P 32.68 35.43 513
39 P 34.21 35.48 783
40 P 33.51 35.40 906
41 P 33.46 35.20 799
42 P 32.98 35.10 844
43 P 34.76 35.02 716
44 P 33.95 34.97 700
45 P 33.43 35.04 800
46 P 34.90 34.83 773
47 P 35.06 34.56 694
48 P 35.61 34.45 534
49 P 36.08 34.59 437
50 P 35.05 34.95 601
51 P 34.89 35.05 773
52 P 33.68 34.85 782
53 P 33.95 34.93 841
54 P 34.14 34.86 787
55 P 34.92 34.79 827
56 P 34.74 34.79 795
57 P 34.94 34.79 818
58 P 33.92 35.01 867
59 P 33.69 35.17 1220
60 P 33.65 35.55 1598
61 P 33.69 35.34 1600
62 P 32.97 35.17 1481
63 P 34.19 35.17 1452
64 P 33.17 35.15 1311
65 P 33.31 35.05 1092
66 P 32.83 35.02 1236
67 P 32.66 35.23 1222
68 P 32.13 35.32 1066
69 P 32.57 35.22 1181
70 P 33.07 35.12 1300
71 P 33.57 35.16 1236
72 P 33.53 35.10 1295
73 P 33.07 34.91 1007
74 P 34.25 34.90 899
75 P 33.85 34.99 1066
76 P 34.33 35.11 1322
77 P 33.60 35.40 1620
78 P 33.00 35.66 1772
79 P 33.88 35.49 1826
80 P 33.14 35.05 1861
81 P 34.11 34.85 1944
82 P 33.66 34.71 1878
83 P 34.14 34.80 1728
84 P 33.53 34.91 1479
85 P 33.13 34.95 1479
86 P 32.96 35.10 1370
87 P 33.23 35.03 1284
88 P 33.57 34.87 1347
89 P 33.65 34.70 1347
90 P 35.01 34.55 1227
91 P 34.30 34.55 1252
92 P 34.54 34.43 1217
93 P 35.39 34.29 1179
94 P 35.28 34.25 904
95 P 34.53 34.08 857
96 P 34.63 34.18 722
97 P 35.37 34.19 636
98 P 35.43 34.02 699
99 P 35.76 33.95 770
100 P 35.73 33.69 740
101 P 35.22 33.65 680
102 P 35.12 33.70 711
103 P 35.38 33.88 858
104 P 35.28 33.82 956
105 P 35.16 33.66 1104
106 P 35.73 33.67 947
107 P 35.90 33.65 895
108 P 35.59 33.65 924
109 P 36.05 33.66 946
110 P 35.97 33.81 1044
111 P 35.09 33.83 1018
112 P 35.39 33.83 861
113 P 35.04 34.01 838
114 P 35.29 34.11 706
115 P 34.90 34.18 589
116 P 35.12 34.25 706
117 P 35.55 34.27 822
118 P 35.32 34.22 855
119 P 35.75 34.02 944
120 P 35.94 33.93 926
121 P 35.24 33.91 865
122 P 35.95 33.95 904
123 P 35.65 34.01 810
124 P 36.25 34.11 672
125 P 35.41 33.93 731
126 P 35.97 33.91 799
127 P 35.81 33.87 844
128 P 34.91 34.15 1104
129 P 35.72 34.35 1060
130 P 34.49 34.64 1135
131 P 34.63 34.72 1212
132 P 34.30 34.54 1184
133 P 35.29 34.41 1135
134 P 34.73 34.51 1107
135 P 34.49 34.40 781
136 P 34.44 34.34 947
137 P 34.97 34.29 970
138 P 35.29 34.24 726
139 P 34.80 34.42 563
140 P 35.33 34.46 777
141 P 35.59 34.51 956
142 P 34.43 34.61 1121
143 P 35.43 34.83 1038
144 P 33.93 35.08 1219
145 P 35.90 35.35 1379
146 P 34.66 35.32 1425
147 P 34.23 35.39 1852
148 P 34.12 34.83 1945
149 P 34.36 34.44 2141
150 P 33.58 34.47 2321
151 P 32.88 34.89 2228
152 P 32.58 35.13 1861
153 P 33.29 35.36 1898
154 P 32.70 35.36 1814
155 P 32.51 35.66 2008
156 P 32.49 35.76 1916
157 P 32.32 35.85 1884
158 P 32.61 35.99 2067
159 P 32.49 36.05 2040
160 P 32.79 36.21 2037
161 P 32.76 36.46 2256
162 P 32.39 37.20 2258
163 P 31.97 37.72 2043
164 P 31.69 38.54 2078
165 P 31.34 39.50 1667
166 P 31.07 39.00 1547
167 P 31.19 38.72 1616
168 P 31.68 38.77 1624
169 P 31.49 37.99 1801
170 P 31.84 37.53 1876
171 P 32.20 37.24 1839
172 P 32.61 36.83 1705
173 P 33.28 36.95 1679
174 P 35.05 35.95 1877
175 P 34.65 35.41 1829
176 P 34.52 35.41 1809
177 P 34.16 35.30 1564
178 P 34.56 35.01 1587
179 P 34.57 34.61 1764
180 P 34.29 34.34 1576
181 P 35.05 34.09 1856
182 P 35.85 33.82 1787
183 P 35.20 33.39 1668
184 P 36.14 33.04 1861
185 P 36.22 32.56 1758
186 P 35.90 32.38 1743
187 P 36.01 32.21 1735
188 P 36.33 32.11 1549
189 P 36.15 32.47 1530
190 P 35.80 32.41 1524
191 P 36.00 32.14 1415
192 P 36.19 31.86 1591
193 P 36.72 31.62 1437
194 P 37.17 31.22 1327
195 P 37.30 31.00 1283
196 P 37.54 30.80 1275
197 P 37.50 30.57 1505
198 P 37.48 30.35 1137
199 P 37.87 29.98 1166
200 P 38.32 29.57 1212
201 P 38.59 28.96 1391
202 P 38.62 28.45 1615
203 P 38.86 27.86 1723
204 P 39.36 27.22 1250
205 P 39.52 26.91 1090
206 P 39.56 26.88 893
207 P 39.84 26.71 771
208 P 39.93 26.68 486
209 P 39.45 26.61 460
210 P 39.03 26.62 355
211 P 38.69 26.61 459
212 P 39.29 26.64 443
213 P 39.80 26.66 469
214 P 40.04 26.60 417
215 P 39.52 26.68 468
216 P 40.22 26.63 360
217 P 39.54 26.63 349
218 P 41.42 26.59 173
219 P 40.41 26.66 189
220 P 40.62 26.71 148
221 P 41.12 26.75 125
222 P 40.10 26.78 136
223 P 39.70 26.84 109
224 P 39.86 26.87 145
225 P 39.14 26.96 89
226 P 39.15 26.99 103
227 P 40.32 26.99 132
228 P 39.65 26.96 170
229 P 39.10 27.03 232
230 P 39.19 27.00 167
231 P 38.93 27.05 149
232 P 38.87 27.07 122
233 P 38.59 27.08 131
234 P 39.41 27.11 96
235 P 38.54 27.13 164
236 P 38.47 27.14 110
237 P 39.72 27.17 194
238 P 38.78 27.19 225
239 P 38.83 27.26 327
240 P 38.67 27.23 279
241 P 38.51 27.30 369
242 P 37.86 27.35 380
243 P 38.01 27.36 344
244 P 38.51 27.44 410
245 P 37.95 27.45 253
246 P 38.02 27.49 277
247 P 39.78 27.37 31
% Nframe | type | QP | PSNR | size (Bytes) 
25 P 33.32 32.40 516
26 P 33.50 32.58 1082
27 P 35.86 32.61 801
28 P 34.25 32.74 883
29 P 35.50 32.91 1185
30 P 33.82 33.02 881
31 P 34.63 33.07 259
32 P 35.23 32.96 755
33 P 35.17 32.85 792
34 P 35.02 32.93 1349
35 P 35.01 32.85 1015
36 P 35.67 32.61 921
37 P 35.07 32.65 1188
38 P 33.86 32.67 306
39 P 33.56 32.61 1517
40 P 33.13 32.68 1219
41 P 33.83 32.73 1116
42 P 34.66 32.72 1079
43 P 33.82 32.97 1350
44 P 35.03 33.00 1128
45 P 33.96 33.08 1195
46 P 34.19 33.09 1126
47 P 34.25 33.02 1020
48 P 33.83 33.25 1479
49 P 34.74 33.25 371
50 P 34.75 33.21 1098
51 P 34.58 33.16 947
52 P 35.14 33.03 889
53 P 35.55 32.89 1206
54 P 33.99 33.17 2781
55 P 34.57 33.18 412
56 P 35.17 32.96 903
57 P 35.02 32.79 891
58 P 35.01 32.85 1319
59 P 35.38 32.86 1042
60 P 34.79 32.78 1030
61 P 35.10 32.81 1074
62 P 35.08 32.86 1284
63 P 35.48 32.86 1153
64 P 34.21 32.86 1130
65 P 34.80 32.79 1087
66 P 35.97 32.72 937
67 P 35.72 32.82 1211
68 P 35.27 32.78 1140
69 P 34.91 32.78 1144
70 P 35.74 32.71 1125
71 P 35.09 32.66 1246
72 P 34.22 32.93 1564
73 P 35.74 32.93 347
74 P 35.40 32.80 1176
75 P 33.47 32.79 1111
76 P 36.00 32.76 1110
77 P 34.72 32.82 1256
78 P 35.05 33.01 1065
79 P 34.94 33.03 313
80 P 35.79 32.77 949
81 P 35.28 32.75 881
82 P 35.25 32.78 1225
83 P 35.45 32.80 899
84 P 36.48 32.78 973
85 P 35.83 32.69 952
86 P 35.98 32.76 910
87 P 36.08 32.80 910
88 P 35.78 32.78 1036
89 P 35.39 32.77 819
90 P 36.74 32.79 795
91 P 36.20 32.72 924
92 P 36.50 32.84 1057
93 P 36.62 32.82 1054
94 P 35.25 32.80 1001
95 P 35.00 32.76 973
96 P 35.72 33.06 1611
97 P 34.56 33.01 265
98 P 35.20 32.93 1103
99 P 35.41 32.89 1228
100 P 35.65 32.75 1152
101 P 35.00 32.88 1571
102 P 34.51 32.94 1406
103 P 34.88 32.89 384
104 P 34.62 32.72 1154
105 P 33.65 33.03 1559
106 P 35.30 32.98 1151
107 P 34.84 32.95 1286
108 P 36.04 32.77 1040
109 P 35.69 33.20 2364
110 P 36.39 33.12 1052
111 P 35.37 33.12 1116
112 P 35.28 33.12 842
113 P 35.76 33.06 818
114 P 36.25 33.05 823
115 P 35.47 33.10 884
116 P 35.53 33.06 928
117 P 35.57 33.00 959
118 P 36.05 32.95 945
119 P 35.62 32.86 973
120 P 35.91 32.90 908
121 P 35.89 32.92 790
122 P 35.49 32.85 764
123 P 35.38 32.90 935
124 P 36.03 33.01 914
125 P 34.76 33.09 287
126 P 35.99 33.05 686
127 P 35.99 33.03 663
128 P 35.52 33.13 871
129 P 35.92 33.06 676
130 P 35.55 33.18 845
131 P 35.00 33.19 250
132 P 36.41 32.99 815
133 P 35.61 33.02 1096
134 P 35.20 33.03 807
135 P 36.47 33.05 828
136 P 36.49 33.02 758
137 P 35.68 33.12 694
138 P 35.04 33.29 721
139 P 35.05 33.21 626
140 P 36.10 33.23 633
141 P 35.53 33.24 723
142 P 35.62 33.38 950
143 P 35.24 33.41 301
144 P 34.28 33.34 661
145 P 35.35 33.32 588
146 P 35.72 33.20 541
147 P 36.33 33.21 765
148 P 35.07 33.33 774
149 P 34.04 33.40 229
150 P 35.12 33.35 654
151 P 35.27 33.37 622
152 P 35.34 33.40 899
153 P 34.55 33.31 750
154 P 34.89 33.40 919
155 P 34.98 33.42 311
156 P 34.77 33.36 816
157 P 34.89 33.48 1276
158 P 34.69 33.48 902
159 P 35.06 33.43 912
160 P 34.66 33.41 951
161 P 34.33 33.53 1004
162 P 34.42 33.46 737
163 P 33.70 33.58 2555
164 P 33.90 33.49 1025
165 P 33.17 33.46 1003
166 P 34.15 33.69 1499
167 P 32.44 33.71 326
168 P 34.29 33.54 1021
169 P 35.02 33.54 1032
170 P 34.57 33.47 1064
171 P 34.03 33.53 1505
172 P 34.51 33.63 1256
173 P 34.22 33.62 481
174 P 34.89 33.51 1169
175 P 35.44 33.47 1091
176 P 34.50 33.60 1576
177 P 34.71 33.48 1104
178 P 34.48 33.68 1280
179 P 33.34 33.69 312
180 P 34.21 33.53 913
181 P 34.46 33.60 1216
182 P 33.95 33.58 972
183 P 34.31 33.58 964
184 P 35.25 33.55 944
185 P 34.69 33.54 1046
186 P 34.58 33.56 1079
187 P 34.31 33.55 1027
188 P 34.64 33.52 1084
189 P 34.08 33.47 926
190 P 34.51 33.55 1471
191 P 34.35 33.60 317
192 P 34.06 33.42 872
193 P 34.45 33.48 1016
194 P 34.26 33.48 967
195 P 34.54 33.52 1250
196 P 34.15 33.63 1202
197 P 33.71 33.64 421
198 P 34.15 33.52 961
199 P 34.75 33.53 977
200 P 34.07 33.67 1386
201 P 34.28 33.61 1094
202 P 34.75 33.68 1153
203 P 34.02 33.67 495
204 P 34.63 33.62 1344
205 P 34.13 33.53 1031
206 P 34.79 33.55 933
207 P 34.50 33.60 997
208 P 35.18 33.56 904
209 P 34.61 33.47 773
210 P 34.78 34.09 2032
211 P 34.13 34.03 793
212 P 33.46 34.03 913
213 P 34.36 34.07 1008
214 P 33.94 34.30 1601
215 P 33.90 34.27 248
216 P 34.47 34.16 1087
217 P 33.47 34.07 1010
218 P 33.04 34.07 1007
219 P 32.46 34.08 1255
220 P 31.48 34.11 922
221 P 33.24 34.15 206
222 P 34.64 34.07 928
223 P 34.64 34.05 1032
224 P 33.94 34.08 1402
225 P 34.86 34.05 1224
226 P 34.63 34.10 1307
227 P 34.66 34.13 341
228 P 34.21 34.03 1520
229 P 34.42 34.05 1065
230 P 34.76 34.09 908
231 P 34.12 34.04 873
232 P 34.75 33.98 874
233 P 34.18 34.05 851
234 P 34.40 34.05 764
235 P 34.42 34.07 872
236 P 34.81 34.08 849
237 P 33.90 33.97 879
238 P 33.82 33.98 1420
239 P 34.59 34.04 342
240 P 33.62 33.93 1107
241 P 33.93 33.88 1129
242 P 34.78 33.81 998
243 P 34.31 33.91 1399
244 P 33.77 34.02 1086
245 P 34.49 34.03 265
246 P 33.30 33.97 991
247 P 33.95 33.99 1221
248 P 34.17 33.95 831
249 P 34.52 33.90 859
250 P 33.88 33.86 901
251 P 33.97 33.87 310
252 P 33.95 33.85 1117
253 P 33.50 33.80 880
254 P 34.47 33.79 911
255 P 36.27 33.52 748
% Nframe | type | QP | PSNR | size (Bytes) 
25 P 32.41 38.88 1941
26 P 32.36 38.40 1948
27 P 33.24 37.41 1983
28 P 34.05 36.25 1779
29 P 34.85 34.63 1466
30 P 36.17 34.57 920
31 P 35.59 35.05 1178
32 P 35.89 35.12 1162
33 P 35.33 35.23 1111
34 P 35.66 35.47 969
35 P 35.88 35.65 878
36 P 36.56 35.56 645
37 P 35.25 35.55 672
38 P 35.62 35.14 645
39 P 36.40 34.83 724
40 P 37.88 34.14 541
41 P 38.16 33.61 407
42 P 38.62 33.48 448
43 P 37.82 33.44 452
44 P 38.58 33.46 452
45 P 38.01 33.55 451
46 P 38.14 33.63 540
47 P 38.04 33.54 439
48 P 37.82 33.82 506
49 P 37.63 33.78 518
50 P 37.10 33.84 587
51 P 38.02 33.71 651
52 P 37.44 33.74 702
53 P 37.79 33.69 653
54 P 36.90 33.74 610
55 P 36.80 33.73 522
56 P 36.67 33.90 468
57 P 36.39 34.01 510
58 P 36.28 34.01 446
59 P 36.19 34.09 451
60 P 35.56 34.17 450
61 P 36.11 34.20 488
62 P 35.44 34.23 538
63 P 36.10 34.31 562
64 P 35.11 34.22 491
65 P 35.98 34.20 491
66 P 36.45 34.11 361
67 P 35.39 34.29 389
68 P 35.35 34.50 536
69 P 35.71 34.42 503
70 P 35.54 34.57 636
71 P 35.10 34.60 774
72 P 34.30 34.57 718
73 P 35.21 34.52 776
74 P 34.12 34.60 745
75 P 34.13 34.67 601
76 P 34.37 34.80 623
77 P 34.43 35.01 569
78 P 33.35 35.15 602
79 P 33.71 35.20 562
80 P 33.09 35.09 535
81 P 33.12 35.09 409
82 P 33.89 35.19 348
83 P 34.10 35.29 355
84 P 32.87 35.35 409
85 P 33.47 35.40 474
86 P 33.86 35.41 446
87 P 33.65 35.56 613
88 P 33.46 35.62 660
89 P 33.64 35.62 608
90 P 33.00 35.54 682
91 P 32.70 35.56 728
92 P 32.84 35.46 618
93 P 32.65 35.41 590
94 P 31.88 35.54 721
95 P 31.79 35.72 765
96 P 31.33 35.77 616
97 P 31.62 35.98 630
98 P 31.78 36.12 591
99 P 32.08 36.17 493
100 P 31.98 36.21 513
101 P 31.72 36.26 545
102 P 31.64 36.35 530
103 P 31.68 36.34 393
104 P 31.01 36.30 435
105 P 30.85 36.35 508
106 P 31.16 36.30 486
107 P 31.74 36.31 358
108 P 31.55 36.41 339
109 P 31.25 36.47 378
110 P 31.71 36.42 298
111 P 30.66 36.54 349
112 P 30.25 36.61 408
113 P 30.55 36.70 415
114 P 30.00 36.65 449
115 P 30.89 36.67 386
116 P 31.23 36.78 361
117 P 30.38 36.83 391
118 P 30.67 36.91 367
119 P 30.02 36.93 346
120 P 29.72 37.00 447
121 P 29.77 37.06 528
122 P 30.12 37.13 566
123 P 30.07 37.15 585
124 P 29.33 37.22 586
125 P 29.53 37.35 704
126 P 29.69 37.39 606
127 P 29.22 37.44 502
128 P 29.31 37.51 625
129 P 28.68 37.52 586
130 P 29.09 37.60 553
131 P 29.04 37.73 731
132 P 28.18 37.71 528
133 P 28.56 37.81 513
134 P 28.59 37.81 388
135 P 28.87 37.86 493
136 P 28.01 37.88 470
137 P 28.79 37.99 491
138 P 28.86 38.11 556
139 P 28.52 38.13 504
140 P 27.70 38.19 261
141 P 28.17 38.26 280
142 P 28.30 38.27 385
143 P 28.25 38.29 470
144 P 27.96 38.32 450
145 P 27.57 38.35 392
146 P 27.32 38.44 412
147 P 28.23 38.49 362
148 P 27.70 38.54 391
149 P 28.56 38.52 400
150 P 27.65 38.51 516
151 P 27.61 38.65 484
152 P 28.07 38.70 629
153 P 26.97 38.76 648
154 P 26.47 38.83 791
155 P 26.82 38.86 629
156 P 27.18 38.94 625
157 P 26.75 39.02 626
158 P 27.00 39.03 562
159 P 26.03 39.07 514
160 P 26.67 39.25 661
161 P 26.46 39.25 665
162 P 26.16 39.36 651
163 P 25.98 39.39 537
164 P 25.57 39.43 706
165 P 26.06 39.46 455
166 P 25.90 39.52 525
167 P 25.59 39.50 569
168 P 26.00 39.54 649
169 P 25.50 39.55 549
170 P 25.82 39.61 541
171 P 24.68 39.69 513
172 P 25.34 39.76 511
173 P 25.69 39.77 659
174 P 25.30 39.74 629
175 P 25.45 39.80 738
176 P 24.69 39.81 931
177 P 25.11 39.92 807
178 P 24.84 40.00 583
179 P 24.74 40.09 581
180 P 24.90 40.09 573
181 P 24.52 40.09 697
182 P 24.45 40.12 719
183 P 24.47 40.22 732
184 P 23.91 40.30 713
185 P 23.46 40.38 420
186 P 23.82 40.41 328
187 P 23.68 40.53 671
188 P 23.52 40.53 465
189 P 24.23 40.41 566
190 P 23.63 40.41 905
191 P 24.33 40.37 1066
192 P 24.00 40.35 1179
193 P 23.96 40.42 1221
194 P 23.94 40.46 1097
195 P 23.42 40.53 935
196 P 23.43 40.55 715
197 P 23.48 40.64 705
198 P 23.75 40.70 848
199 P 24.03 40.68 800
200 P 23.45 40.73 1210
201 P 22.83 40.75 899
202 P 23.50 40.73 985
203 P 23.73 40.77 1128
204 P 23.54 40.81 1103
205 P 23.44 40.78 1025
206 P 22.77 40.78 1250
207 P 23.31 40.80 1162
208 P 23.48 40.78 1251
209 P 23.62 40.78 1352
210 P 23.42 40.81 1201
211 P 23.50 40.83 1234
212 P 22.75 40.81 1103
213 P 23.04 40.78 1399
214 P 23.32 40.82 1666
215 P 23.12 40.83 1540
216 P 22.71 40.82 1070
217 P 23.52 40.87 1095
218 P 23.56 40.89 683
219 P 22.96 40.93 649
220 P 22.87 40.96 847
221 P 22.73 40.94 886
222 P 23.64 40.91 814
223 P 22.93 40.81 925
224 P 23.60 40.83 1084
225 P 23.91 40.81 1067
226 P 23.73 40.75 997
227 P 23.69 40.74 943
228 P 23.87 40.69 952
229 P 24.21 40.65 1027
230 P 24.21 40.61 939
231 P 24.37 40.66 947
232 P 23.92 40.70 1015
233 P 23.86 40.72 784
234 P 23.62 40.76 746
235 P 23.36 40.88 750
236 P 22.47 40.89 501
237 P 23.22 40.92 807
238 P 23.78 40.81 749
239 P 23.72 40.78 1049
240 P 23.20 40.78 949
241 P 23.35 40.83 694
242 P 22.61 40.87 802
243 P 23.23 40.91 626
244 P 22.29 40.95 431
245 P 23.95 40.99 414
246 P 22.91 41.01 427
247 P 22.50 41.08 388
248 P 23.08 41.11 390
249 P 22.68 41.13 426
250 P 21.99 41.15 299
251 P 22.03 41.16 305
252 P 21.43 41.17 356
253 P 21.71 41.17 406
254 P 22.32 41.16 322
255 P 22.04 41.17 410
256 P 22.24 41.20 578
257 P 22.19 41.25 507
258 P 21.85 41.23 666
259 P 21.95 41.30 710
260 P 22.23 41.32 656
261 P 21.80 41.33 668
262 P 22.14 41.37 788
263 P 21.77 41.41 651
264 P 21.64 41.46 704
265 P 21.25 41.54 648
266 P 20.83 41.53 690
267 P 20.83 41.54 753
268 P 21.50 41.57 911
269 P 21.16 41.59 1038
270 P 21.39 41.62 1344
271 P 21.58 41.68 1122
272 P 21.28 41.78 1326
273 P 21.01 41.77 1254
274 P 21.71 41.78 1273
275 P 21.57 41.76 1313
276 P 21.79 41.72 1344
277 P 21.01 41.78 1401
278 P 21.70 41.83 1498
279 P 21.29 41.85 1856
280 P 21.60 41.84 2091
281 P 21.70 41.85 2235
282 P 20.89 41.85 2436
283 P 21.47 41.86 2545
284 P 21.21 41.85 2588
285 P 21.53 41.78 2684
286 P 21.36 41.82 2747
287 P 21.77 41.78 2484
288 P 21.34 41.88 2852
289 P 21.38 41.85 3125
290 P 21.38 41.74 3073
291 P 21.37 41.74 3026
292 P 21.48 41.65 2885
293 P 21.90 41.67 2822
294 P 22.21 41.51 2741
295 P 22.37 41.37 2739
296 P 22.40 41.31 2872
297 P 23.06 41.18 2803
298 P 23.71 41.02 2672
299 P 23.98 40.85 2451
300 P 23.54 40.78 2397
301 P 24.06 40.67 2261
302 P 24.60 40.48 2090
303 P 24.46 40.39 2004
304 P 25.12 40.30 2137
305 P 25.20 40.29 2089
306 P 25.09 40.17 1850
307 P 25.63 40.06 1701
308 P 25.68 40.12 1617
309 P 26.06 40.18 1357
310 P 25.90 40.12 1168
311 P 26.20 40.09 1324
312 P 26.46 39.96 1381
313 P 26.12 39.90 1403
314 P 26.64 39.85 1589
315 P 26.39 39.77 1631
316 P 26.23 39.70 1624
317 P 26.61 39.59 1391
318 P 26.80 39.57 1124
319 P 27.08 39.44 951
320 P 27.04 39.43 1000
321 P 27.24 39.38 1030
322 P 27.27 39.33 1043
323 P 27.33 39.27 940
324 P 27.28 39.30 1024
325 P 27.22 39.33 1017
326 P 27.56 39.32 963
327 P 27.97 39.27 914
328 P 26.99 39.25 843
329 P 27.54 39.23 742
330 P 27.33 39.20 557
331 P 26.73 39.21 642
332 P 27.69 39.21 638
333 P 27.28 39.23 816
334 P 27.44 39.21 779
335 P 27.34 39.26 798
336 P 26.74 39.25 932
337 P 27.19 39.26 872
338 P 27.10 39.27 931
339 P 27.41 39.30 840
340 P 27.62 39.32 915
341 P 26.69 39.22 874
342 P 27.63 39.21 852
343 P 27.10 39.24 926
344 P 27.37 39.28 978
345 P 27.36 39.37 1009
346 P 27.22 39.40 887
347 P 27.45 39.44 1094
348 P 27.09 39.44 1041
349 P 26.88 39.42 959
350 P 26.77 39.41 939
351 P 26.94 39.43 589
352 P 27.43 39.44 482
353 P 27.56 39.43 611
354 P 28.82 38.99 334
