% Nframe | type | QP | PSNR | size (Bytes) 
0 I 21.69 42.27 8858
1 P 21.71 41.78 684
2 P 23.14 41.55 1095
3 P 24.10 41.40 1460
4 P 24.03 41.30 1603
5 P 23.30 41.27 1662
6 P 23.87 41.33 1590
7 P 24.68 41.22 1496
8 P 23.33 41.26 1462
9 P 23.86 41.08 1580
10 P 24.57 41.25 1729
11 P 23.95 41.27 1909
12 P 27.25 39.88 754
13 P 23.00 41.54 2612
14 P 19.68 42.69 3270
15 P 18.72 43.45 3088
16 P 17.46 44.15 3916
17 P 16.55 44.71 5150
18 P 15.98 45.05 5423
19 P 15.66 45.35 5816
20 P 14.88 45.83 5952
21 P 14.58 46.07 5655
22 P 14.26 46.33 7223
23 P 13.98 46.60 7700
24 P 13.44 46.99 7791
25 P 13.38 46.95 8333
26 P 13.38 46.91 7592
27 P 13.36 47.13 7531
28 P 13.22 47.13 7220
29 P 13.41 47.04 7801
30 P 13.48 46.83 8315
31 P 13.64 46.73 8193
32 P 13.73 46.72 7058
33 P 13.80 46.72 7073
34 P 14.02 46.54 7722
35 P 14.27 46.38 7311
36 P 14.41 46.27 7396
37 P 14.58 46.24 6064
38 P 14.83 46.17 5749
39 P 15.01 46.05 6179
40 P 14.98 45.97 6105
41 P 15.28 45.87 5740
42 P 15.43 45.82 5627
43 P 15.59 45.71 5243
44 P 15.62 45.62 5025
45 P 15.72 45.53 5117
46 P 15.89 45.51 4950
47 P 16.30 45.31 4337
48 P 16.04 45.37 4031
49 P 16.33 45.38 3497
50 P 16.54 45.38 3948
51 P 16.29 45.23 4718
52 P 16.39 45.19 4661
53 P 16.44 45.21 4363
54 P 16.48 45.29 4730
55 P 16.47 45.26 4445
56 P 16.35 45.17 4282
57 P 16.46 45.08 4822
58 P 16.46 45.06 4964
59 P 16.43 45.09 5527
60 P 16.23 45.05 5789
61 P 15.94 45.22 6287
62 P 16.17 45.18 5733
63 P 16.36 45.23 5908
64 P 16.35 45.24 5628
65 P 15.97 45.18 5367
66 P 16.00 45.23 5605
67 P 15.88 45.19 5007
68 P 15.79 45.26 4979
69 P 16.15 45.16 5095
70 P 16.14 45.03 5739
71 P 16.07 44.95 5696
72 P 16.10 45.03 5865
73 P 16.08 45.04 5456
74 P 16.13 44.98 5119
75 P 16.26 44.89 5741
76 P 16.47 44.91 6360
77 P 16.39 44.96 6636
78 P 16.34 45.16 6878
79 P 16.17 45.05 6768
80 P 16.28 44.84 7124
81 P 16.18 44.79 7155
82 P 16.49 44.59 6937
83 P 16.24 44.67 6832
84 P 16.62 44.71 6172
85 P 16.40 44.81 6032
86 P 16.36 44.81 5727
87 P 16.66 44.89 5879
88 P 16.68 44.78 5916
89 P 16.75 44.74 5902
90 P 16.53 44.61 5801
91 P 16.85 44.61 5800
92 P 16.83 44.54 5883
93 P 17.06 44.44 5540
94 P 17.19 44.49 4767
95 P 17.03 44.45 4659
96 P 17.13 44.47 4625
97 P 17.32 44.49 4333
98 P 17.43 44.52 4989
99 P 17.21 44.46 4794
100 P 17.18 44.36 4694
101 P 17.47 44.29 4385
102 P 17.38 44.28 4586
103 P 17.55 44.31 4876
104 P 17.56 44.24 5157
105 P 17.37 44.24 5224
106 P 17.06 44.23 4862
107 P 17.45 44.31 4674
108 P 17.13 44.26 4564
109 P 17.65 44.28 4638
110 P 17.48 44.42 4739
111 P 17.57 44.38 4599
112 P 17.58 44.46 4275
113 P 17.31 44.49 4222
114 P 17.39 44.54 3990
115 P 17.42 44.60 4149
116 P 17.32 44.53 4060
117 P 17.62 44.44 4400
118 P 17.96 44.33 4297
119 P 17.80 44.42 4700
120 P 17.65 44.32 4448
121 P 17.89 44.41 4483
122 P 17.66 44.51 4435
123 P 18.38 44.49 4111
124 P 17.81 44.60 3953
125 P 17.60 44.51 4166
126 P 17.76 44.53 4290
127 P 17.41 44.45 4518
128 P 17.54 44.57 4907
129 P 17.05 44.75 4791
130 P 17.14 44.88 4603
131 P 17.44 44.84 4552
132 P 17.69 44.79 4548
133 P 17.72 44.78 4629
134 P 17.79 44.74 4620
135 P 17.33 44.78 4223
136 P 17.63 44.78 4393
137 P 17.17 44.74 4197
138 P 17.84 44.69 4014
139 P 17.51 44.71 3602
140 P 17.86 44.67 4555
141 P 17.89 44.69 4918
142 P 17.55 44.67 5099
143 P 17.51 44.70 4686
144 P 17.89 44.96 5277
145 P 17.23 44.90 5450
146 P 16.86 45.03 5779
147 P 16.92 45.07 6642
148 P 16.89 44.83 7265
149 P 17.07 44.58 7647
150 P 16.90 44.66 8143
151 P 16.72 44.63 7385
152 P 16.71 44.69 7328
153 P 16.86 44.75 7561
154 P 16.92 44.90 7841
155 P 16.86 45.08 7801
156 P 16.77 45.32 7764
157 P 16.94 45.36 7342
158 P 16.97 45.46 7519
159 P 17.04 45.49 7275
160 P 17.22 45.51 7252
161 P 16.93 45.74 7521
162 P 16.77 46.29 7005
163 P 16.41 46.89 6465
164 P 15.99 47.43 5543
165 P 15.52 48.15 4711
166 P 15.30 48.20 4593
167 P 15.23 48.05 4995
168 P 15.32 48.11 5040
169 P 15.36 47.77 5205
170 P 15.64 47.24 5795
171 P 16.07 47.17 5588
172 P 16.32 46.74 5854
173 P 16.56 46.58 6186
174 P 17.52 45.79 7435
175 P 17.76 45.46 7528
176 P 17.80 45.34 7498
177 P 17.84 45.26 7256
178 P 17.92 45.22 7459
179 P 18.11 44.94 7838
180 P 17.93 44.68 7834
181 P 18.33 44.36 8157
182 P 18.36 44.17 8325
183 P 18.39 44.13 8048
184 P 18.68 43.82 8387
185 P 18.99 43.67 8213
186 P 18.99 43.46 8397
187 P 19.08 43.44 7884
188 P 19.26 43.43 7405
189 P 19.35 43.45 7027
190 P 19.35 43.45 7458
191 P 19.45 43.08 7327
192 P 19.68 42.82 7614
193 P 19.77 42.73 7877
194 P 19.98 42.59 7381
195 P 20.26 42.42 6984
196 P 20.43 42.44 7466
197 P 20.47 42.21 7808
198 P 20.53 42.17 7008
199 P 20.63 41.94 7445
200 P 20.63 41.53 8428
201 P 20.87 40.88 10123
202 P 21.05 40.28 11341
203 P 21.28 39.58 12602
204 P 21.45 39.23 12082
205 P 21.36 39.32 10762
206 P 21.56 39.29 8632
207 P 21.54 39.17 10128
208 P 21.61 39.15 7716
209 P 21.57 39.13 8475
210 P 21.70 39.18 4947
211 P 21.71 38.99 5088
212 P 21.84 39.06 5213
213 P 21.84 39.05 5788
214 P 22.15 38.92 4988
215 P 22.33 38.80 5067
216 P 22.24 38.76 5293
217 P 22.41 38.70 4789
218 P 22.43 38.71 2476
219 P 22.39 38.69 1741
220 P 22.42 38.81 1003
221 P 22.45 38.79 716
222 P 21.95 38.84 795
223 P 21.97 39.04 621
224 P 22.60 39.02 559
225 P 22.83 38.94 835
226 P 22.91 38.73 2648
227 P 22.99 38.62 3109
228 P 22.84 38.60 2692
229 P 22.76 38.69 1585
230 P 22.51 38.76 1648
231 P 22.34 38.86 613
232 P 22.09 38.85 883
233 P 22.37 38.90 821
234 P 21.85 38.97 808
235 P 22.33 38.99 1502
236 P 22.63 39.01 967
237 P 22.25 38.96 2214
238 P 22.35 38.88 2509
239 P 22.04 38.92 3475
240 P 21.74 39.02 3598
241 P 22.01 38.99 2685
242 P 21.96 39.03 3994
243 P 21.73 39.11 4400
244 P 21.51 39.25 4164
245 P 21.70 39.24 1905
246 P 21.57 39.28 2295
247 P 23.71 38.45 899
% Nframe | type | QP | PSNR | size (Bytes) 
25 P 13.86 47.14 2509
26 P 13.18 47.17 5409
27 P 14.52 47.02 4957
28 P 14.78 46.93 4817
29 P 14.60 47.05 5383
30 P 14.27 47.14 4740
31 P 14.33 47.09 2009
32 P 14.76 46.90 4713
33 P 15.17 46.72 4787
34 P 14.79 46.73 6164
35 P 14.86 46.68 5727
36 P 15.63 46.28 5610
37 P 15.20 46.57 6688
38 P 15.09 46.55 2890
39 P 14.66 46.40 7312
40 P 14.93 46.38 6508
41 P 14.15 46.48 6165
42 P 14.94 46.56 5988
43 P 14.00 46.86 6184
44 P 15.11 46.84 6209
45 P 14.58 46.87 6369
46 P 14.40 46.83 6447
47 P 15.07 46.74 6140
48 P 15.04 46.85 6927
49 P 14.65 46.83 2981
50 P 15.31 46.76 5950
51 P 15.30 46.69 5844
52 P 14.90 46.60 5851
53 P 15.17 46.22 6384
54 P 14.85 46.90 9392
55 P 14.72 46.92 2999
56 P 15.23 46.40 5716
57 P 15.60 46.23 5556
58 P 15.43 46.30 6570
59 P 15.10 46.21 6006
60 P 15.28 46.24 6097
61 P 15.38 46.21 6246
62 P 15.12 46.19 6595
63 P 14.87 46.23 6436
64 P 15.23 46.27 6199
65 P 15.18 46.14 5712
66 P 15.67 46.16 5584
67 P 15.66 46.28 5815
68 P 14.95 46.23 5855
69 P 15.42 46.18 5663
70 P 15.34 46.08 5627
71 P 15.88 45.86 5752
72 P 15.28 46.30 6641
73 P 14.75 46.30 2619
74 P 15.74 45.98 5395
75 P 15.18 46.11 5444
76 P 15.98 45.98 5113
77 P 14.71 46.09 5890
78 P 15.39 46.24 5115
79 P 15.82 46.23 2279
80 P 15.82 46.07 4920
81 P 16.02 46.01 4829
82 P 15.97 46.20 5650
83 P 16.03 46.13 4881
84 P 16.04 46.03 4745
85 P 16.09 46.03 5055
86 P 16.54 45.90 4962
87 P 15.68 45.88 5083
88 P 16.62 45.92 5281
89 P 16.59 45.94 4973
90 P 15.50 45.90 4587
91 P 16.53 45.87 5279
92 P 16.38 45.84 5693
93 P 15.53 45.87 5648
94 P 16.21 45.83 5663
95 P 16.60 45.75 5365
96 P 16.31 46.12 6668
97 P 15.45 46.13 2595
98 P 15.58 45.95 6101
99 P 16.30 46.00 6524
100 P 16.40 45.89 6446
101 P 16.43 45.84 7184
102 P 16.15 46.04 6875
103 P 16.68 46.06 2990
104 P 16.68 45.85 6035
105 P 15.63 46.04 6671
106 P 16.56 45.95 5787
107 P 16.59 45.94 5977
108 P 16.98 45.52 5728
109 P 16.21 46.12 8678
110 P 16.31 46.01 6030
111 P 16.69 45.94 5822
112 P 16.55 45.87 5014
113 P 16.90 45.77 5268
114 P 16.68 45.81 5425
115 P 16.81 45.94 5044
116 P 16.81 45.80 5692
117 P 17.00 45.79 5548
118 P 16.86 45.83 5711
119 P 16.93 45.82 5600
120 P 16.98 45.82 5197
121 P 17.03 45.76 5051
122 P 17.12 45.64 4868
123 P 17.02 45.69 5235
124 P 16.94 45.78 5020
125 P 17.02 45.76 2173
126 P 16.92 45.78 4646
127 P 17.27 45.74 4575
128 P 17.46 45.81 4870
129 P 17.44 45.68 4128
130 P 16.88 45.89 4979
131 P 16.70 45.89 2587
132 P 16.99 45.75 4990
133 P 17.05 45.79 5738
134 P 17.05 45.83 5109
135 P 16.92 45.76 4639
136 P 17.23 45.71 4787
137 P 16.96 45.75 4097
138 P 17.03 45.82 4105
139 P 16.95 45.82 4166
140 P 16.88 45.86 4203
141 P 17.08 45.73 4286
142 P 16.86 46.08 5520
143 P 16.64 45.99 2862
144 P 17.15 45.98 4578
145 P 16.86 45.97 4064
146 P 16.90 45.88 3858
147 P 17.45 45.89 4474
148 P 16.77 46.06 4136
149 P 17.10 46.11 1883
150 P 17.19 45.93 3933
151 P 17.21 45.87 4079
152 P 17.28 45.94 5057
153 P 17.39 45.94 4842
154 P 17.15 46.09 4941
155 P 17.04 46.07 2291
156 P 17.54 45.88 4413
157 P 16.58 45.93 5984
158 P 16.56 45.96 4816
159 P 16.62 45.88 4902
160 P 16.75 45.91 4749
161 P 16.60 45.90 4931
162 P 16.78 45.69 4163
163 P 16.28 46.04 7869
164 P 16.30 45.98 5422
165 P 15.93 45.93 4924
166 P 16.23 46.21 6111
167 P 16.34 46.19 1948
168 P 16.49 45.97 5389
169 P 16.18 45.87 5487
170 P 16.51 45.80 5584
171 P 16.34 45.88 6671
172 P 16.39 46.00 6316
173 P 16.96 45.90 3048
174 P 16.59 45.82 6186
175 P 16.50 45.76 5799
176 P 16.41 45.93 6952
177 P 16.35 45.81 5884
178 P 16.18 46.06 6155
179 P 16.16 46.05 2254
180 P 16.82 45.81 4905
181 P 16.44 45.96 5552
182 P 16.68 46.02 4792
183 P 16.74 45.95 4921
184 P 16.55 46.02 4806
185 P 16.53 45.97 5395
186 P 16.68 45.92 5587
187 P 17.02 45.91 5661
188 P 16.80 45.90 5825
189 P 16.84 45.70 5057
190 P 16.84 46.00 6041
191 P 16.48 46.12 2355
192 P 16.97 45.94 4908
193 P 16.86 45.89 5015
194 P 16.84 45.80 5082
195 P 16.80 45.97 5975
196 P 16.67 46.03 5696
197 P 16.45 46.02 2697
198 P 16.82 45.86 5186
199 P 16.70 45.81 4985
200 P 16.48 45.98 6020
201 P 16.58 45.96 5403
202 P 16.46 46.04 5865
203 P 16.17 45.94 3694
204 P 16.40 45.90 6329
205 P 16.33 45.94 5995
206 P 16.30 46.02 5127
207 P 16.20 45.95 4996
208 P 16.26 45.95 4698
209 P 16.44 45.68 4060
210 P 16.44 46.41 6528
211 P 16.67 46.14 4175
212 P 16.38 46.12 4822
213 P 16.65 46.14 4970
214 P 16.21 46.40 6181
215 P 15.84 46.36 1598
216 P 16.16 46.15 4852
217 P 15.90 46.11 4896
218 P 16.17 46.14 4544
219 P 16.27 46.19 5197
220 P 16.34 46.29 4814
221 P 16.22 46.25 1659
222 P 16.18 46.02 4935
223 P 16.44 45.87 5064
224 P 16.63 45.99 6187
225 P 16.47 45.96 6002
226 P 16.37 46.14 6219
227 P 16.21 46.11 2447
228 P 16.63 46.08 6646
229 P 16.53 46.08 5574
230 P 16.21 46.14 5238
231 P 16.36 46.13 5188
232 P 16.27 46.10 4749
233 P 16.26 46.19 4720
234 P 16.20 46.22 4352
235 P 16.96 46.15 4751
236 P 16.95 46.17 4896
237 P 16.96 46.04 4902
238 P 16.49 46.29 6607
239 P 15.97 46.30 2551
240 P 16.90 46.06 5427
241 P 17.02 45.97 5365
242 P 16.44 45.92 4901
243 P 16.80 46.10 5935
244 P 16.72 46.20 5073
245 P 16.13 46.20 1830
246 P 16.36 46.07 4766
247 P 16.39 46.01 5286
248 P 16.49 46.02 4804
249 P 16.83 46.11 4961
250 P 16.18 46.13 4713
251 P 16.20 46.12 1940
252 P 16.46 46.04 5409
253 P 16.28 46.04 4878
254 P 16.26 46.03 4823
255 P 18.19 45.34 3729
% Nframe | type | QP | PSNR | size (Bytes) 
25 P 13.04 48.10 9805
26 P 13.27 47.78 9378
27 P 13.64 47.28 9671
28 P 14.15 46.61 9343
29 P 14.99 45.64 9732
30 P 15.34 45.28 7812
31 P 16.06 45.15 7364
32 P 16.38 45.07 6838
33 P 16.64 45.10 5957
34 P 16.88 45.40 5421
35 P 17.01 45.41 4262
36 P 16.87 45.47 3711
37 P 17.13 45.45 3514
38 P 17.09 45.26 3725
39 P 17.61 44.83 3919
40 P 17.95 44.37 3689
41 P 18.38 43.83 3463
42 P 18.50 43.61 3613
43 P 18.90 43.36 3426
44 P 19.88 43.37 2827
45 P 18.96 43.52 2912
46 P 19.48 43.41 2783
47 P 19.26 43.67 2905
48 P 18.87 43.76 2783
49 P 18.39 43.83 3053
50 P 18.36 43.76 3541
51 P 18.53 43.64 4013
52 P 18.22 43.67 4251
53 P 17.98 43.77 4366
54 P 17.88 43.85 3764
55 P 17.60 43.92 2960
56 P 17.82 44.09 2875
57 P 17.96 44.14 2929
58 P 17.28 44.26 3025
59 P 17.28 44.42 2998
60 P 16.89 44.46 3181
61 P 17.21 44.42 3438
62 P 17.02 44.56 3324
63 P 17.05 44.55 3524
64 P 16.80 44.57 3624
65 P 17.19 44.46 3308
66 P 17.00 44.47 2760
67 P 16.86 44.50 2811
68 P 16.52 44.67 3594
69 P 16.40 44.63 4178
70 P 16.27 44.60 4662
71 P 16.63 44.61 5513
72 P 16.04 44.59 5412
73 P 16.26 44.70 5469
74 P 16.02 44.80 5112
75 P 15.86 44.86 4306
76 P 15.82 44.99 4123
77 P 15.62 45.14 3614
78 P 15.47 45.25 3777
79 P 15.73 45.26 4123
80 P 15.53 45.32 4134
81 P 15.55 45.31 3418
82 P 15.66 45.38 2995
83 P 15.76 45.28 3089
84 P 15.91 45.30 3703
85 P 15.92 45.21 3927
86 P 15.70 45.17 4042
87 P 15.96 45.14 4491
88 P 15.71 45.17 4556
89 P 15.72 45.27 4866
90 P 15.27 45.35 5104
91 P 15.31 45.32 4969
92 P 15.20 45.38 4858
93 P 15.09 45.36 4644
94 P 15.09 45.47 4692
95 P 14.93 45.60 4537
96 P 15.13 45.56 4088
97 P 15.06 45.62 4058
98 P 14.90 45.76 3817
99 P 14.98 45.83 3551
100 P 14.84 45.87 3807
101 P 14.86 45.76 3533
102 P 14.89 45.79 3531
103 P 15.41 45.81 3773
104 P 15.28 45.81 3999
105 P 15.08 45.82 3793
106 P 15.15 45.88 3800
107 P 15.37 45.90 2844
108 P 14.94 45.91 2444
109 P 14.91 45.94 3048
110 P 14.95 45.90 3076
111 P 14.53 45.88 2994
112 P 14.68 45.98 3318
113 P 14.43 46.02 3672
114 P 14.55 46.10 3620
115 P 14.68 46.12 2903
116 P 14.75 46.26 2555
117 P 14.86 46.12 2586
118 P 14.46 46.22 3113
119 P 14.23 46.23 3613
120 P 14.36 46.23 3762
121 P 14.21 46.26 3723
122 P 14.09 46.27 4076
123 P 14.19 46.31 4559
124 P 14.07 46.36 4552
125 P 13.95 46.45 4298
126 P 13.91 46.51 3963
127 P 13.68 46.51 3838
128 P 13.82 46.53 3968
129 P 13.66 46.62 3994
130 P 13.76 46.64 3428
131 P 13.60 46.81 3930
132 P 13.76 46.84 3896
133 P 13.38 46.85 3310
134 P 13.30 46.83 3455
135 P 13.34 46.84 3864
136 P 13.34 46.80 3855
137 P 13.37 46.82 4053
138 P 13.33 46.88 4249
139 P 13.20 46.93 3672
140 P 13.15 47.08 2474
141 P 13.32 47.06 2260
142 P 12.96 47.06 3471
143 P 12.95 47.10 3697
144 P 12.92 47.18 3744
145 P 12.80 47.22 3246
146 P 12.82 47.29 3132
147 P 12.67 47.33 3067
148 P 12.64 47.37 2897
149 P 12.82 47.28 3654
150 P 12.78 47.23 3983
151 P 12.90 47.19 4415
152 P 12.78 47.23 5010
153 P 12.43 47.32 5488
154 P 12.43 47.36 5332
155 P 12.47 47.30 4325
156 P 12.60 47.43 3665
157 P 12.41 47.56 4353
158 P 12.30 47.53 4065
159 P 12.34 47.60 3688
160 P 12.20 47.66 3534
161 P 12.10 47.68 4039
162 P 12.16 47.68 2990
163 P 11.96 47.80 3042
164 P 11.89 47.81 3304
165 P 11.86 47.77 3413
166 P 11.89 47.76 3767
167 P 12.12 47.74 4085
168 P 12.25 47.73 4110
169 P 11.96 47.74 3993
170 P 11.96 47.80 3206
171 P 11.74 47.94 3498
172 P 11.96 47.98 3840
173 P 11.88 47.91 4415
174 P 12.07 47.84 4497
175 P 11.78 47.92 4944
176 P 11.72 47.97 5497
177 P 11.59 48.03 4726
178 P 11.72 48.04 3389
179 P 11.75 48.08 3506
180 P 11.53 48.10 4186
181 P 11.49 48.05 4447
182 P 11.52 48.10 4105
183 P 11.35 48.15 4398
184 P 11.25 48.23 3821
185 P 11.09 48.35 3403
186 P 11.12 48.36 2913
187 P 11.10 48.43 3482
188 P 11.06 48.42 3073
189 P 11.38 48.25 4349
190 P 11.47 48.21 5406
191 P 11.56 48.14 6038
192 P 11.46 48.17 6322
193 P 11.50 48.18 5338
194 P 11.32 48.22 5186
195 P 11.34 48.28 4545
196 P 11.05 48.29 4291
197 P 11.21 48.36 4280
198 P 11.17 48.49 4911
199 P 11.01 48.43 4683
200 P 11.08 48.52 5941
201 P 11.08 48.48 5018
202 P 10.98 48.42 6074
203 P 11.20 48.46 6111
204 P 11.17 48.32 6317
205 P 11.30 48.28 6414
206 P 11.19 48.29 7032
207 P 11.17 48.23 6911
208 P 11.15 48.33 7477
209 P 11.14 48.37 6828
210 P 11.07 48.49 6628
211 P 11.09 48.40 6381
212 P 11.12 48.41 6479
213 P 11.07 48.33 6801
214 P 11.13 48.37 7202
215 P 11.21 48.34 6535
216 P 11.14 48.42 6394
217 P 11.08 48.35 5167
218 P 10.82 48.41 3990
219 P 11.04 48.41 3985
220 P 11.27 48.38 5076
221 P 11.43 48.35 5197
222 P 11.46 48.19 5731
223 P 11.43 48.18 5827
224 P 11.45 48.12 5810
225 P 11.54 48.07 6444
226 P 11.60 48.05 6563
227 P 11.54 47.99 5946
228 P 11.62 48.06 6070
229 P 11.51 48.04 6026
230 P 11.70 48.03 5264
231 P 11.43 48.03 5427
232 P 11.54 48.08 5558
233 P 11.49 48.10 5150
234 P 11.42 48.15 4673
235 P 11.33 48.18 3921
236 P 11.38 48.14 3469
237 P 11.54 48.14 4075
238 P 11.36 48.16 4482
239 P 11.75 48.06 4870
240 P 11.55 48.02 4184
241 P 11.46 48.10 3748
242 P 11.64 48.10 3894
243 P 11.32 48.14 3610
244 P 11.60 48.31 3056
245 P 11.41 48.27 3133
246 P 11.29 48.33 3310
247 P 11.47 48.39 2819
248 P 11.23 48.39 3015
249 P 11.49 48.35 3140
250 P 11.23 48.42 2781
251 P 11.10 48.43 2670
252 P 11.17 48.46 3171
253 P 11.35 48.44 3218
254 P 10.64 48.40 2991
255 P 11.29 48.46 3266
256 P 11.52 48.40 3600
257 P 11.43 48.42 3616
258 P 11.45 48.37 4105
259 P 11.19 48.35 3732
260 P 11.28 48.39 3984
261 P 11.19 48.46 4286
262 P 11.15 48.49 4356
263 P 11.09 48.50 4300
264 P 11.08 48.57 4361
265 P 10.92 48.69 3461
266 P 11.01 48.65 3889
267 P 10.89 48.73 4368
268 P 10.85 48.72 4586
269 P 10.85 48.71 5337
270 P 10.94 48.62 5685
271 P 10.88 48.69 5356
272 P 10.74 48.66 5158
273 P 10.86 48.62 5553
274 P 10.86 48.64 5871
275 P 10.79 48.68 6155
276 P 10.81 48.71 6322
277 P 10.74 48.72 5920
278 P 10.84 48.66 6550
279 P 10.79 48.64 7063
280 P 10.77 48.61 8008
281 P 10.84 48.52 7854
282 P 10.88 48.53 8659
283 P 10.88 48.53 8627
284 P 10.92 48.53 9061
285 P 10.97 48.48 8952
286 P 10.87 48.53 9336
287 P 10.98 48.47 9049
288 P 10.96 48.46 9509
289 P 11.05 48.50 9889
290 P 11.01 48.36 9721
291 P 11.10 48.37 9520
292 P 11.09 48.36 9488
293 P 11.27 48.32 9152
294 P 11.22 48.31 9436
295 P 11.37 48.23 9310
296 P 11.49 48.09 9151
297 P 11.57 48.01 9264
298 P 11.65 47.93 9055
299 P 11.72 47.86 8964
300 P 11.70 47.85 8862
301 P 11.81 47.76 8490
302 P 11.78 47.77 8524
303 P 11.87 47.74 8362
304 P 12.06 47.70 8306
305 P 12.04 47.65 8107
306 P 12.15 47.58 7810
307 P 12.35 47.51 7421
308 P 12.30 47.50 7667
309 P 12.41 47.44 6985
310 P 12.48 47.39 6331
311 P 12.63 47.41 6716
312 P 12.64 47.36 6787
313 P 12.70 47.38 6986
314 P 12.66 47.28 7103
315 P 12.92 47.25 6900
316 P 12.90 47.14 6497
317 P 12.88 47.17 6523
318 P 12.96 47.13 6111
319 P 12.82 47.05 6325
320 P 12.95 47.02 6287
321 P 12.94 47.05 6078
322 P 13.02 47.01 5981
323 P 12.90 47.02 5813
324 P 12.94 47.01 5648
325 P 13.06 47.03 5693
326 P 13.00 47.02 5231
327 P 13.10 46.99 4992
328 P 12.99 46.97 4881
329 P 13.19 46.99 4645
330 P 13.09 46.97 4168
331 P 13.19 46.97 3833
332 P 13.27 46.97 4335
333 P 13.29 46.94 5122
334 P 13.51 46.83 4807
335 P 13.28 46.83 5344
336 P 13.30 46.85 5243
337 P 13.29 46.82 5236
338 P 13.67 46.76 5301
339 P 13.33 46.84 5260
340 P 13.23 46.78 5139
341 P 13.47 46.87 5492
342 P 13.49 46.82 5312
343 P 13.25 46.89 5295
344 P 13.40 46.93 4878
345 P 13.16 46.97 5066
346 P 13.24 47.02 4455
347 P 13.56 46.94 4903
348 P 13.41 46.96 4997
349 P 13.41 46.91 4965
350 P 13.21 46.96 4730
351 P 13.17 46.95 3631
352 P 13.39 46.97 3204
353 P 13.18 46.96 4043
354 P 14.72 45.96 2615
