% Nframe | type | QP | PSNR | size (Bytes) 
0 I 51.00 29.72 8270
1 P 51.00 29.52 93
2 P 51.00 29.27 181
3 P 51.00 28.80 307
4 P 51.00 28.44 538
5 P 51.00 27.96 637
6 P 51.00 27.68 713
7 P 51.00 27.29 802
8 P 51.00 27.13 704
9 P 51.00 27.08 429
10 P 51.00 27.41 383
11 P 51.00 27.70 490
12 P 51.00 27.01 122
13 P 51.00 25.73 12
14 P 51.00 25.11 12
15 P 51.00 25.40 12
16 P 51.00 25.83 12
17 P 51.00 24.81 12
18 P 51.00 24.35 96
19 P 51.00 23.47 143
20 P 51.00 22.94 101
21 P 51.00 23.34 204
22 P 51.00 23.95 175
23 P 51.00 24.73 198
24 P 51.00 25.43 205
25 P 51.00 25.84 332
26 P 51.00 26.29 404
27 P 51.00 26.68 597
28 P 51.00 26.79 801
29 P 51.00 26.88 1122
30 P 51.00 26.89 1007
31 P 51.00 26.95 880
32 P 51.00 27.02 938
33 P 51.00 27.21 967
34 P 51.00 27.05 846
35 P 51.00 26.86 795
36 P 51.00 26.66 748
37 P 51.00 26.54 695
38 P 51.00 26.73 625
39 P 51.00 26.77 795
40 P 51.00 26.69 846
41 P 51.00 26.62 850
42 P 51.00 26.38 760
43 P 51.00 26.23 797
44 P 51.00 26.06 746
45 P 51.00 25.86 700
46 P 51.00 25.67 688
47 P 51.00 25.46 520
48 P 51.00 25.43 238
49 P 51.00 25.61 147
50 P 51.00 25.74 253
51 P 51.00 25.71 446
52 P 51.00 25.45 404
53 P 51.00 25.44 415
54 P 51.00 25.29 337
55 P 51.00 24.97 181
56 P 51.00 24.82 191
57 P 51.00 24.69 178
58 P 51.00 24.61 238
59 P 51.00 24.57 503
60 P 51.00 24.38 700
61 P 51.00 24.26 853
62 P 51.00 24.12 756
63 P 51.00 23.95 663
64 P 51.00 23.90 621
65 P 51.00 23.84 427
66 P 51.00 23.84 515
67 P 51.00 23.94 727
68 P 51.00 24.02 793
69 P 51.00 24.08 824
70 P 51.00 24.12 760
71 P 51.00 24.12 664
72 P 51.00 23.98 595
73 P 51.00 23.89 530
74 P 51.00 23.80 287
75 P 51.00 23.94 306
76 P 51.00 24.11 472
77 P 51.00 24.19 670
78 P 51.00 24.29 778
79 P 51.00 24.25 731
80 P 51.00 24.08 589
81 P 51.00 23.83 513
82 P 51.00 23.66 511
83 P 51.00 23.58 499
84 P 51.00 23.55 506
85 P 51.00 23.53 563
86 P 51.00 23.51 565
87 P 51.00 23.59 658
88 P 51.00 23.60 604
89 P 51.00 23.48 538
90 P 51.00 23.46 453
91 P 51.00 23.46 306
92 P 51.00 23.49 342
93 P 51.00 23.44 337
94 P 51.00 23.38 320
95 P 51.00 23.38 386
96 P 51.00 23.32 282
97 P 51.00 23.35 296
98 P 51.00 23.30 278
99 P 51.00 23.20 254
100 P 51.00 23.11 199
101 P 51.00 23.08 194
102 P 51.00 23.17 241
103 P 51.00 23.17 289
104 P 51.00 23.20 406
105 P 51.00 22.99 318
106 P 51.00 22.98 251
107 P 51.00 22.97 262
108 P 51.00 22.98 261
109 P 51.00 22.96 323
110 P 51.00 22.95 357
111 P 51.00 22.96 401
112 P 51.00 23.06 403
113 P 51.00 23.10 324
114 P 51.00 23.25 342
115 P 51.00 23.44 359
116 P 51.00 23.49 282
117 P 51.00 23.53 309
118 P 51.00 23.69 411
119 P 51.00 23.66 354
120 P 51.00 23.72 335
121 P 51.00 23.86 354
122 P 51.00 23.92 333
123 P 51.00 24.00 288
124 P 51.00 24.10 387
125 P 51.00 24.07 451
126 P 51.00 24.06 409
127 P 51.00 24.12 382
128 P 51.00 24.30 403
129 P 51.00 24.53 518
130 P 51.00 24.74 618
131 P 51.00 24.83 694
132 P 51.00 24.79 718
133 P 51.00 24.79 627
134 P 51.00 24.79 698
135 P 51.00 24.86 593
136 P 51.00 24.82 550
137 P 51.00 24.82 551
138 P 51.00 24.78 423
139 P 51.00 24.80 329
140 P 51.00 24.94 382
141 P 51.00 24.92 563
142 P 51.00 24.94 772
143 P 51.00 25.10 853
144 P 51.00 25.06 893
145 P 51.00 24.99 865
146 P 51.00 25.01 980
147 P 51.00 24.87 965
148 P 51.00 24.63 1003
149 P 51.00 24.43 919
150 P 51.00 24.15 1187
151 P 51.00 24.43 1251
152 P 51.00 24.56 1265
153 P 51.00 24.36 1247
154 P 51.00 23.94 1431
155 P 51.00 23.67 1396
156 P 51.00 23.28 1328
157 P 51.00 22.99 1388
158 P 51.00 22.64 1287
159 P 51.00 22.51 1659
160 P 51.00 22.38 1593
161 P 51.00 22.39 1334
162 P 51.00 22.00 1143
163 P 51.00 22.11 985
164 P 51.00 22.04 630
165 P 51.00 22.04 593
166 P 51.00 21.94 465
167 P 51.00 21.87 472
168 P 51.00 21.27 553
169 P 51.00 20.14 796
170 P 51.00 18.91 721
171 P 51.00 17.87 676
172 P 51.00 16.91 663
173 P 51.00 16.72 573
174 P 51.00 16.36 359
175 P 51.00 16.04 368
176 P 51.00 15.84 370
177 P 51.00 15.85 418
178 P 51.00 15.67 526
179 P 51.00 15.57 566
180 P 51.00 15.81 588
181 P 51.00 15.88 588
182 P 51.00 15.99 709
183 P 51.00 16.10 548
184 P 51.00 16.13 449
185 P 51.00 16.08 433
186 P 51.00 16.20 401
187 P 51.00 16.17 336
188 P 51.00 16.21 365
189 P 51.00 16.34 390
190 P 51.00 16.31 376
191 P 51.00 16.32 391
192 P 51.00 16.06 438
193 P 51.00 15.86 475
194 P 51.00 15.91 397
195 P 51.00 15.82 362
196 P 51.00 15.75 416
197 P 51.00 15.48 409
198 P 51.00 15.42 457
199 P 51.00 15.51 356
200 P 51.00 15.55 336
201 P 51.00 15.53 282
202 P 51.00 15.48 288
203 P 51.00 15.48 284
204 P 51.00 15.42 206
205 P 51.00 15.39 208
206 P 51.00 15.35 155
207 P 51.00 15.27 156
208 P 51.00 15.26 80
209 P 51.00 15.26 35
210 P 51.00 15.27 41
211 P 51.00 15.27 107
212 P 51.00 15.29 64
213 P 51.00 15.31 92
214 P 51.00 15.33 101
215 P 51.00 15.38 122
216 P 51.00 15.39 95
217 P 51.00 15.40 66
218 P 51.00 15.41 79
219 P 51.00 15.42 53
220 P 51.00 15.44 58
221 P 51.00 15.47 106
222 P 51.00 15.52 124
223 P 51.00 15.57 133
224 P 51.00 15.69 339
225 P 51.00 15.86 348
226 P 51.00 15.95 214
227 P 51.00 15.99 178
228 P 51.00 16.04 239
229 P 51.00 16.17 184
230 P 51.00 16.13 203
231 P 51.00 16.20 268
232 P 51.00 16.28 290
233 P 51.00 16.36 253
234 P 51.00 16.40 191
235 P 51.00 16.46 265
236 P 51.00 16.49 164
237 P 51.00 16.51 106
238 P 51.00 16.57 208
239 P 51.00 16.67 359
240 P 51.00 16.75 282
241 P 51.00 16.83 316
242 P 51.00 16.92 276
243 P 51.00 16.95 258
244 P 51.00 17.02 314
245 P 51.00 17.07 314
246 P 51.00 17.13 350
247 P 51.00 17.14 82
% Nframe | type | QP | PSNR | size (Bytes) 
25 P 51.00 24.13 424
26 P 51.00 24.80 693
27 P 51.00 25.35 486
28 P 51.00 25.97 622
29 P 51.00 26.51 772
30 P 51.00 26.92 739
31 P 51.00 27.04 239
32 P 51.00 27.09 678
33 P 51.00 27.15 668
34 P 51.00 27.29 1102
35 P 51.00 27.20 819
36 P 51.00 27.12 829
37 P 51.00 27.03 765
38 P 51.00 27.02 180
39 P 51.00 27.01 1096
40 P 51.00 26.84 775
41 P 51.00 26.75 765
42 P 51.00 26.61 715
43 P 51.00 26.65 778
44 P 51.00 26.61 696
45 P 51.00 26.59 659
46 P 51.00 26.36 481
47 P 51.00 26.21 583
48 P 51.00 26.11 764
49 P 51.00 25.99 73
50 P 51.00 25.92 616
51 P 51.00 25.60 484
52 P 51.00 25.34 546
53 P 51.00 25.16 544
54 P 51.00 25.02 1504
55 P 51.00 24.93 70
56 P 51.00 24.63 270
57 P 51.00 24.56 347
58 P 51.00 24.56 516
59 P 51.00 24.48 349
60 P 51.00 24.42 387
61 P 51.00 24.42 381
62 P 51.00 24.43 432
63 P 51.00 24.30 402
64 P 51.00 24.25 407
65 P 51.00 24.15 329
66 P 51.00 23.98 298
67 P 51.00 23.96 368
68 P 51.00 24.00 424
69 P 51.00 23.97 361
70 P 51.00 23.97 366
71 P 51.00 23.90 343
72 P 51.00 23.98 588
73 P 51.00 23.97 79
74 P 51.00 23.87 382
75 P 51.00 23.96 369
76 P 51.00 23.99 407
77 P 51.00 23.99 456
78 P 51.00 24.15 390
79 P 51.00 24.16 75
80 P 51.00 24.06 293
81 P 51.00 24.10 335
82 P 51.00 24.24 547
83 P 51.00 24.23 342
84 P 51.00 24.19 352
85 P 51.00 24.29 450
86 P 51.00 24.31 381
87 P 51.00 24.33 461
88 P 51.00 24.46 497
89 P 51.00 24.45 376
90 P 51.00 24.52 447
91 P 51.00 24.67 586
92 P 51.00 24.75 548
93 P 51.00 24.86 551
94 P 51.00 24.85 556
95 P 51.00 24.86 544
96 P 51.00 25.18 921
97 P 51.00 25.23 61
98 P 51.00 25.22 590
99 P 51.00 25.29 654
100 P 51.00 25.30 640
101 P 51.00 25.41 919
102 P 51.00 25.44 700
103 P 51.00 25.44 108
104 P 51.00 25.44 663
105 P 51.00 25.61 787
106 P 51.00 25.55 652
107 P 51.00 25.55 674
108 P 51.00 25.40 564
109 P 51.00 25.80 1666
110 P 51.00 25.65 408
111 P 51.00 25.62 515
112 P 51.00 25.55 359
113 P 51.00 25.38 313
114 P 51.00 25.26 330
115 P 51.00 25.26 401
116 P 51.00 25.09 340
117 P 51.00 24.96 372
118 P 51.00 24.88 353
119 P 51.00 24.77 276
120 P 51.00 24.73 293
121 P 51.00 24.62 129
122 P 51.00 24.48 200
123 P 51.00 24.48 234
124 P 51.00 24.55 269
125 P 51.00 24.54 43
126 P 51.00 24.55 161
127 P 51.00 24.59 137
128 P 51.00 24.63 275
129 P 51.00 24.53 198
130 P 51.00 24.75 378
131 P 51.00 24.81 74
132 P 51.00 24.78 262
133 P 51.00 24.89 434
134 P 51.00 24.98 300
135 P 51.00 25.03 323
136 P 51.00 25.12 303
137 P 51.00 25.25 296
138 P 51.00 25.42 314
139 P 51.00 25.43 280
140 P 51.00 25.48 271
141 P 51.00 25.55 305
142 P 51.00 25.74 388
143 P 51.00 25.77 134
144 P 51.00 25.73 247
145 P 51.00 25.74 289
146 P 51.00 25.74 231
147 P 51.00 25.72 333
148 P 51.00 25.80 329
149 P 51.00 25.87 102
150 P 51.00 25.90 282
151 P 51.00 25.93 263
152 P 51.00 26.03 413
153 P 51.00 26.10 348
154 P 51.00 26.18 454
155 P 51.00 26.22 144
156 P 51.00 26.18 358
157 P 51.00 26.27 629
158 P 51.00 26.28 427
159 P 51.00 26.24 470
160 P 51.00 26.27 474
161 P 51.00 26.26 581
162 P 51.00 26.22 451
163 P 51.00 26.95 2268
164 P 51.00 26.85 545
165 P 51.00 26.78 462
166 P 51.00 26.78 760
167 P 51.00 26.84 103
168 P 51.00 26.75 554
169 P 51.00 26.72 624
170 P 51.00 26.74 738
171 P 51.00 26.69 877
172 P 51.00 26.68 684
173 P 51.00 26.63 155
174 P 51.00 26.62 620
175 P 51.00 26.48 430
176 P 51.00 26.61 714
177 P 51.00 26.62 498
178 P 51.00 26.61 557
179 P 51.00 26.60 90
180 P 51.00 26.54 495
181 P 51.00 26.59 651
182 P 51.00 26.57 427
183 P 51.00 26.52 421
184 P 51.00 26.51 437
185 P 51.00 26.47 454
186 P 51.00 26.45 437
187 P 51.00 26.46 493
188 P 51.00 26.42 496
189 P 51.00 26.34 352
190 P 51.00 26.40 691
191 P 51.00 26.46 103
192 P 51.00 26.38 432
193 P 51.00 26.31 436
194 P 51.00 26.25 457
195 P 51.00 26.23 592
196 P 51.00 26.24 528
197 P 51.00 26.20 142
198 P 51.00 26.14 478
199 P 51.00 26.12 472
200 P 51.00 26.15 588
201 P 51.00 26.13 436
202 P 51.00 26.13 527
203 P 51.00 26.15 270
204 P 51.00 26.12 637
205 P 51.00 26.01 528
206 P 51.00 26.03 481
207 P 51.00 26.05 449
208 P 51.00 26.02 422
209 P 51.00 26.02 337
210 P 51.00 26.69 2133
211 P 51.00 26.41 574
212 P 51.00 26.31 706
213 P 51.00 26.19 694
214 P 51.00 26.33 1359
215 P 51.00 26.32 79
216 P 51.00 26.14 930
217 P 51.00 26.20 865
218 P 51.00 26.13 739
219 P 51.00 26.20 997
220 P 51.00 26.20 629
221 P 51.00 26.25 47
222 P 51.00 26.13 577
223 P 51.00 26.12 710
224 P 51.00 26.34 1135
225 P 51.00 26.25 908
226 P 51.00 26.22 853
227 P 51.00 26.23 127
228 P 51.00 26.30 1125
229 P 51.00 26.22 685
230 P 51.00 26.24 597
231 P 51.00 26.18 446
232 P 51.00 26.20 493
233 P 51.00 26.26 511
234 P 51.00 26.31 477
235 P 51.00 26.32 454
236 P 51.00 26.38 400
237 P 51.00 26.24 331
238 P 51.00 26.32 785
239 P 51.00 26.29 99
240 P 51.00 26.18 523
241 P 51.00 26.12 606
242 P 51.00 25.92 446
243 P 51.00 26.01 762
244 P 51.00 26.14 664
245 P 51.00 26.14 116
246 P 51.00 26.02 599
247 P 51.00 25.97 750
248 P 51.00 25.87 444
249 P 51.00 25.82 486
250 P 51.00 25.76 405
251 P 51.00 25.79 126
252 P 51.00 25.74 460
253 P 51.00 25.71 331
254 P 51.00 25.67 354
255 P 51.00 25.46 264
% Nframe | type | QP | PSNR | size (Bytes) 
25 P 51.00 16.45 935
26 P 51.00 17.75 1456
27 P 51.00 19.01 1458
28 P 51.00 18.15 223
29 P 51.00 17.64 21
30 P 51.00 17.67 12
31 P 51.00 17.93 12
32 P 51.00 18.15 12
33 P 51.00 18.02 12
34 P 51.00 17.73 12
35 P 51.00 17.33 12
36 P 51.00 16.78 12
37 P 51.00 16.34 12
38 P 51.00 16.07 12
39 P 51.00 15.93 12
40 P 51.00 15.86 12
41 P 51.00 15.80 12
42 P 51.00 15.77 12
43 P 51.00 15.76 12
44 P 51.00 15.77 12
45 P 51.00 16.01 182
46 P 51.00 16.10 96
47 P 51.00 16.68 385
48 P 51.00 17.46 483
49 P 51.00 17.74 272
50 P 51.00 18.72 670
51 P 51.00 19.11 438
52 P 51.00 19.92 852
53 P 51.00 20.49 688
54 P 51.00 21.14 822
55 P 51.00 22.11 1095
56 P 51.00 22.67 782
57 P 51.00 22.92 676
58 P 51.00 23.27 863
59 P 51.00 23.27 545
60 P 51.00 23.22 507
61 P 51.00 23.28 638
62 P 51.00 23.13 459
63 P 51.00 23.09 540
64 P 51.00 22.85 247
65 P 51.00 22.73 224
66 P 51.00 22.61 96
67 P 51.00 22.53 56
68 P 51.00 22.40 44
69 P 51.00 22.30 58
70 P 51.00 22.28 76
71 P 51.00 22.26 93
72 P 51.00 22.24 110
73 P 51.00 22.16 82
74 P 51.00 22.11 129
75 P 51.00 21.97 80
76 P 51.00 21.88 140
77 P 51.00 21.81 192
78 P 51.00 21.75 278
79 P 51.00 22.01 545
80 P 51.00 22.19 433
81 P 51.00 22.33 285
82 P 51.00 22.54 291
83 P 51.00 22.71 243
84 P 51.00 22.98 348
85 P 51.00 23.23 291
86 P 51.00 23.46 300
87 P 51.00 23.63 298
88 P 51.00 23.70 314
89 P 51.00 23.71 280
90 P 51.00 23.74 314
91 P 51.00 23.73 238
92 P 51.00 23.74 253
93 P 51.00 23.73 185
94 P 51.00 23.76 264
95 P 51.00 23.78 241
96 P 51.00 23.82 245
97 P 51.00 23.87 292
98 P 51.00 23.94 374
99 P 51.00 24.00 354
100 P 51.00 24.02 348
101 P 51.00 24.03 400
102 P 51.00 24.06 338
103 P 51.00 24.05 255
104 P 51.00 24.05 247
105 P 51.00 24.09 216
106 P 51.00 24.08 143
107 P 51.00 24.08 128
108 P 51.00 24.10 133
109 P 51.00 24.10 133
110 P 51.00 24.10 121
111 P 51.00 24.08 118
112 P 51.00 24.09 150
113 P 51.00 24.09 141
114 P 51.00 24.09 117
115 P 51.00 24.09 65
116 P 51.00 24.15 67
117 P 51.00 24.21 24
118 P 51.00 24.26 28
119 P 51.00 24.30 32
120 P 51.00 24.34 71
121 P 51.00 24.37 100
122 P 51.00 24.38 114
123 P 51.00 24.36 65
124 P 51.00 24.36 82
125 P 51.00 24.36 109
126 P 51.00 24.35 63
127 P 51.00 24.34 42
128 P 51.00 24.34 81
129 P 51.00 24.32 78
130 P 51.00 24.30 65
131 P 51.00 24.30 86
132 P 51.00 24.29 45
133 P 51.00 24.28 41
134 P 51.00 24.28 27
135 P 51.00 24.27 70
136 P 51.00 24.25 43
137 P 51.00 24.23 83
138 P 51.00 24.22 67
139 P 51.00 24.22 63
140 P 51.00 24.23 23
141 P 51.00 24.24 35
142 P 51.00 24.27 52
143 P 51.00 24.29 55
144 P 51.00 24.32 37
145 P 51.00 24.35 45
146 P 51.00 24.38 131
147 P 51.00 24.61 588
148 P 51.00 24.80 527
149 P 51.00 24.82 125
150 P 51.00 24.81 94
151 P 51.00 24.81 147
152 P 51.00 24.80 130
153 P 51.00 24.79 138
154 P 51.00 24.80 148
155 P 51.00 24.81 141
156 P 51.00 24.84 133
157 P 51.00 24.91 180
158 P 51.00 24.97 167
159 P 51.00 25.01 64
160 P 51.00 25.02 80
161 P 51.00 25.03 117
162 P 51.00 25.06 100
163 P 51.00 25.08 137
164 P 51.00 25.10 139
165 P 49.86 25.18 176
166 P 50.30 25.25 162
167 P 51.00 25.29 151
168 P 49.56 25.32 106
169 P 51.00 25.37 187
170 P 50.09 25.43 134
171 P 48.12 25.45 46
172 P 51.00 25.55 396
173 P 49.79 25.56 138
174 P 51.00 25.62 409
175 P 50.93 25.67 296
176 P 50.01 25.71 149
177 P 50.71 25.81 343
178 P 49.40 25.87 175
179 P 49.40 25.92 189
180 P 50.79 26.01 291
181 P 50.71 26.05 217
182 P 49.92 26.09 150
183 P 47.83 26.14 95
184 P 49.82 26.21 128
185 P 45.06 26.25 94
186 P 48.05 26.30 118
187 P 50.36 26.37 193
188 P 50.29 26.39 166
189 P 50.67 26.40 115
190 P 49.73 26.39 123
191 P 50.81 26.38 164
192 P 50.22 26.44 175
193 P 50.15 26.45 149
194 P 49.88 26.47 187
195 P 49.86 26.51 140
196 P 48.20 26.51 101
197 P 50.65 26.53 112
198 P 48.91 26.55 76
199 P 49.07 26.55 65
200 P 49.72 26.52 78
201 P 50.05 26.53 128
202 P 50.39 26.55 136
203 P 50.35 26.57 196
204 P 49.97 26.53 124
205 P 50.34 26.51 223
206 P 50.27 26.52 287
207 P 50.06 26.55 308
208 P 50.52 26.53 231
209 P 48.83 26.57 263
210 P 49.11 26.57 271
211 P 48.96 26.63 280
212 P 49.15 26.64 292
213 P 49.22 26.67 301
214 P 49.94 26.67 273
215 P 48.77 26.66 269
216 P 48.37 26.66 209
217 P 48.92 26.67 146
218 P 48.10 26.72 180
219 P 48.98 26.77 171
220 P 48.61 26.83 118
221 P 47.94 26.91 162
222 P 46.24 26.98 85
223 P 48.50 27.07 82
224 P 49.23 27.17 68
225 P 48.69 27.27 61
226 P 46.62 27.35 98
227 P 48.02 27.40 105
228 P 48.96 27.42 70
229 P 49.64 27.46 96
230 P 49.51 27.49 100
231 P 46.23 27.50 76
232 P 46.95 27.55 151
233 P 48.89 27.55 83
234 P 46.56 27.56 70
235 P 48.46 27.57 80
236 P 47.60 27.61 74
237 P 49.61 27.66 130
238 P 48.82 27.67 80
239 P 48.55 27.66 87
240 P 47.99 27.66 92
241 P 47.78 27.64 81
242 P 46.60 27.62 92
243 P 50.24 27.64 53
244 P 51.00 27.65 49
245 P 48.71 27.70 90
246 P 47.09 27.73 57
247 P 50.69 27.74 32
248 P 47.97 27.74 49
249 P 45.50 27.77 81
250 P 46.39 27.78 39
251 P 49.86 27.77 21
252 P 46.58 27.79 57
253 P 51.00 27.80 35
254 P 47.43 27.81 37
255 P 47.16 27.83 45
256 P 45.23 27.85 81
257 P 51.00 27.86 35
258 P 47.50 27.86 41
259 P 48.94 27.88 55
260 P 49.36 27.89 34
261 P 45.46 27.88 47
262 P 48.94 27.89 71
263 P 47.74 27.90 60
264 P 47.19 27.91 54
265 P 48.46 27.92 37
266 P 44.99 27.94 50
267 P 48.65 27.95 55
268 P 48.69 27.96 64
269 P 47.89 27.97 83
270 P 46.30 27.96 83
271 P 48.12 27.96 88
272 P 45.25 28.00 168
273 P 46.57 28.01 161
274 P 48.04 28.01 114
275 P 48.75 28.02 138
276 P 47.43 28.02 119
277 P 47.59 28.00 131
278 P 47.10 28.00 184
279 P 48.73 28.00 230
280 P 48.59 28.00 283
281 P 48.44 28.00 359
282 P 47.25 27.99 406
283 P 47.69 28.00 479
284 P 47.73 27.97 581
285 P 47.73 27.99 535
286 P 48.03 27.99 605
287 P 47.11 28.01 813
288 P 47.49 28.01 922
289 P 47.16 28.00 1018
290 P 47.12 28.03 1198
291 P 47.00 28.01 1139
292 P 47.27 27.90 1153
293 P 47.26 27.93 1182
294 P 47.02 27.96 1343
295 P 46.87 27.91 1174
296 P 47.24 27.94 1176
297 P 47.19 27.87 1154
298 P 47.20 27.82 1135
299 P 47.20 27.77 1153
300 P 46.83 27.73 980
301 P 47.21 27.74 1037
302 P 47.17 27.72 887
303 P 46.82 27.68 898
304 P 46.84 27.72 1017
305 P 46.65 27.73 917
306 P 46.72 27.74 857
307 P 46.78 27.78 928
308 P 47.03 27.93 1069
309 P 46.76 27.99 1154
310 P 46.59 28.01 1266
311 P 47.00 27.97 1292
312 P 47.09 27.90 1412
313 P 46.97 27.94 1488
314 P 46.93 28.05 1618
315 P 46.40 28.02 1608
316 P 46.89 28.06 1579
317 P 46.94 27.99 1305
318 P 46.81 27.92 1107
319 P 47.06 27.87 1044
320 P 47.15 27.81 1038
321 P 47.35 27.80 987
322 P 46.77 27.79 931
323 P 47.10 27.79 862
324 P 47.68 27.84 871
325 P 46.73 27.81 730
326 P 47.65 27.77 698
327 P 47.52 27.78 633
328 P 47.31 27.74 499
329 P 47.86 27.77 417
330 P 46.48 27.84 311
331 P 47.83 27.88 264
332 P 46.66 27.90 408
333 P 46.49 27.93 414
334 P 46.89 27.95 439
335 P 46.46 27.98 546
336 P 46.84 27.99 649
337 P 47.14 27.94 630
338 P 46.94 27.95 756
339 P 46.65 27.89 650
340 P 47.19 27.85 728
341 P 46.93 27.88 728
342 P 46.80 27.91 664
343 P 46.72 27.95 545
344 P 47.40 28.00 315
345 P 47.03 28.14 287
346 P 47.29 28.27 181
347 P 47.67 28.35 198
348 P 47.55 28.43 216
349 P 47.83 28.50 171
350 P 48.04 28.53 199
351 P 46.94 28.55 140
352 P 44.13 28.60 117
353 P 48.70 28.57 107
354 P 49.50 28.49 108
