% Nframe | type | QP | PSNR | size (Bytes) 
0 I 18.38 44.54 7941
1 P 19.29 43.83 817
2 P 19.65 43.63 1207
3 P 19.93 43.53 1564
4 P 19.63 43.44 1864
5 P 20.06 43.54 1957
6 P 19.67 43.51 1954
7 P 19.38 43.38 1982
8 P 20.19 43.47 1919
9 P 20.32 43.36 1813
10 P 20.10 43.56 1984
11 P 19.26 43.46 2305
12 P 20.82 42.78 1699
13 P 16.54 44.61 3478
14 P 14.71 45.95 4201
15 P 13.39 46.82 4087
16 P 12.48 47.48 5208
17 P 12.01 47.87 6304
18 P 11.57 48.12 7056
19 P 11.08 48.51 7506
20 P 10.62 48.73 7305
21 P 10.26 49.02 7384
22 P 9.92 49.24 8753
23 P 9.65 49.51 9613
24 P 9.51 49.68 9471
25 P 9.40 49.55 10242
26 P 9.42 49.52 9427
27 P 9.32 49.64 9578
28 P 9.42 49.56 9483
29 P 9.45 49.62 9653
30 P 9.60 49.40 9711
31 P 9.61 49.47 9619
32 P 9.73 49.47 9063
33 P 9.89 49.40 8885
34 P 10.18 48.99 9043
35 P 10.26 48.95 9273
36 P 10.38 48.83 9161
37 P 10.55 48.84 7882
38 P 10.83 48.58 7340
39 P 10.94 48.49 7931
40 P 11.09 48.43 7805
41 P 11.33 48.20 7270
42 P 11.54 48.09 7133
43 P 11.69 48.00 6746
44 P 11.81 47.90 6953
45 P 11.80 47.79 6832
46 P 11.80 47.83 6320
47 P 11.88 47.77 5829
48 P 12.05 47.67 4983
49 P 12.13 47.73 4943
50 P 12.22 47.69 5243
51 P 12.37 47.59 5672
52 P 12.50 47.47 5466
53 P 12.52 47.50 4889
54 P 12.53 47.49 5412
55 P 12.59 47.44 4950
56 P 12.52 47.35 4695
57 P 12.80 47.27 4924
58 P 12.88 47.33 5387
59 P 12.74 47.27 5970
60 P 12.65 47.31 6800
61 P 12.55 47.40 7059
62 P 12.42 47.45 6860
63 P 12.38 47.46 6964
64 P 12.36 47.40 6473
65 P 12.41 47.37 5916
66 P 12.42 47.35 6200
67 P 12.40 47.39 6095
68 P 12.30 47.46 5896
69 P 12.32 47.49 6492
70 P 12.35 47.43 6717
71 P 12.30 47.39 6875
72 P 12.31 47.31 6667
73 P 12.43 47.45 6225
74 P 12.54 47.30 5667
75 P 12.55 47.29 6555
76 P 12.65 47.20 6925
77 P 12.60 47.27 7266
78 P 12.39 47.31 7976
79 P 12.49 47.30 7739
80 P 12.48 47.21 7823
81 P 12.61 47.02 7406
82 P 12.65 46.96 7503
83 P 12.68 47.08 6922
84 P 12.77 47.12 6660
85 P 12.82 47.10 6596
86 P 12.78 47.05 6425
87 P 12.82 47.13 6692
88 P 12.89 47.08 6777
89 P 12.90 47.14 6785
90 P 12.99 47.05 6659
91 P 13.12 46.94 6323
92 P 13.12 46.99 6642
93 P 13.22 46.96 6371
94 P 13.15 47.00 5958
95 P 13.25 46.89 5893
96 P 13.22 46.83 5534
97 P 13.15 46.94 5150
98 P 13.14 46.90 5403
99 P 13.26 46.83 5464
100 P 13.27 46.87 5411
101 P 13.34 46.65 4997
102 P 13.32 46.58 5408
103 P 13.23 46.69 5866
104 P 13.20 46.74 6105
105 P 13.25 46.72 5971
106 P 13.14 46.80 5656
107 P 13.25 46.84 5579
108 P 13.30 46.83 5385
109 P 13.28 46.80 5372
110 P 13.26 46.96 5285
111 P 13.03 46.92 5151
112 P 13.15 46.92 4865
113 P 12.88 46.94 4748
114 P 12.82 47.13 4959
115 P 12.85 47.01 4794
116 P 13.04 47.04 5038
117 P 13.34 46.98 5041
118 P 13.00 46.95 5196
119 P 13.03 46.95 5229
120 P 12.93 46.84 5053
121 P 13.02 46.86 4785
122 P 12.97 46.93 5008
123 P 13.05 46.98 4682
124 P 13.05 47.06 4746
125 P 12.93 47.01 5072
126 P 13.19 47.04 5055
127 P 13.00 46.84 4968
128 P 12.83 46.91 5256
129 P 12.90 47.12 5389
130 P 12.86 47.22 5423
131 P 12.77 47.34 5387
132 P 12.43 47.52 5556
133 P 12.37 47.43 5611
134 P 12.30 47.48 5338
135 P 12.42 47.46 4956
136 P 12.45 47.36 5236
137 P 12.34 47.49 5427
138 P 12.23 47.49 5218
139 P 12.38 47.44 4952
140 P 12.54 47.39 5519
141 P 12.55 47.40 5923
142 P 12.44 47.42 5904
143 P 12.46 47.39 5590
144 P 12.41 47.51 6371
145 P 12.60 47.37 6400
146 P 12.58 47.38 6634
147 P 12.52 47.78 7727
148 P 12.71 47.59 8335
149 P 12.77 47.34 9075
150 P 12.78 47.26 8970
151 P 12.61 47.49 8821
152 P 12.85 47.42 8255
153 P 12.75 47.50 8917
154 P 12.82 47.37 8842
155 P 12.83 47.62 9206
156 P 12.83 47.65 8547
157 P 12.93 47.68 8224
158 P 13.13 47.69 8201
159 P 13.18 47.71 8216
160 P 13.10 47.80 8165
161 P 12.93 47.93 8520
162 P 12.83 48.32 7782
163 P 12.52 48.57 7265
164 P 12.08 49.12 6477
165 P 11.69 49.74 5785
166 P 11.44 49.67 5759
167 P 11.54 49.51 6031
168 P 11.38 49.63 6293
169 P 11.57 49.54 6534
170 P 11.71 49.20 6935
171 P 12.08 49.03 6809
172 P 12.41 48.53 6767
173 P 12.72 48.52 6843
174 P 13.20 47.83 8198
175 P 13.55 47.56 8105
176 P 13.76 47.38 7779
177 P 13.71 47.57 7816
178 P 13.70 47.54 7746
179 P 13.86 47.22 8110
180 P 14.01 46.87 8092
181 P 14.02 46.72 8812
182 P 14.25 46.62 8851
183 P 14.47 46.50 8669
184 P 14.73 46.25 8840
185 P 14.68 46.24 9156
186 P 14.81 46.10 8588
187 P 14.90 45.98 8776
188 P 14.78 46.05 8880
189 P 14.91 46.22 7966
190 P 14.94 46.19 7754
191 P 15.07 46.08 7871
192 P 15.05 45.80 8456
193 P 15.23 45.52 8473
194 P 15.60 45.37 7982
195 P 15.65 45.29 7952
196 P 15.62 45.31 8594
197 P 15.94 45.11 8327
198 P 15.74 45.13 8119
199 P 15.90 44.93 8000
200 P 15.99 44.60 8950
201 P 16.14 44.18 10492
202 P 16.27 43.78 11990
203 P 16.37 43.52 13340
204 P 16.67 43.37 11504
205 P 16.65 43.35 11547
206 P 16.69 43.31 11716
207 P 16.62 43.35 12014
208 P 16.71 43.40 7999
209 P 16.65 43.43 8678
210 P 16.65 43.49 6270
211 P 16.75 43.46 6512
212 P 16.83 43.45 6492
213 P 16.85 43.46 7079
214 P 16.92 43.33 7040
215 P 17.08 43.14 6942
216 P 17.06 43.17 7287
217 P 17.09 43.30 5151
218 P 17.21 43.20 4084
219 P 17.30 43.08 2355
220 P 17.28 43.19 1312
221 P 17.23 43.16 1022
222 P 17.27 43.33 1080
223 P 17.24 43.55 746
224 P 17.12 43.54 740
225 P 17.49 43.64 1331
226 P 17.44 43.43 2965
227 P 17.50 43.17 3516
228 P 17.47 42.96 3679
229 P 17.41 43.02 2224
230 P 17.28 43.03 1888
231 P 17.12 43.29 929
232 P 17.33 43.22 1159
233 P 17.38 43.28 1081
234 P 17.08 43.40 1115
235 P 17.02 43.34 1948
236 P 16.98 43.42 1467
237 P 16.89 43.34 2712
238 P 16.88 43.42 3338
239 P 16.90 43.37 4290
240 P 16.82 43.38 5332
241 P 16.84 43.30 4583
242 P 16.81 43.37 4836
243 P 16.70 43.41 5261
244 P 16.57 43.54 5731
245 P 16.48 43.58 3216
246 P 16.37 43.76 3332
247 P 18.20 42.58 1742
% Nframe | type | QP | PSNR | size (Bytes) 
25 P 9.52 50.76 3422
26 P 9.25 50.63 5852
27 P 9.29 50.59 5518
28 P 9.54 50.53 5472
29 P 9.56 50.54 5982
30 P 9.30 50.76 5614
31 P 9.59 50.71 2993
32 P 9.21 50.49 5687
33 P 9.43 50.46 5716
34 P 9.94 50.44 6890
35 P 9.95 50.23 6253
36 P 10.18 50.03 6354
37 P 9.81 50.42 7229
38 P 9.51 50.35 3818
39 P 9.66 50.18 8101
40 P 9.35 50.18 7584
41 P 9.58 50.28 7083
42 P 9.48 50.43 6941
43 P 9.02 50.61 7255
44 P 9.23 50.76 7584
45 P 9.30 50.62 7376
46 P 9.29 50.64 7332
47 P 9.23 50.61 7444
48 P 9.32 50.77 7996
49 P 9.33 50.72 3952
50 P 9.22 50.68 7596
51 P 9.16 50.65 7481
52 P 9.32 50.44 7251
53 P 9.53 50.15 7751
54 P 9.45 50.98 9702
55 P 9.29 50.89 3902
56 P 9.34 50.46 7177
57 P 9.48 50.18 6638
58 P 9.22 50.41 7759
59 P 9.19 50.39 7226
60 P 9.20 50.31 7115
61 P 9.09 50.29 7605
62 P 9.03 50.14 7621
63 P 8.87 50.28 7555
64 P 9.14 50.31 7271
65 P 9.17 50.23 6763
66 P 9.73 50.25 6490
67 P 9.20 50.28 6810
68 P 9.49 50.37 6953
69 P 9.58 50.22 6659
70 P 9.47 50.20 6792
71 P 9.70 50.08 6890
72 P 9.61 50.36 7415
73 P 9.63 50.36 3454
74 P 9.71 50.04 6589
75 P 9.71 50.05 6281
76 P 10.17 49.97 6244
77 P 9.62 49.98 6595
78 P 9.40 50.30 6272
79 P 9.65 50.24 3293
80 P 9.86 50.10 6031
81 P 9.74 49.97 5787
82 P 10.04 50.10 6592
83 P 10.12 50.04 5983
84 P 10.12 49.92 5968
85 P 10.15 50.07 6253
86 P 10.34 49.97 6039
87 P 10.31 49.93 6168
88 P 10.49 49.99 6479
89 P 10.50 49.98 6137
90 P 10.55 49.87 5829
91 P 10.42 49.88 6583
92 P 11.05 49.92 6643
93 P 10.48 49.92 6805
94 P 10.46 49.84 6900
95 P 10.40 49.83 6627
96 P 10.55 50.03 7573
97 P 10.02 50.01 3725
98 P 10.57 49.82 7248
99 P 10.69 49.80 7352
100 P 11.02 49.72 7150
101 P 10.14 49.79 7997
102 P 10.19 50.09 7865
103 P 11.25 50.11 3933
104 P 11.00 49.67 7070
105 P 10.80 49.99 7568
106 P 10.22 49.97 7088
107 P 10.29 49.97 7260
108 P 10.55 49.56 6673
109 P 10.62 50.25 9516
110 P 10.67 49.96 7227
111 P 10.65 49.82 7060
112 P 10.71 49.76 6388
113 P 10.77 49.77 6662
114 P 10.81 49.84 6632
115 P 10.62 49.90 6663
116 P 10.70 49.75 6865
117 P 10.75 49.83 6841
118 P 10.89 49.74 7039
119 P 10.73 49.77 7032
120 P 10.82 49.69 6761
121 P 10.90 49.84 6580
122 P 10.97 49.72 6118
123 P 10.99 49.77 6630
124 P 10.81 49.90 6170
125 P 11.33 49.90 3291
126 P 11.32 49.78 5797
127 P 11.43 49.85 5877
128 P 11.40 49.80 6062
129 P 11.41 49.72 5470
130 P 11.24 49.89 6058
131 P 11.39 49.84 3454
132 P 11.18 49.46 6100
133 P 11.07 49.56 6906
134 P 11.05 49.62 6283
135 P 11.14 49.57 5902
136 P 11.07 49.68 5907
137 P 10.94 49.82 5522
138 P 10.93 49.83 5385
139 P 10.70 49.88 5569
140 P 10.82 49.83 5424
141 P 10.94 49.78 5524
142 P 10.73 50.05 6521
143 P 10.70 49.96 4188
144 P 10.69 49.93 5861
145 P 10.80 49.93 4961
146 P 10.74 49.85 4903
147 P 10.90 49.93 5836
148 P 10.70 50.03 5278
149 P 10.65 49.99 2734
150 P 10.75 49.85 5172
151 P 10.92 49.80 5291
152 P 10.85 49.88 6220
153 P 10.88 49.75 5922
154 P 10.84 49.84 5714
155 P 11.27 49.85 3153
156 P 10.95 49.53 5384
157 P 10.77 49.81 7077
158 P 10.80 49.76 6089
159 P 10.63 49.74 5803
160 P 10.70 49.86 5964
161 P 11.00 49.88 6121
162 P 11.56 49.50 5282
163 P 10.99 49.96 8261
164 P 10.99 49.71 6032
165 P 10.86 49.63 5512
166 P 10.91 50.07 6738
167 P 11.02 50.10 2966
168 P 10.74 49.84 6402
169 P 10.65 49.82 6490
170 P 10.85 49.68 6465
171 P 10.87 49.68 7328
172 P 10.80 49.90 7040
173 P 10.74 49.85 4434
174 P 10.86 49.68 6972
175 P 10.90 49.59 6800
176 P 10.85 49.79 7606
177 P 10.76 49.71 6858
178 P 10.62 49.91 7135
179 P 11.02 49.91 3155
180 P 10.43 49.75 6253
181 P 11.00 49.76 6530
182 P 11.12 49.79 5842
183 P 10.62 49.82 5879
184 P 10.68 49.71 6075
185 P 10.48 49.83 6607
186 P 11.07 49.85 6981
187 P 11.22 49.74 6756
188 P 11.11 49.77 7030
189 P 11.12 49.52 6123
190 P 10.57 49.93 7055
191 P 11.00 49.93 3234
192 P 10.54 49.88 6321
193 P 10.55 49.88 6371
194 P 10.63 49.56 6237
195 P 10.62 49.90 7127
196 P 10.51 49.94 6891
197 P 10.55 49.95 3776
198 P 10.64 49.74 6277
199 P 10.55 49.68 6169
200 P 10.57 49.79 7021
201 P 10.79 49.78 6447
202 P 10.81 49.75 6738
203 P 10.74 49.79 4984
204 P 10.73 49.74 7093
205 P 10.78 49.69 6864
206 P 10.86 49.79 5985
207 P 10.75 49.83 5831
208 P 10.73 49.87 5881
209 P 11.10 49.54 5051
210 P 10.83 50.16 7559
211 P 10.83 49.96 5223
212 P 10.85 49.92 5415
213 P 10.76 49.90 5835
214 P 10.50 50.19 7186
215 P 10.54 50.06 2425
216 P 10.87 49.84 5954
217 P 10.73 49.81 5814
218 P 10.65 49.86 5628
219 P 10.88 49.82 6016
220 P 10.43 50.05 5816
221 P 10.60 49.99 2596
222 P 11.05 49.72 5976
223 P 10.94 49.76 6475
224 P 10.87 49.76 7235
225 P 10.73 49.71 6961
226 P 10.66 50.00 7559
227 P 10.52 49.90 3467
228 P 10.81 49.82 7755
229 P 10.35 49.85 6957
230 P 10.57 49.94 6357
231 P 10.61 50.02 6238
232 P 10.53 49.95 6217
233 P 10.33 50.01 6022
234 P 10.11 50.03 5785
235 P 10.13 49.96 5838
236 P 10.62 49.83 5966
237 P 10.82 49.88 6261
238 P 10.48 50.07 7530
239 P 10.18 50.06 3418
240 P 10.50 49.83 6660
241 P 10.46 49.95 6627
242 P 10.55 49.75 6161
243 P 10.53 49.76 6840
244 P 10.46 50.06 6218
245 P 10.38 49.99 2798
246 P 10.51 49.86 5887
247 P 10.65 49.82 6395
248 P 10.66 49.84 5822
249 P 10.42 49.83 5801
250 P 10.59 49.84 5747
251 P 10.27 49.85 2753
252 P 10.51 49.77 6216
253 P 10.82 49.77 6130
254 P 10.63 49.75 5896
255 P 12.57 49.05 4564
% Nframe | type | QP | PSNR | size (Bytes) 
25 P 9.32 50.24 11398
26 P 9.34 49.91 10957
27 P 9.88 49.65 10910
28 P 10.12 49.03 11082
29 P 10.57 48.50 11074
30 P 11.11 48.05 9263
31 P 11.70 47.90 8540
32 P 12.03 47.77 7999
33 P 12.39 47.74 7310
34 P 12.31 47.72 6668
35 P 12.50 47.90 5423
36 P 12.57 47.83 4861
37 P 12.62 47.80 4856
38 P 12.99 47.50 4928
39 P 13.26 47.15 4882
40 P 13.18 47.03 4755
41 P 13.68 46.65 4608
42 P 13.67 46.46 4531
43 P 13.89 46.34 4436
44 P 14.07 46.33 3831
45 P 13.79 46.31 3949
46 P 14.10 46.25 3899
47 P 13.93 46.33 3839
48 P 13.83 46.42 3912
49 P 13.74 46.56 3997
50 P 13.84 46.50 4443
51 P 13.61 46.61 4941
52 P 13.68 46.47 5149
53 P 13.49 46.58 5344
54 P 13.41 46.68 4881
55 P 13.16 46.79 4187
56 P 13.28 46.94 3908
57 P 13.10 47.05 4066
58 P 13.28 47.14 3975
59 P 12.82 47.22 4107
60 P 12.81 47.33 4345
61 P 12.82 47.38 4352
62 P 12.67 47.44 4744
63 P 12.82 47.34 4796
64 P 12.74 47.32 4770
65 P 12.61 47.34 4479
66 P 12.48 47.37 4400
67 P 12.52 47.39 4048
68 P 12.39 47.41 4771
69 P 12.26 47.37 4966
70 P 12.37 47.31 5747
71 P 12.02 47.37 6463
72 P 11.99 47.43 6138
73 P 11.85 47.49 6273
74 P 11.95 47.56 6123
75 P 11.69 47.78 5520
76 P 11.65 47.84 5342
77 P 11.70 47.90 5044
78 P 11.61 47.91 5124
79 P 11.50 48.03 5520
80 P 11.49 48.02 5310
81 P 11.31 48.15 4985
82 P 11.44 48.17 4194
83 P 11.52 48.08 4705
84 P 11.52 48.12 5066
85 P 11.37 48.00 5044
86 P 11.50 48.03 5311
87 P 11.43 48.01 5731
88 P 11.43 48.09 5975
89 P 11.36 48.15 5947
90 P 11.37 48.12 5708
91 P 11.26 48.13 6149
92 P 11.33 48.17 5876
93 P 11.25 48.16 5704
94 P 11.13 48.20 5645
95 P 11.21 48.26 5589
96 P 11.16 48.29 5298
97 P 11.16 48.27 5129
98 P 11.07 48.42 5386
99 P 11.07 48.45 5488
100 P 11.11 48.43 5271
101 P 11.05 48.46 5189
102 P 11.02 48.52 5077
103 P 11.07 48.39 4895
104 P 11.01 48.46 5332
105 P 11.06 48.53 4972
106 P 10.94 48.57 4954
107 P 11.02 48.60 3810
108 P 11.03 48.64 3704
109 P 11.09 48.65 4231
110 P 10.99 48.65 3988
111 P 11.01 48.68 4238
112 P 10.86 48.60 4433
113 P 10.85 48.73 4718
114 P 10.81 48.71 4697
115 P 10.86 48.70 3935
116 P 10.94 48.68 3559
117 P 10.93 48.79 3807
118 P 10.78 48.75 4499
119 P 10.70 48.80 4792
120 P 10.68 48.80 4663
121 P 10.68 48.90 5035
122 P 10.61 48.82 5263
123 P 10.45 48.82 5548
124 P 10.62 48.82 5137
125 P 10.58 48.92 5077
126 P 10.36 48.92 5019
127 P 10.51 49.05 4752
128 P 10.42 49.06 4905
129 P 10.27 49.16 4775
130 P 10.31 49.14 4484
131 P 10.01 49.26 5170
132 P 10.07 49.25 5050
133 P 10.09 49.36 4368
134 P 10.14 49.37 4447
135 P 10.09 49.29 5158
136 P 9.98 49.31 5381
137 P 10.10 49.40 5109
138 P 10.05 49.35 4969
139 P 9.88 49.41 4878
140 P 9.48 49.44 3250
141 P 9.86 49.50 3631
142 P 9.79 49.51 4669
143 P 9.80 49.52 4661
144 P 9.75 49.57 4474
145 P 9.76 49.66 4337
146 P 9.60 49.72 4224
147 P 9.41 49.73 4080
148 P 9.55 49.76 4170
149 P 9.58 49.71 4656
150 P 9.68 49.64 5162
151 P 9.64 49.65 5266
152 P 9.67 49.60 5571
153 P 9.46 49.64 6119
154 P 9.50 49.73 5774
155 P 9.40 49.74 5244
156 P 9.47 49.81 4774
157 P 9.21 49.88 4977
158 P 9.32 50.01 5191
159 P 9.21 49.90 4554
160 P 9.06 50.05 4790
161 P 9.16 49.96 4901
162 P 8.98 50.22 4632
163 P 9.01 50.19 4245
164 P 9.02 50.19 4575
165 P 9.05 50.18 4552
166 P 8.95 50.22 4612
167 P 9.03 50.21 5118
168 P 9.18 50.20 5167
169 P 9.07 50.20 4899
170 P 9.12 50.23 4441
171 P 8.77 50.22 4763
172 P 8.90 50.43 5085
173 P 8.87 50.43 5310
174 P 8.90 50.37 5423
175 P 8.91 50.34 5568
176 P 8.83 50.34 6165
177 P 8.61 50.33 5752
178 P 8.72 50.35 4964
179 P 8.70 50.41 4933
180 P 8.79 50.39 5013
181 P 8.71 50.36 5311
182 P 8.74 50.40 5261
183 P 8.80 50.38 5564
184 P 8.67 50.41 4919
185 P 8.32 50.44 4480
186 P 8.60 50.61 4341
187 P 8.36 50.63 4518
188 P 8.34 50.69 4355
189 P 8.64 50.53 5473
190 P 8.73 50.42 6266
191 P 8.62 50.41 6905
192 P 8.60 50.47 6852
193 P 8.56 50.47 6240
194 P 8.55 50.55 6052
195 P 8.40 50.60 5761
196 P 8.61 50.62 5232
197 P 8.55 50.63 5262
198 P 8.57 50.70 5967
199 P 8.29 50.63 5777
200 P 8.40 50.64 6677
201 P 8.44 50.74 6498
202 P 8.46 50.68 6817
203 P 8.38 50.62 7265
204 P 8.46 50.55 7218
205 P 8.45 50.55 7283
206 P 8.42 50.52 7811
207 P 8.50 50.47 7839
208 P 8.39 50.57 7936
209 P 8.40 50.62 7491
210 P 8.49 50.57 7133
211 P 8.33 50.58 7178
212 P 8.43 50.60 7424
213 P 8.32 50.58 7533
214 P 8.51 50.61 7641
215 P 8.46 50.56 7183
216 P 8.45 50.56 6974
217 P 8.51 50.54 6351
218 P 8.38 50.64 5305
219 P 8.52 50.66 5397
220 P 8.58 50.62 6097
221 P 8.68 50.60 6472
222 P 8.64 50.49 6590
223 P 8.61 50.46 7028
224 P 8.54 50.54 7040
225 P 8.68 50.43 7375
226 P 8.51 50.49 7581
227 P 8.55 50.46 7040
228 P 8.53 50.45 6947
229 P 8.56 50.43 6864
230 P 8.70 50.42 6551
231 P 8.58 50.39 6350
232 P 8.66 50.37 6809
233 P 8.57 50.47 6165
234 P 8.61 50.49 5720
235 P 8.51 50.45 5074
236 P 8.65 50.55 4826
237 P 8.56 50.56 5154
238 P 8.61 50.40 5179
239 P 8.62 50.37 5914
240 P 8.79 50.34 5454
241 P 8.50 50.45 4882
242 P 8.60 50.44 4981
243 P 8.50 50.50 5038
244 P 8.64 50.53 4108
245 P 8.42 50.57 4685
246 P 8.55 50.61 4718
247 P 8.51 50.64 4470
248 P 8.58 50.58 4366
249 P 8.54 50.68 4461
250 P 8.47 50.67 3981
251 P 8.42 50.63 3953
252 P 8.31 50.73 4030
253 P 8.54 50.70 4444
254 P 8.36 50.69 4225
255 P 8.55 50.73 4553
256 P 8.60 50.75 4860
257 P 8.65 50.72 4573
258 P 8.44 50.72 5171
259 P 8.63 50.64 4794
260 P 8.48 50.75 5204
261 P 8.42 50.69 4945
262 P 8.22 50.77 5317
263 P 8.34 50.76 5295
264 P 8.35 50.75 5531
265 P 8.28 50.86 4828
266 P 8.27 50.88 5161
267 P 8.41 50.90 5457
268 P 8.53 50.83 5564
269 P 8.26 50.80 5915
270 P 8.32 50.75 6402
271 P 8.17 50.78 5990
272 P 8.34 50.81 5984
273 P 8.27 50.84 6094
274 P 8.28 50.84 6578
275 P 8.32 50.83 6828
276 P 8.07 50.86 6826
277 P 8.33 50.82 6612
278 P 8.21 50.83 7195
279 P 8.32 50.77 7798
280 P 8.38 50.77 8134
281 P 8.23 50.66 8503
282 P 8.39 50.67 8732
283 P 8.27 50.69 9223
284 P 8.28 50.66 9219
285 P 8.31 50.49 9120
286 P 8.34 50.52 9229
287 P 8.39 50.54 9198
288 P 8.30 50.57 9814
289 P 8.38 50.55 9853
290 P 8.32 50.59 10001
291 P 8.25 50.56 9952
292 P 8.45 50.50 9777
293 P 8.45 50.43 9695
294 P 8.58 50.31 9376
295 P 8.57 50.31 9615
296 P 8.60 50.24 9897
297 P 8.59 50.26 9783
298 P 8.66 50.26 9577
299 P 8.64 50.10 9429
300 P 8.75 50.10 9231
301 P 8.84 50.11 9083
302 P 8.96 49.97 8827
303 P 8.99 49.99 8888
304 P 9.05 49.94 8633
305 P 9.11 49.91 8475
306 P 9.15 49.83 8165
307 P 9.30 49.84 8049
308 P 9.28 49.79 8372
309 P 9.24 49.75 8403
310 P 9.35 49.61 8293
311 P 9.54 49.60 8046
312 P 9.46 49.62 8129
313 P 9.51 49.57 8405
314 P 9.62 49.50 8240
315 P 9.50 49.57 8546
316 P 9.64 49.41 8080
317 P 9.72 49.55 7961
318 P 9.79 49.54 7760
319 P 9.86 49.51 7628
320 P 9.80 49.44 7321
321 P 9.73 49.48 7352
322 P 9.79 49.41 7221
323 P 9.85 49.43 6985
324 P 9.90 49.33 6765
325 P 10.08 49.34 6809
326 P 9.88 49.42 6670
327 P 9.90 49.41 6288
328 P 10.13 49.36 5693
329 P 10.02 49.40 5595
330 P 10.09 49.38 4852
331 P 10.07 49.30 4940
332 P 10.09 49.34 5511
333 P 10.05 49.28 6122
334 P 10.08 49.29 6409
335 P 10.00 49.32 6283
336 P 10.09 49.29 6407
337 P 10.18 49.24 6317
338 P 10.15 49.22 6452
339 P 10.19 49.12 6304
340 P 10.12 49.17 6223
341 P 10.09 49.20 6386
342 P 10.06 49.26 6407
343 P 10.10 49.37 6164
344 P 9.95 49.42 6065
345 P 9.98 49.41 5947
346 P 10.00 49.48 5881
347 P 10.05 49.46 6187
348 P 10.23 49.27 6163
349 P 10.18 49.35 6059
350 P 10.03 49.44 6014
351 P 9.96 49.47 4550
352 P 10.16 49.44 4298
353 P 10.15 49.40 4882
354 P 11.40 48.37 3639
