% Nframe | type | QP | PSNR | size (Bytes) 
0 I 26.67 40.23 24232
1 P 28.73 39.79 1169
2 P 29.52 39.69 2327
3 P 29.95 39.74 3217
4 P 29.31 39.81 3685
5 P 28.77 39.83 3965
6 P 29.25 39.96 3818
7 P 29.21 39.86 3090
8 P 29.99 39.51 3228
9 P 30.38 39.21 3355
10 P 29.94 39.41 3727
11 P 30.05 39.64 4231
12 P 34.76 38.40 1503
13 P 33.82 38.21 2284
14 P 31.99 38.52 3993
15 P 30.05 39.01 3410
16 P 28.53 39.96 4082
17 P 28.04 40.42 6431
18 P 26.37 40.69 7444
19 P 25.48 40.66 8415
20 P 24.67 40.38 8995
21 P 24.04 40.68 6922
22 P 23.81 41.18 8874
23 P 23.64 41.47 12388
24 P 22.87 41.80 12197
25 P 22.38 41.81 13920
26 P 22.31 41.86 13017
27 P 21.88 42.20 11646
28 P 21.76 42.34 11170
29 P 21.83 42.08 13225
30 P 22.22 41.96 15272
31 P 22.31 41.95 14774
32 P 22.40 42.10 14251
33 P 22.70 42.17 12038
34 P 22.59 41.92 13635
35 P 23.13 41.61 13323
36 P 23.29 41.49 12208
37 P 23.79 41.28 8388
38 P 24.05 41.39 6127
39 P 24.29 41.46 7662
40 P 24.35 41.40 7815
41 P 24.77 41.25 6986
42 P 25.25 41.09 6185
43 P 25.37 40.95 5951
44 P 25.29 40.93 5523
45 P 25.40 40.92 5648
46 P 26.23 40.70 5434
47 P 27.23 40.31 5401
48 P 27.79 40.22 4813
49 P 27.90 40.50 3486
50 P 28.00 40.74 3908
51 P 27.23 40.65 5378
52 P 26.60 40.43 6005
53 P 27.04 40.48 5454
54 P 27.26 40.48 5845
55 P 26.79 40.35 5990
56 P 26.30 40.36 6173
57 P 26.75 40.40 6052
58 P 26.10 40.64 6615
59 P 25.78 40.84 8656
60 P 25.04 41.02 10459
61 P 25.04 40.98 9816
62 P 25.04 40.76 9423
63 P 25.02 40.61 9924
64 P 24.95 40.57 9019
65 P 24.89 40.54 8094
66 P 24.83 40.66 8319
67 P 24.64 40.80 8156
68 P 24.93 40.92 7548
69 P 24.86 40.78 8124
70 P 24.85 40.68 8806
71 P 25.06 40.68 8559
72 P 25.19 40.53 8479
73 P 25.17 40.29 7721
74 P 25.42 40.22 7353
75 P 25.33 40.50 8657
76 P 25.64 40.68 9623
77 P 25.43 41.01 11324
78 P 25.01 41.16 11897
79 P 25.70 41.17 11752
80 P 25.53 40.87 12504
81 P 25.69 40.61 13224
82 P 25.46 40.32 12492
83 P 25.24 40.32 11428
84 P 25.39 40.53 10470
85 P 25.34 40.60 9317
86 P 25.33 40.73 8451
87 P 25.21 40.78 8619
88 P 25.27 40.71 8432
89 P 25.85 40.61 8657
90 P 26.02 40.41 8337
91 P 26.26 40.30 9069
92 P 26.08 40.31 9144
93 P 26.16 40.22 8662
94 P 26.95 40.27 6251
95 P 26.87 40.11 6384
96 P 27.47 40.04 5796
97 P 27.42 40.09 5268
98 P 27.42 40.06 5951
99 P 27.11 39.79 6172
100 P 27.16 39.58 6487
101 P 27.27 39.56 5787
102 P 27.83 39.69 5842
103 P 27.38 40.04 7397
104 P 28.72 39.93 7188
105 P 27.55 39.77 8528
106 P 27.19 39.91 7207
107 P 27.75 39.76 6303
108 P 27.47 39.79 6760
109 P 26.85 39.79 6854
110 P 27.12 39.88 6982
111 P 27.06 39.86 6858
112 P 27.37 39.89 6352
113 P 27.45 39.89 5874
114 P 27.41 40.01 4905
115 P 28.58 40.14 5044
116 P 27.83 40.20 5762
117 P 27.93 40.17 6075
118 P 28.59 40.20 6409
119 P 28.06 40.01 7182
120 P 28.19 39.90 6918
121 P 28.76 39.92 7081
122 P 28.40 39.88 6973
123 P 28.62 40.04 5822
124 P 28.29 40.17 5059
125 P 28.28 40.09 5568
126 P 28.36 39.94 5792
127 P 28.22 39.87 7254
128 P 28.05 40.20 8127
129 P 27.64 40.43 8267
130 P 27.79 40.72 9161
131 P 27.47 40.79 8790
132 P 27.97 40.62 7994
133 P 28.15 40.34 8577
134 P 27.77 40.25 7455
135 P 27.64 40.33 6306
136 P 27.79 40.24 7025
137 P 28.46 40.23 6667
138 P 27.86 40.08 5875
139 P 27.75 40.25 4443
140 P 27.77 40.25 6503
141 P 27.79 40.42 7757
142 P 28.26 40.50 7899
143 P 27.86 40.87 7103
144 P 27.56 41.03 8509
145 P 27.97 41.05 8998
146 P 26.92 41.18 9473
147 P 26.49 41.12 11420
148 P 25.96 40.74 12740
149 P 26.21 40.47 13536
150 P 25.80 40.60 13229
151 P 25.71 40.81 12284
152 P 25.32 41.04 11877
153 P 25.13 41.31 12446
154 P 25.00 41.47 12714
155 P 25.02 41.73 12773
156 P 24.92 41.93 13246
157 P 25.07 42.24 15914
158 P 24.98 42.59 17649
159 P 25.03 42.80 18007
160 P 25.10 42.78 17749
161 P 24.93 43.09 17733
162 P 24.73 43.83 15354
163 P 24.42 44.65 13355
164 P 24.16 45.33 11905
165 P 23.73 45.92 10011
166 P 23.58 45.77 9752
167 P 23.67 45.75 9664
168 P 23.63 45.85 9862
169 P 23.61 45.15 11002
170 P 24.11 44.75 12575
171 P 24.43 44.62 13265
172 P 24.64 44.15 13526
173 P 25.02 44.03 13796
174 P 26.12 43.18 15878
175 P 26.31 42.68 16693
176 P 26.45 42.21 14380
177 P 26.58 41.75 10778
178 P 26.58 41.33 11724
179 P 26.64 40.96 11802
180 P 26.82 40.70 12151
181 P 27.17 40.37 12898
182 P 27.26 40.03 12603
183 P 27.57 39.83 12107
184 P 27.84 39.36 12800
185 P 28.22 38.98 13043
186 P 28.23 38.61 13672
187 P 28.41 38.36 12879
188 P 28.40 38.37 11867
189 P 28.38 38.57 10296
190 P 28.56 38.46 10872
191 P 28.66 38.15 11182
192 P 28.92 37.81 12063
193 P 29.03 37.51 12262
194 P 29.21 37.36 10738
195 P 29.86 37.12 10474
196 P 29.92 36.76 12901
197 P 29.99 36.59 14380
198 P 29.99 36.47 11112
199 P 30.30 36.22 11929
200 P 30.77 35.81 13111
201 P 30.76 35.34 16520
202 P 31.10 34.67 17682
203 P 31.31 33.89 20160
204 P 31.47 33.09 19610
205 P 31.75 32.53 16552
206 P 31.86 32.41 11319
207 P 32.25 31.66 13093
208 P 32.40 31.67 7844
209 P 32.25 31.80 6003
210 P 32.57 31.74 5026
211 P 32.44 31.76 4619
212 P 32.30 31.94 4618
213 P 32.66 31.94 4071
214 P 32.73 31.87 3575
215 P 32.94 31.77 3452
216 P 33.03 31.67 3379
217 P 33.22 31.60 2718
218 P 33.69 31.51 2525
219 P 33.58 31.49 2075
220 P 33.73 31.55 1366
221 P 33.59 31.57 1435
222 P 33.88 31.60 1129
223 P 33.77 31.65 1049
224 P 33.59 31.65 985
225 P 33.78 31.58 1329
226 P 33.75 31.56 2125
227 P 33.46 31.54 2602
228 P 33.51 31.53 2716
229 P 33.27 31.66 2533
230 P 33.01 31.67 2688
231 P 33.03 31.75 1629
232 P 33.40 31.76 1379
233 P 33.12 31.80 1510
234 P 32.35 31.84 1599
235 P 32.81 31.81 2269
236 P 32.69 31.84 1754
237 P 32.53 31.80 2524
238 P 32.64 31.81 2893
239 P 32.64 31.79 2738
240 P 32.49 31.81 3594
241 P 32.48 31.84 3942
242 P 32.54 31.88 4255
243 P 32.44 31.86 4286
244 P 32.24 31.98 5533
245 P 31.89 32.05 3848
246 P 32.04 32.06 3611
247 P 33.56 31.70 984
% Nframe | type | QP | PSNR | size (Bytes) 
25 P 21.38 42.62 4153
26 P 20.81 42.82 9348
27 P 21.70 42.81 7906
28 P 21.48 42.87 7886
29 P 21.38 42.96 9378
30 P 21.19 43.05 7894
31 P 20.57 43.05 3489
32 P 21.46 42.92 7486
33 P 22.05 42.87 7800
34 P 22.20 42.86 10848
35 P 22.11 42.76 8950
36 P 22.72 42.56 8757
37 P 22.11 42.67 10792
38 P 21.37 42.66 5189
39 P 21.43 42.55 12512
40 P 21.39 42.55 10253
41 P 21.41 42.56 9485
42 P 22.08 42.62 8930
43 P 21.12 42.72 9968
44 P 21.54 42.76 9729
45 P 21.85 42.78 9552
46 P 22.29 42.73 8848
47 P 22.26 42.70 8883
48 P 22.41 42.79 11234
49 P 21.85 42.71 4422
50 P 22.72 42.72 8973
51 P 22.29 42.65 8353
52 P 23.66 42.48 8242
53 P 23.76 42.28 9192
54 P 22.16 42.43 17223
55 P 22.56 42.40 4445
56 P 23.11 42.22 8069
57 P 23.14 42.09 7620
58 P 22.49 42.12 9684
59 P 22.51 42.11 8413
60 P 22.30 42.06 8236
61 P 22.69 42.13 8704
62 P 22.34 42.08 9314
63 P 22.06 42.10 8774
64 P 22.48 42.14 8569
65 P 22.68 42.14 8074
66 P 22.97 41.97 7712
67 P 23.23 41.98 8446
68 P 22.89 42.03 8549
69 P 23.09 41.99 8410
70 P 23.14 41.92 8522
71 P 23.17 41.87 8698
72 P 22.78 42.05 10872
73 P 22.35 42.04 3618
74 P 22.68 41.88 8563
75 P 22.34 41.89 7936
76 P 22.56 41.85 7710
77 P 22.57 41.89 9196
78 P 22.98 41.99 7813
79 P 22.48 42.00 3067
80 P 22.45 41.85 7341
81 P 21.92 41.83 6645
82 P 22.78 41.85 8838
83 P 23.27 41.85 6753
84 P 23.89 41.82 6823
85 P 23.13 41.88 7521
86 P 24.00 41.84 6611
87 P 24.26 41.79 6791
88 P 24.05 41.86 7483
89 P 24.17 41.88 6409
90 P 24.22 41.87 6183
91 P 23.65 41.85 6951
92 P 23.90 41.87 7277
93 P 23.63 41.88 7422
94 P 23.90 41.88 7507
95 P 23.49 41.79 7167
96 P 23.46 42.05 10443
97 P 22.70 42.05 3216
98 P 23.25 41.88 8024
99 P 23.78 41.94 8935
100 P 23.62 41.87 8885
101 P 23.43 41.84 11133
102 P 23.48 41.92 10462
103 P 23.70 41.98 4430
104 P 23.61 41.82 8498
105 P 22.39 42.02 10287
106 P 22.91 42.01 8888
107 P 23.87 41.99 9057
108 P 23.70 41.88 8712
109 P 24.16 42.20 15492
110 P 24.41 42.10 8499
111 P 24.09 42.09 8759
112 P 24.11 42.11 7436
113 P 24.19 42.02 7398
114 P 24.16 42.05 7828
115 P 23.91 42.11 7428
116 P 23.54 42.11 7896
117 P 23.52 42.03 8013
118 P 23.63 41.96 8082
119 P 23.80 41.91 7571
120 P 23.81 41.89 7403
121 P 23.96 41.85 7147
122 P 25.57 41.77 6757
123 P 25.56 41.81 7517
124 P 25.47 41.96 7360
125 P 25.06 41.95 2859
126 P 25.49 41.86 6154
127 P 25.38 41.90 6290
128 P 25.38 41.94 7211
129 P 25.22 41.92 6322
130 P 25.42 42.01 7309
131 P 25.42 41.98 3121
132 P 25.73 41.88 7391
133 P 25.58 41.88 8862
134 P 25.34 41.93 7167
135 P 25.91 41.90 7238
136 P 25.79 41.90 6901
137 P 25.78 41.97 6355
138 P 25.92 42.02 6221
139 P 25.74 42.04 6489
140 P 25.41 42.05 6093
141 P 25.37 42.07 6721
142 P 25.43 42.16 8123
143 P 25.15 42.14 3894
144 P 25.33 42.15 6886
145 P 25.23 42.07 5482
146 P 25.69 42.05 5615
147 P 25.51 42.04 6947
148 P 25.24 42.12 6358
149 P 24.94 42.18 2480
150 P 25.38 42.07 5769
151 P 25.38 42.06 6007
152 P 25.28 42.07 8021
153 P 25.36 42.05 7369
154 P 25.53 42.07 7348
155 P 25.35 42.10 3413
156 P 25.65 41.99 6583
157 P 25.27 42.05 9464
158 P 24.54 42.06 7137
159 P 24.48 42.03 7044
160 P 24.48 42.04 7195
161 P 24.25 42.04 7415
162 P 24.16 42.03 6195
163 P 24.53 42.05 14727
164 P 23.96 41.98 8227
165 P 24.09 41.94 7319
166 P 24.04 42.07 9833
167 P 23.38 42.14 3157
168 P 23.99 42.05 8051
169 P 24.42 42.01 7883
170 P 24.31 41.97 8319
171 P 24.13 41.98 10557
172 P 24.46 42.05 9120
173 P 24.11 41.97 4884
174 P 24.48 41.91 9062
175 P 24.31 41.88 8729
176 P 24.50 41.99 11041
177 P 24.19 41.96 8905
178 P 23.72 42.09 9519
179 P 23.22 42.13 3590
180 P 23.85 41.99 7699
181 P 24.15 42.04 9060
182 P 24.00 42.02 7256
183 P 23.88 42.01 7398
184 P 23.87 42.04 7302
185 P 23.50 42.02 8074
186 P 23.79 42.01 8505
187 P 23.73 42.06 8088
188 P 23.69 42.06 8548
189 P 24.59 41.98 7278
190 P 24.53 42.05 9833
191 P 23.27 42.08 3323
192 P 23.87 41.94 7208
193 P 23.88 41.96 7899
194 P 23.88 41.95 7584
195 P 23.47 42.02 9385
196 P 23.59 42.13 8933
197 P 23.52 42.12 3870
198 P 24.68 42.02 7735
199 P 24.94 41.95 7575
200 P 24.67 42.04 10298
201 P 24.90 41.99 8733
202 P 24.80 42.01 9229
203 P 24.65 41.94 5603
204 P 23.83 41.96 10242
205 P 25.04 41.91 9736
206 P 25.17 41.99 7774
207 P 25.00 42.02 7728
208 P 25.26 41.99 7389
209 P 25.23 41.86 6676
210 P 25.52 42.41 11737
211 P 24.76 42.35 6371
212 P 24.76 42.37 6730
213 P 25.13 42.32 6943
214 P 24.66 42.56 10151
215 P 24.48 42.51 2457
216 P 24.49 42.41 7034
217 P 24.38 42.38 7308
218 P 25.04 42.34 6414
219 P 24.98 42.34 8199
220 P 24.26 42.44 6843
221 P 25.18 42.51 2242
222 P 24.92 42.35 6649
223 P 24.55 42.35 7273
224 P 24.62 42.32 9162
225 P 24.98 42.31 8242
226 P 25.17 42.37 8804
227 P 24.60 42.32 3402
228 P 25.00 42.26 10200
229 P 24.91 42.30 8076
230 P 24.65 42.29 7039
231 P 24.73 42.31 7074
232 P 24.55 42.29 6662
233 P 24.60 42.34 6474
234 P 24.34 42.36 6007
235 P 24.48 42.33 6383
236 P 24.62 42.35 6606
237 P 25.09 42.23 6608
238 P 24.58 42.35 9699
239 P 24.61 42.35 3532
240 P 24.92 42.27 7786
241 P 24.82 42.21 7537
242 P 24.97 42.16 6796
243 P 24.86 42.25 8817
244 P 24.21 42.35 6987
245 P 24.78 42.35 2447
246 P 23.79 42.32 6438
247 P 23.98 42.30 8069
248 P 23.89 42.29 6420
249 P 24.07 42.27 6543
250 P 23.81 42.33 6695
251 P 23.93 42.33 2860
252 P 23.57 42.20 7759
253 P 24.10 42.19 7059
254 P 23.41 42.20 6417
255 P 25.34 41.78 5042
% Nframe | type | QP | PSNR | size (Bytes) 
25 P 24.02 45.40 11327
26 P 23.88 45.06 11351
27 P 24.00 44.40 12483
28 P 24.64 43.30 12855
29 P 26.28 41.11 14593
30 P 27.57 40.81 9154
31 P 26.75 41.59 9165
32 P 26.63 41.88 8984
33 P 26.34 42.28 7910
34 P 26.34 42.62 6987
35 P 26.26 42.74 5566
36 P 26.25 42.85 5006
37 P 26.48 42.91 4706
38 P 25.97 42.68 4791
39 P 26.65 42.01 5481
40 P 27.98 40.97 5333
41 P 28.07 40.31 5207
42 P 28.93 39.92 4871
43 P 29.01 39.42 5044
44 P 29.54 39.60 4074
45 P 29.49 39.99 4089
46 P 29.35 40.05 3850
47 P 29.08 40.24 3724
48 P 28.88 40.69 3813
49 P 28.24 40.53 4028
50 P 28.72 40.27 5029
51 P 28.91 39.84 5864
52 P 28.57 39.59 6543
53 P 28.40 39.62 6653
54 P 28.23 40.07 5699
55 P 28.09 40.39 4661
56 P 27.59 40.53 3817
57 P 26.72 40.46 4047
58 P 26.61 40.28 4455
59 P 26.46 40.35 4361
60 P 26.69 40.35 4747
61 P 26.64 40.55 4864
62 P 26.65 40.61 4538
63 P 26.53 40.49 5338
64 P 27.08 40.28 5857
65 P 27.29 39.84 5100
66 P 26.90 39.84 4021
67 P 26.76 40.08 3566
68 P 26.74 40.30 4491
69 P 26.07 40.13 5637
70 P 26.24 40.35 6760
71 P 26.10 40.30 8810
72 P 26.44 40.25 8828
73 P 26.02 40.09 8972
74 P 25.92 40.02 8442
75 P 25.31 40.28 7244
76 P 25.66 40.44 6191
77 P 25.29 40.69 5679
78 P 25.71 40.80 5399
79 P 25.32 40.77 6178
80 P 25.43 40.31 6380
81 P 25.26 40.31 4753
82 P 25.65 40.38 3968
83 P 26.17 40.51 3795
84 P 26.23 40.63 4390
85 P 26.67 40.66 4743
86 P 26.41 40.82 5473
87 P 26.12 40.89 6325
88 P 26.06 40.92 6776
89 P 25.99 40.81 6939
90 P 25.89 40.65 7854
91 P 25.98 40.36 8723
92 P 25.58 40.28 7970
93 P 25.67 40.21 7158
94 P 24.99 40.30 6387
95 P 25.12 40.46 5864
96 P 24.97 40.55 5341
97 P 25.16 40.79 4918
98 P 24.70 41.02 4366
99 P 24.95 41.17 4027
100 P 25.03 41.18 4281
101 P 24.94 41.12 4071
102 P 24.97 41.04 4241
103 P 25.03 40.94 3973
104 P 24.96 40.79 4504
105 P 25.15 40.74 4622
106 P 25.06 40.68 4561
107 P 24.97 40.66 3443
108 P 25.35 40.82 3043
109 P 25.25 40.83 3253
110 P 25.10 40.84 3759
111 P 24.75 40.97 3399
112 P 24.46 41.13 3271
113 P 24.38 41.12 3944
114 P 23.78 41.02 4866
115 P 23.75 40.99 4179
116 P 23.59 41.08 4298
117 P 23.78 41.21 3782
118 P 23.70 41.37 3792
119 P 23.25 41.42 3771
120 P 23.06 41.51 4126
121 P 23.03 41.57 4347
122 P 23.24 41.60 4887
123 P 23.09 41.46 6404
124 P 23.23 41.41 7209
125 P 22.87 41.44 7882
126 P 22.75 41.41 7255
127 P 22.67 41.54 6712
128 P 22.67 41.63 5246
129 P 22.12 41.71 5838
130 P 22.07 41.80 5417
131 P 22.09 41.83 5962
132 P 22.27 41.83 6357
133 P 22.03 41.87 5578
134 P 22.05 41.98 5027
135 P 21.75 42.06 4428
136 P 22.04 42.15 4219
137 P 22.04 42.17 3957
138 P 22.06 42.15 4233
139 P 22.01 42.11 4161
140 P 21.75 42.18 3343
141 P 21.98 42.26 3377
142 P 21.88 42.21 3856
143 P 21.88 42.17 4234
144 P 21.68 42.19 5359
145 P 21.40 42.26 4893
146 P 21.53 42.24 4602
147 P 21.46 42.30 4801
148 P 21.32 42.31 4609
149 P 21.16 42.37 4905
150 P 21.15 42.44 4877
151 P 20.73 42.52 4997
152 P 20.92 42.57 5083
153 P 20.82 42.55 6315
154 P 20.59 42.57 6582
155 P 20.59 42.60 6143
156 P 20.60 42.68 5367
157 P 20.51 42.68 6134
158 P 20.31 42.69 6953
159 P 20.24 42.76 5940
160 P 20.21 42.90 6104
161 P 20.30 42.86 6721
162 P 20.15 42.97 5072
163 P 19.98 43.00 5302
164 P 20.00 43.08 5631
165 P 19.85 43.04 5454
166 P 19.88 43.02 5657
167 P 19.85 43.01 6173
168 P 19.90 43.08 6392
169 P 20.01 43.09 6153
170 P 19.82 43.17 5319
171 P 19.80 43.20 5248
172 P 19.70 43.18 5581
173 P 19.82 43.20 5555
174 P 19.63 43.20 5540
175 P 19.76 43.27 5774
176 P 19.56 43.23 7254
177 P 20.11 43.27 7328
178 P 19.76 43.35 5222
179 P 19.58 43.39 5116
180 P 19.62 43.34 5515
181 P 19.57 43.33 6680
182 P 19.78 43.37 6121
183 P 19.53 43.39 6415
184 P 19.35 43.50 5942
185 P 19.42 43.54 4853
186 P 19.42 43.57 4435
187 P 19.19 43.67 5211
188 P 19.31 43.69 4324
189 P 19.52 43.58 5324
190 P 19.47 43.52 7456
191 P 19.35 43.50 8669
192 P 19.22 43.48 9627
193 P 19.27 43.43 9058
194 P 19.06 43.43 8939
195 P 19.02 43.52 8532
196 P 19.04 43.54 7755
197 P 18.88 43.66 6032
198 P 18.81 43.68 7336
199 P 18.92 43.70 7536
200 P 18.69 43.70 8724
201 P 18.82 43.69 7406
202 P 18.81 43.76 7021
203 P 18.83 43.77 7669
204 P 18.83 43.73 8152
205 P 18.71 43.76 7068
206 P 18.92 43.76 7468
207 P 19.13 43.76 7831
208 P 18.98 43.72 9149
209 P 18.88 43.63 8999
210 P 18.81 43.69 8629
211 P 18.75 43.68 8313
212 P 18.85 43.69 7993
213 P 18.86 43.66 9034
214 P 18.88 43.72 9193
215 P 18.84 43.65 8759
216 P 18.91 43.69 8095
217 P 18.80 43.77 8575
218 P 18.57 43.82 5906
219 P 18.74 43.88 5712
220 P 18.89 43.83 6865
221 P 18.87 43.76 7156
222 P 18.87 43.75 7874
223 P 18.85 43.71 6902
224 P 18.86 43.72 7649
225 P 18.97 43.73 8363
226 P 18.92 43.73 8251
227 P 18.90 43.70 7527
228 P 19.03 43.66 8002
229 P 19.02 43.65 8305
230 P 19.00 43.64 8617
231 P 18.99 43.71 8021
232 P 18.87 43.75 8164
233 P 18.87 43.77 7645
234 P 18.92 43.81 6738
235 P 19.05 43.81 5667
236 P 18.71 43.83 5556
237 P 18.72 43.80 6908
238 P 18.85 43.71 8324
239 P 19.01 43.71 9143
240 P 19.05 43.74 8242
241 P 18.93 43.77 6134
242 P 18.84 43.80 6026
243 P 18.89 43.78 6330
244 P 18.76 43.87 5032
245 P 18.85 43.88 5234
246 P 18.98 43.89 5152
247 P 18.80 43.90 5471
248 P 18.69 43.87 6240
249 P 18.64 43.87 5941
250 P 18.73 43.89 4745
251 P 18.76 43.90 4524
252 P 18.77 43.93 5151
253 P 18.79 43.87 6449
254 P 18.73 43.87 5739
255 P 18.81 43.89 5056
256 P 18.85 43.92 6069
257 P 18.80 43.92 5501
258 P 18.72 43.87 6581
259 P 18.75 43.90 6173
260 P 18.72 43.89 6453
261 P 18.67 43.87 6791
262 P 18.57 43.87 6491
263 P 18.44 43.98 6005
264 P 18.56 44.00 6210
265 P 18.41 44.06 5155
266 P 18.52 44.02 6238
267 P 18.49 43.97 7835
268 P 18.70 44.00 6421
269 P 18.32 44.03 8250
270 P 18.55 44.00 8567
271 P 18.49 44.04 8322
272 P 18.41 44.06 8707
273 P 18.40 44.03 8464
274 P 18.52 44.04 8916
275 P 18.45 44.05 8788
276 P 18.38 44.03 9140
277 P 18.36 44.09 8654
278 P 18.40 44.10 10213
279 P 18.38 44.13 10621
280 P 18.37 44.09 11919
281 P 18.26 44.10 12974
282 P 18.29 44.14 14172
283 P 18.47 44.12 14185
284 P 18.47 44.09 14836
285 P 18.47 44.03 15106
286 P 18.50 44.12 15345
287 P 18.44 44.15 14919
288 P 18.52 44.21 17080
289 P 18.40 44.26 18280
290 P 18.43 44.26 18169
291 P 18.54 44.24 16501
292 P 18.67 44.20 16527
293 P 18.60 44.18 16103
294 P 18.69 44.13 17036
295 P 18.70 44.06 16791
296 P 18.71 44.03 16419
297 P 18.86 43.95 17448
298 P 18.96 43.85 17261
299 P 19.21 43.74 17305
300 P 19.26 43.65 16383
301 P 19.51 43.57 16076
302 P 19.59 43.37 15589
303 P 19.82 43.39 14773
304 P 19.75 43.36 15233
305 P 19.80 43.26 15243
306 P 19.75 43.13 15181
307 P 19.97 43.17 13545
308 P 19.93 43.29 12419
309 P 20.01 43.37 9851
310 P 20.01 43.32 8650
311 P 20.32 43.27 9362
312 P 20.47 43.25 9651
313 P 20.56 43.16 10235
314 P 20.57 43.14 10503
315 P 20.60 43.06 11426
316 P 20.73 42.97 11213
317 P 20.86 42.78 10269
318 P 20.83 42.72 8284
319 P 21.17 42.70 7991
320 P 21.14 42.66 7268
321 P 21.03 42.59 7821
322 P 21.16 42.56 7837
323 P 21.34 42.56 7054
324 P 21.41 42.53 7275
325 P 21.13 42.59 6677
326 P 21.51 42.52 6265
327 P 21.42 42.50 6331
328 P 21.56 42.45 6785
329 P 21.61 42.38 6811
330 P 21.23 42.39 6208
331 P 21.40 42.41 5472
332 P 21.60 42.47 5590
333 P 21.70 42.49 6053
334 P 21.74 42.49 6059
335 P 21.72 42.61 7235
336 P 21.70 42.57 6678
337 P 21.50 42.58 6461
338 P 21.30 42.58 6573
339 P 21.45 42.60 6440
340 P 21.19 42.60 6406
341 P 21.56 42.59 6701
342 P 21.28 42.55 7130
343 P 21.18 42.50 7200
344 P 21.35 42.56 7120
345 P 21.32 42.60 6731
346 P 21.22 42.56 6566
347 P 21.39 42.52 8090
348 P 21.17 42.56 8138
349 P 21.39 42.54 7899
350 P 21.28 42.55 7745
351 P 21.26 42.52 5556
352 P 21.13 42.57 5027
353 P 21.34 42.65 5389
354 P 22.22 42.11 3106
