% Nframe | type | QP | PSNR | size (Bytes) 
0 I 25.00 40.54 11503
1 P 26.23 40.03 489
2 P 27.55 39.71 1049
3 P 27.59 39.63 1649
4 P 27.63 39.68 1778
5 P 26.72 39.63 1845
6 P 26.84 39.76 1922
7 P 27.46 39.62 1853
8 P 27.31 39.50 1799
9 P 27.65 39.41 1743
10 P 27.88 39.46 1879
11 P 27.50 39.59 2277
12 P 31.53 38.11 725
13 P 28.85 38.87 2335
14 P 24.61 39.83 3153
15 P 23.53 40.59 2950
16 P 22.07 41.36 3655
17 P 21.35 42.08 5245
18 P 20.57 42.36 5895
19 P 20.18 42.57 6583
20 P 19.92 42.67 6288
21 P 19.32 43.04 5622
22 P 19.12 43.43 6965
23 P 19.00 43.73 7864
24 P 18.32 44.17 8179
25 P 18.36 44.12 8808
26 P 18.22 44.13 7614
27 P 18.00 44.39 7410
28 P 17.97 44.37 7408
29 P 18.30 44.17 7954
30 P 18.58 43.95 8991
31 P 18.56 43.95 8676
32 P 19.03 43.95 7511
33 P 19.17 43.93 7095
34 P 19.43 43.79 7831
35 P 19.51 43.53 7879
36 P 19.55 43.43 7374
37 P 19.68 43.28 5216
38 P 19.89 43.27 4757
39 P 19.88 43.23 5288
40 P 20.01 43.20 5542
41 P 20.50 43.06 5149
42 P 20.59 42.94 4777
43 P 20.90 42.89 4572
44 P 20.67 42.74 4320
45 P 20.87 42.84 4723
46 P 21.11 42.59 4563
47 P 21.59 42.36 4264
48 P 21.64 42.36 3736
49 P 21.35 42.50 3012
50 P 21.30 42.64 3494
51 P 21.13 42.57 4724
52 P 21.59 42.37 4707
53 P 21.80 42.46 4288
54 P 21.53 42.42 4456
55 P 21.20 42.35 4444
56 P 21.50 42.35 4367
57 P 21.47 42.25 4656
58 P 20.97 42.44 4720
59 P 21.14 42.45 5875
60 P 21.22 42.50 6292
61 P 20.99 42.67 6892
62 P 20.84 42.52 6319
63 P 20.71 42.54 6314
64 P 20.70 42.46 5715
65 P 20.67 42.49 5329
66 P 20.75 42.48 5710
67 P 20.31 42.53 5502
68 P 20.53 42.60 4979
69 P 20.84 42.43 5491
70 P 20.98 42.39 5819
71 P 20.88 42.37 5908
72 P 20.85 42.34 5776
73 P 20.95 42.21 5218
74 P 21.00 42.16 4952
75 P 21.05 42.17 5565
76 P 21.19 42.22 6207
77 P 21.52 42.53 6881
78 P 21.11 42.78 7150
79 P 21.08 42.60 7243
80 P 21.15 42.30 7684
81 P 21.10 42.16 7858
82 P 21.38 41.92 7477
83 P 21.11 41.99 7030
84 P 21.58 42.11 6450
85 P 21.64 42.25 5971
86 P 21.10 42.47 5722
87 P 21.32 42.34 5758
88 P 21.35 42.28 5882
89 P 21.51 42.05 5669
90 P 21.80 41.94 5756
91 P 21.74 41.88 5928
92 P 22.08 41.86 6113
93 P 22.33 41.67 5468
94 P 22.33 41.73 4432
95 P 22.29 41.78 4523
96 P 21.97 41.69 4151
97 P 22.15 41.76 3945
98 P 22.64 41.57 4244
99 P 22.37 41.50 4615
100 P 22.84 41.33 4456
101 P 22.43 41.35 4142
102 P 22.66 41.41 4345
103 P 22.72 41.53 4820
104 P 22.98 41.56 5209
105 P 22.60 41.37 5350
106 P 22.37 41.51 4786
107 P 22.60 41.41 4506
108 P 22.47 41.43 4625
109 P 22.57 41.45 4666
110 P 22.78 41.50 4730
111 P 22.66 41.53 4734
112 P 22.54 41.51 4351
113 P 22.47 41.58 4197
114 P 22.24 41.64 3858
115 P 22.06 41.77 3929
116 P 23.16 41.74 4049
117 P 23.42 41.76 4498
118 P 23.11 41.71 4369
119 P 22.64 41.62 4889
120 P 22.92 41.49 4715
121 P 22.80 41.46 4615
122 P 23.48 41.48 4652
123 P 22.44 41.58 4086
124 P 22.75 41.67 3725
125 P 22.91 41.53 4070
126 P 22.98 41.43 4232
127 P 22.78 41.51 4636
128 P 22.85 41.70 5117
129 P 22.60 41.96 4997
130 P 22.83 42.24 5017
131 P 22.35 42.28 5146
132 P 22.90 42.09 5251
133 P 23.00 42.05 5357
134 P 22.18 41.92 4697
135 P 22.31 41.97 4226
136 P 21.83 41.86 4589
137 P 22.39 41.87 4505
138 P 22.04 41.74 4079
139 P 22.79 41.90 3432
140 P 23.39 41.90 4640
141 P 23.05 41.91 5289
142 P 22.83 42.02 5498
143 P 22.44 42.17 4830
144 P 22.50 42.35 5414
145 P 22.24 42.37 5545
146 P 22.16 42.54 6160
147 P 21.99 42.61 7203
148 P 22.09 42.14 7949
149 P 22.09 41.81 8622
150 P 21.89 41.91 8636
151 P 21.27 42.21 8209
152 P 21.21 42.29 7446
153 P 21.40 42.46 7799
154 P 21.55 42.64 7921
155 P 21.34 42.89 7917
156 P 21.35 43.07 7705
157 P 21.42 43.13 7396
158 P 21.36 43.25 7833
159 P 21.40 43.42 7831
160 P 21.77 43.43 7687
161 P 21.48 43.67 8495
162 P 21.20 44.49 8493
163 P 20.94 45.19 7349
164 P 20.29 45.97 6956
165 P 19.99 46.75 5863
166 P 19.69 46.77 5725
167 P 19.68 46.46 5813
168 P 19.79 46.44 5990
169 P 19.94 45.82 6351
170 P 20.25 45.38 6915
171 P 20.67 45.25 6888
172 P 20.91 44.75 6725
173 P 21.21 44.52 6371
174 P 21.92 43.84 7631
175 P 22.23 43.29 7710
176 P 22.37 43.06 7668
177 P 22.55 43.12 7460
178 P 22.63 42.85 7437
179 P 22.63 42.41 7874
180 P 22.75 42.21 7916
181 P 22.76 41.93 8795
182 P 23.18 41.65 8436
183 P 23.22 41.51 8098
184 P 23.61 41.13 8784
185 P 23.70 40.83 9023
186 P 23.89 40.68 8999
187 P 23.92 40.51 8542
188 P 24.02 40.46 7835
189 P 24.07 40.58 7078
190 P 23.90 40.54 7386
191 P 24.17 40.25 7636
192 P 24.34 39.88 8017
193 P 24.45 39.61 7830
194 P 24.97 39.45 7306
195 P 25.22 39.24 7130
196 P 25.21 39.22 8161
197 P 25.37 39.00 8533
198 P 25.54 38.88 7102
199 P 25.79 38.56 7430
200 P 25.93 38.12 8200
201 P 26.10 37.52 10259
202 P 26.26 36.79 11208
203 P 26.40 36.13 13021
204 P 26.58 35.30 12308
205 P 26.94 34.95 9682
206 P 26.76 34.93 8126
207 P 26.99 34.76 8469
208 P 27.27 34.61 6194
209 P 27.10 34.57 6407
210 P 27.36 34.59 4874
211 P 27.44 34.60 4680
212 P 27.31 34.68 4011
213 P 27.38 34.70 3563
214 P 27.54 34.61 3596
215 P 27.84 34.52 3212
216 P 27.87 34.45 3172
217 P 27.83 34.37 2723
218 P 27.97 34.36 2268
219 P 28.01 34.35 1561
220 P 27.86 34.44 955
221 P 27.80 34.47 860
222 P 27.94 34.49 708
223 P 28.18 34.61 766
224 P 28.22 34.59 553
225 P 28.31 34.54 873
226 P 28.18 34.47 1912
227 P 28.17 34.46 1685
228 P 27.87 34.41 2298
229 P 27.98 34.56 1887
230 P 27.91 34.58 1713
231 P 27.76 34.67 762
232 P 27.77 34.69 913
233 P 27.80 34.74 872
234 P 27.74 34.81 791
235 P 27.55 34.75 1231
236 P 26.94 34.79 1109
237 P 27.21 34.78 2075
238 P 27.31 34.83 2134
239 P 27.36 34.79 2157
240 P 27.31 34.73 2771
241 P 27.20 34.80 3046
242 P 26.95 34.88 3265
243 P 26.98 34.87 3299
244 P 26.96 35.01 3962
245 P 26.87 35.07 2317
246 P 26.89 35.08 2355
247 P 29.62 34.59 812
% Nframe | type | QP | PSNR | size (Bytes) 
25 P 18.12 44.37 2958
26 P 17.49 44.48 6170
27 P 18.20 44.41 5365
28 P 17.95 44.42 5131
29 P 18.15 44.47 6004
30 P 17.65 44.53 4838
31 P 17.05 44.48 2182
32 P 18.55 44.25 4984
33 P 18.31 44.07 4921
34 P 18.85 44.12 6881
35 P 19.16 43.98 5712
36 P 18.83 43.72 5715
37 P 18.57 43.84 6648
38 P 18.53 43.78 2975
39 P 19.06 43.62 7568
40 P 18.03 43.74 6610
41 P 19.17 43.80 6148
42 P 18.97 43.83 5902
43 P 17.92 43.95 6340
44 P 19.43 43.92 6290
45 P 19.27 44.03 6432
46 P 19.09 43.92 6101
47 P 19.61 43.89 5997
48 P 19.73 44.04 7196
49 P 19.31 43.97 2828
50 P 19.74 43.93 5975
51 P 20.06 43.89 5681
52 P 20.22 43.73 5565
53 P 20.08 43.51 6406
54 P 19.22 43.74 10474
55 P 18.92 43.73 3060
56 P 19.30 43.47 5723
57 P 20.38 43.33 5394
58 P 19.66 43.35 6839
59 P 19.28 43.31 6043
60 P 19.38 43.21 5897
61 P 19.30 43.30 6291
62 P 19.29 43.22 6432
63 P 19.11 43.26 6400
64 P 19.00 43.27 6063
65 P 19.48 43.28 5700
66 P 19.00 43.18 5294
67 P 19.69 43.19 5794
68 P 19.27 43.15 5832
69 P 19.42 43.14 5644
70 P 20.23 42.97 5699
71 P 19.60 42.93 5932
72 P 18.98 43.27 7179
73 P 19.51 43.23 2571
74 P 18.96 43.00 5547
75 P 18.59 43.10 5498
76 P 20.17 42.93 5248
77 P 19.17 43.00 5852
78 P 19.41 43.11 5036
79 P 19.92 43.13 2150
80 P 20.00 42.96 5078
81 P 19.82 42.96 4568
82 P 20.11 42.97 5678
83 P 20.00 42.98 4670
84 P 20.55 42.94 4810
85 P 20.27 42.92 5145
86 P 19.92 42.98 4831
87 P 20.77 42.93 4822
88 P 20.92 42.96 5170
89 P 21.58 42.95 4456
90 P 21.82 42.96 4430
91 P 21.28 42.93 4960
92 P 20.75 42.85 5094
93 P 21.14 42.84 5344
94 P 20.76 42.87 5165
95 P 20.17 42.78 5042
96 P 20.16 43.11 6917
97 P 19.66 43.14 2494
98 P 19.87 42.95 5852
99 P 20.57 42.96 6210
100 P 20.94 42.88 6191
101 P 21.10 42.95 7188
102 P 19.83 42.96 6779
103 P 19.20 42.94 2830
104 P 21.01 42.70 5829
105 P 19.90 42.92 7007
106 P 19.62 42.93 5876
107 P 20.67 42.95 5921
108 P 21.34 42.73 5607
109 P 21.53 43.29 9487
110 P 21.49 43.10 5566
111 P 21.41 43.07 5613
112 P 21.49 43.01 4838
113 P 21.38 42.99 4878
114 P 21.72 42.92 4838
115 P 21.46 43.09 4964
116 P 21.39 43.02 5149
117 P 21.03 42.92 5439
118 P 21.11 42.86 5432
119 P 21.12 42.88 5433
120 P 21.15 42.77 4938
121 P 21.38 42.91 4995
122 P 21.43 42.84 4613
123 P 21.16 42.98 5061
124 P 21.51 43.03 4796
125 P 21.08 43.07 2216
126 P 21.21 42.98 4279
127 P 21.57 42.92 4106
128 P 21.17 43.00 4824
129 P 21.34 42.98 4257
130 P 21.11 43.10 4865
131 P 20.78 43.06 2246
132 P 21.58 42.90 4785
133 P 21.15 42.89 5828
134 P 20.88 42.93 4851
135 P 20.85 42.96 4989
136 P 21.39 42.93 4669
137 P 20.58 43.04 4203
138 P 20.77 43.15 4355
139 P 20.73 43.05 4175
140 P 21.32 43.07 3981
141 P 20.99 43.06 4325
142 P 20.95 43.26 5761
143 P 20.77 43.23 2782
144 P 20.95 43.17 4524
145 P 20.83 43.18 4031
146 P 20.89 43.08 3778
147 P 20.98 43.07 4605
148 P 20.92 43.16 4296
149 P 20.62 43.16 1831
150 P 21.14 43.06 4061
151 P 20.74 43.02 4073
152 P 20.82 43.11 5275
153 P 21.08 43.01 4801
154 P 21.14 43.10 4654
155 P 20.89 43.12 2465
156 P 20.53 43.06 4477
157 P 20.74 43.14 6099
158 P 20.49 43.13 4877
159 P 20.35 43.07 4799
160 P 20.64 43.12 5081
161 P 20.66 43.17 5037
162 P 20.26 43.03 4029
163 P 19.93 43.21 9054
164 P 19.84 43.05 5297
165 P 19.74 43.01 4867
166 P 19.71 43.21 6452
167 P 20.07 43.26 2183
168 P 20.32 43.09 5375
169 P 20.45 43.01 5238
170 P 20.84 42.91 5420
171 P 21.28 43.00 6491
172 P 20.51 43.15 6124
173 P 20.57 43.03 3112
174 P 20.71 42.98 5825
175 P 20.74 42.89 5685
176 P 20.49 42.98 6970
177 P 20.71 42.96 5902
178 P 20.22 43.21 6399
179 P 20.19 43.24 2348
180 P 20.62 43.03 4966
181 P 20.83 43.05 5588
182 P 20.85 43.02 4767
183 P 20.59 43.05 4832
184 P 20.89 43.03 4853
185 P 20.51 43.01 5356
186 P 20.78 42.99 5518
187 P 20.73 43.01 5692
188 P 20.98 43.04 5655
189 P 20.34 42.91 4852
190 P 20.68 43.09 6600
191 P 20.11 43.12 2264
192 P 20.55 42.93 4828
193 P 20.41 42.92 5054
194 P 20.80 42.96 4913
195 P 20.56 43.00 5999
196 P 20.01 43.19 5899
197 P 20.31 43.14 2573
198 P 20.52 43.01 5100
199 P 20.49 43.01 4851
200 P 20.42 43.07 6238
201 P 20.46 43.03 5510
202 P 20.57 43.12 6073
203 P 20.12 43.04 3837
204 P 20.22 43.05 6761
205 P 20.45 42.99 6339
206 P 20.38 43.04 5081
207 P 20.13 43.07 5144
208 P 20.67 43.08 4838
209 P 20.35 42.85 4359
210 P 20.10 43.62 7172
211 P 20.02 43.54 4000
212 P 20.74 43.54 4350
213 P 20.55 43.48 4677
214 P 20.44 43.69 6410
215 P 20.66 43.71 1911
216 P 20.92 43.52 4897
217 P 20.58 43.48 4708
218 P 20.59 43.38 4434
219 P 20.71 43.48 5364
220 P 20.16 43.61 4533
221 P 20.43 43.58 1582
222 P 20.91 43.44 4681
223 P 20.54 43.36 5133
224 P 20.73 43.34 6278
225 P 20.49 43.34 5990
226 P 20.66 43.45 6285
227 P 20.79 43.40 2524
228 P 20.88 43.34 6809
229 P 20.53 43.36 5520
230 P 20.08 43.44 4735
231 P 20.06 43.41 4759
232 P 20.35 43.38 4452
233 P 20.21 43.49 4414
234 P 20.16 43.43 3973
235 P 20.03 43.43 4382
236 P 20.22 43.47 4563
237 P 20.46 43.31 4707
238 P 20.52 43.40 6306
239 P 20.47 43.41 2493
240 P 20.26 43.32 5222
241 P 20.66 43.28 5161
242 P 20.87 43.20 4761
243 P 20.96 43.24 5809
244 P 20.68 43.45 4839
245 P 20.50 43.47 1892
246 P 20.21 43.45 4560
247 P 20.75 43.45 5422
248 P 20.60 43.40 4318
249 P 20.67 43.34 4466
250 P 20.47 43.38 4553
251 P 20.50 43.39 1925
252 P 20.60 43.25 5211
253 P 20.84 43.23 4709
254 P 20.26 43.19 4354
255 P 22.33 42.76 3440
% Nframe | type | QP | PSNR | size (Bytes) 
25 P 17.40 46.49 9130
26 P 17.86 46.14 9189
27 P 18.33 45.54 9592
28 P 19.22 44.55 9701
29 P 20.27 42.92 10528
30 P 21.47 42.50 7114
31 P 21.61 42.74 7104
32 P 21.51 42.99 6468
33 P 21.53 43.01 5611
34 P 21.44 43.35 4865
35 P 21.47 43.42 3933
36 P 21.62 43.57 3303
37 P 22.28 43.68 3276
38 P 21.85 43.30 3190
39 P 22.67 42.75 3534
40 P 23.06 41.91 3386
41 P 24.60 41.35 3145
42 P 24.54 40.96 3027
43 P 24.67 40.72 3129
44 P 24.94 40.81 2453
45 P 25.74 41.04 2428
46 P 24.67 41.16 2562
47 P 25.16 41.28 2432
48 P 24.96 41.58 2417
49 P 24.73 41.52 2580
50 P 24.43 41.28 3102
51 P 24.74 41.06 3871
52 P 24.79 41.01 4205
53 P 24.34 41.06 4181
54 P 23.90 41.26 3581
55 P 23.55 41.49 2872
56 P 22.88 41.67 2557
57 P 22.59 41.63 2677
58 P 22.81 41.64 2875
59 P 22.75 41.74 2693
60 P 22.16 41.83 2966
61 P 22.05 41.97 3032
62 P 22.26 42.05 3075
63 P 21.85 41.96 3341
64 P 21.60 41.83 3660
65 P 21.49 41.71 3438
66 P 22.36 41.71 2472
67 P 21.73 41.82 2391
68 P 22.04 41.90 3238
69 P 22.64 41.81 3750
70 P 21.82 41.94 4692
71 P 22.21 41.90 5629
72 P 21.28 41.94 5586
73 P 21.02 41.94 5635
74 P 21.50 41.96 5194
75 P 21.25 42.19 4816
76 P 21.11 42.33 4097
77 P 21.21 42.50 3702
78 P 20.45 42.55 3878
79 P 20.40 42.54 4192
80 P 20.48 42.50 4529
81 P 20.83 42.49 3158
82 P 20.79 42.57 2616
83 P 20.98 42.57 2727
84 P 21.34 42.54 3415
85 P 21.26 42.59 3780
86 P 21.48 42.53 3855
87 P 21.33 42.61 4478
88 P 20.95 42.54 4464
89 P 20.94 42.53 4851
90 P 20.94 42.51 5098
91 P 20.60 42.44 5419
92 P 20.79 42.39 4823
93 P 20.37 42.45 4797
94 P 19.95 42.46 4226
95 P 20.59 42.63 4335
96 P 20.35 42.69 3580
97 P 20.47 42.87 3766
98 P 20.04 43.00 2870
99 P 20.18 43.05 3126
100 P 20.26 43.01 3327
101 P 20.08 42.95 3598
102 P 19.93 42.96 3130
103 P 20.38 43.00 2577
104 P 19.94 43.03 3034
105 P 20.38 42.84 3252
106 P 19.66 42.93 3444
107 P 20.14 42.89 2465
108 P 20.18 42.98 1977
109 P 19.92 43.04 2758
110 P 20.02 43.02 2678
111 P 19.85 43.04 2807
112 P 20.34 43.12 2441
113 P 19.86 43.15 3042
114 P 19.72 43.09 3431
115 P 19.80 43.12 2895
116 P 19.65 43.31 2803
117 P 19.48 43.29 2397
118 P 19.71 43.33 2635
119 P 19.22 43.43 3247
120 P 18.88 43.49 3175
121 P 18.94 43.48 3236
122 P 18.57 43.52 4011
123 P 18.63 43.51 4633
124 P 18.40 43.55 4760
125 P 18.62 43.66 4658
126 P 18.46 43.65 4321
127 P 18.18 43.71 4105
128 P 17.98 43.75 4216
129 P 18.14 43.83 4219
130 P 17.75 43.92 3541
131 P 17.65 43.99 3767
132 P 17.64 44.04 4031
133 P 17.54 44.06 3362
134 P 17.87 44.10 3186
135 P 17.67 44.12 3566
136 P 17.65 44.17 4003
137 P 17.42 44.12 3583
138 P 17.43 44.14 3939
139 P 17.33 44.15 3830
140 P 16.89 44.31 2447
141 P 17.44 44.43 2229
142 P 16.89 44.37 3047
143 P 17.21 44.45 4068
144 P 17.19 44.43 3942
145 P 17.14 44.55 3042
146 P 16.83 44.58 3352
147 P 17.01 44.60 2883
148 P 17.12 44.57 2793
149 P 17.26 44.55 3449
150 P 17.21 44.45 3774
151 P 16.90 44.48 4084
152 P 16.64 44.53 4129
153 P 16.56 44.60 4690
154 P 16.60 44.60 5169
155 P 16.35 44.60 3925
156 P 16.27 44.74 3585
157 P 16.40 44.82 4429
158 P 16.51 44.89 4458
159 P 16.31 44.85 3199
160 P 15.96 45.07 3646
161 P 15.95 45.05 4096
162 P 16.09 45.13 2429
163 P 15.93 45.19 2746
164 P 16.07 45.25 2879
165 P 15.88 45.13 2942
166 P 16.10 45.15 3461
167 P 15.90 45.13 3801
168 P 15.80 45.20 4229
169 P 15.88 45.18 3622
170 P 15.69 45.28 3367
171 P 15.66 45.31 2957
172 P 15.67 45.32 3891
173 P 15.64 45.32 4443
174 P 15.85 45.23 4066
175 P 15.68 45.24 4496
176 P 15.59 45.32 5604
177 P 15.46 45.39 4508
178 P 15.30 45.47 3303
179 P 15.58 45.50 3003
180 P 15.39 45.51 3733
181 P 15.64 45.43 4075
182 P 15.16 45.53 3907
183 P 15.15 45.61 3999
184 P 14.93 45.70 3470
185 P 14.85 45.80 2615
186 P 14.99 45.79 2493
187 P 14.91 45.89 2961
188 P 14.91 45.94 2584
189 P 15.27 45.68 3623
190 P 15.21 45.64 5314
191 P 15.07 45.66 6354
192 P 15.32 45.69 6591
193 P 15.06 45.69 5432
194 P 15.01 45.72 5291
195 P 14.86 45.81 4685
196 P 14.60 45.85 4240
197 P 14.66 45.93 3870
198 P 14.62 46.00 4441
199 P 14.76 45.92 4967
200 P 14.79 45.99 5915
201 P 14.76 45.96 4650
202 P 14.65 45.89 5724
203 P 14.82 45.90 6204
204 P 14.80 45.90 6314
205 P 14.77 45.83 6297
206 P 14.60 45.83 6858
207 P 14.76 45.86 7271
208 P 14.65 45.88 7219
209 P 14.60 45.91 7317
210 P 14.71 45.92 6454
211 P 14.59 45.95 6358
212 P 14.71 45.93 6217
213 P 14.72 45.87 7011
214 P 14.64 45.82 7467
215 P 14.57 45.81 7069
216 P 14.73 45.95 6485
217 P 14.65 45.92 5216
218 P 14.48 45.97 3466
219 P 14.76 46.02 3311
220 P 14.78 45.98 4830
221 P 15.00 45.95 5367
222 P 14.99 45.87 5671
223 P 14.89 45.76 5944
224 P 14.88 45.82 6461
225 P 14.94 45.73 7159
226 P 15.25 45.66 6751
227 P 15.07 45.62 5993
228 P 15.26 45.60 6296
229 P 15.26 45.60 6280
230 P 15.12 45.65 6135
231 P 15.01 45.68 5809
232 P 15.02 45.74 5982
233 P 15.02 45.76 4855
234 P 14.94 45.85 4490
235 P 15.05 45.81 3348
236 P 14.85 45.84 2910
237 P 14.88 45.81 3915
238 P 14.86 45.69 4410
239 P 14.90 45.68 5570
240 P 15.03 45.66 4403
241 P 14.96 45.67 3018
242 P 15.21 45.71 3713
243 P 15.18 45.67 3408
244 P 14.92 45.77 2429
245 P 14.91 45.87 2827
246 P 14.97 45.88 2340
247 P 14.97 45.97 2761
248 P 15.08 45.92 2872
249 P 14.92 45.93 2845
250 P 15.04 45.95 2272
251 P 14.69 45.98 2354
252 P 14.90 46.00 2411
253 P 14.85 46.00 2985
254 P 14.74 46.00 2717
255 P 15.08 46.00 2734
256 P 14.93 46.00 3126
257 P 14.86 46.04 2609
258 P 14.92 45.99 3851
259 P 14.69 45.99 3352
260 P 14.68 45.99 3572
261 P 14.74 45.98 3733
262 P 14.58 46.00 3889
263 P 14.50 46.08 3568
264 P 14.51 46.16 3651
265 P 14.44 46.26 2830
266 P 14.31 46.24 3388
267 P 14.34 46.25 3907
268 P 14.46 46.26 4277
269 P 14.21 46.25 5399
270 P 14.30 46.25 5729
271 P 14.44 46.23 4821
272 P 14.27 46.28 4735
273 P 14.21 46.27 5481
274 P 14.09 46.29 5794
275 P 14.16 46.29 5917
276 P 14.26 46.28 5985
277 P 14.16 46.35 5835
278 P 14.00 46.35 6649
279 P 14.12 46.33 8073
280 P 14.26 46.33 8457
281 P 14.06 46.35 8862
282 P 14.13 46.40 9120
283 P 14.17 46.36 9558
284 P 14.08 46.34 9327
285 P 14.13 46.25 9823
286 P 14.16 46.29 9949
287 P 14.17 46.25 9593
288 P 14.33 46.25 10209
289 P 14.26 46.25 11108
290 P 14.25 46.27 11247
291 P 14.50 46.20 10462
292 P 14.40 46.18 10436
293 P 14.53 46.19 10194
294 P 14.61 46.13 10416
295 P 14.70 46.02 10229
296 P 14.90 45.99 10506
297 P 15.03 45.83 10234
298 P 14.93 45.75 10150
299 P 15.07 45.65 9943
300 P 15.14 45.61 9586
301 P 15.30 45.61 9582
302 P 15.45 45.47 9411
303 P 15.48 45.43 9152
304 P 15.57 45.39 9128
305 P 15.56 45.34 9084
306 P 15.64 45.24 8467
307 P 15.77 45.24 8414
308 P 15.74 45.31 7627
309 P 15.96 45.31 6443
310 P 15.96 45.25 5980
311 P 16.02 45.25 6409
312 P 16.25 45.18 7113
313 P 16.38 45.12 7085
314 P 16.54 45.04 7257
315 P 16.55 44.97 7518
316 P 16.58 44.97 7735
317 P 16.38 44.89 6733
318 P 16.76 44.83 5429
319 P 16.71 44.80 5891
320 P 16.73 44.74 5976
321 P 16.84 44.69 6058
322 P 16.63 44.63 5796
323 P 16.89 44.62 5732
324 P 17.01 44.64 5619
325 P 16.88 44.61 5164
326 P 16.98 44.63 5190
327 P 17.08 44.62 4939
328 P 16.99 44.55 4871
329 P 17.24 44.51 4425
330 P 16.90 44.54 4210
331 P 17.14 44.52 3920
332 P 17.18 44.53 4162
333 P 16.96 44.53 4861
334 P 17.10 44.50 4987
335 P 17.20 44.54 5380
336 P 16.86 44.54 5373
337 P 17.25 44.46 5015
338 P 17.17 44.43 5282
339 P 16.99 44.55 5376
340 P 17.28 44.52 5155
341 P 17.06 44.51 5503
342 P 17.08 44.53 5613
343 P 17.04 44.52 4925
344 P 16.97 44.58 5401
345 P 17.14 44.60 5044
346 P 16.84 44.65 5034
347 P 17.06 44.61 5771
348 P 16.91 44.63 5778
349 P 16.99 44.61 5545
350 P 17.01 44.64 5424
351 P 17.05 44.66 3779
352 P 17.00 44.72 3568
353 P 17.10 44.64 3832
354 P 17.93 43.83 2301
