% Nframe | type | QP | PSNR | size (Bytes) 
0 I 41.41 30.76 3910
1 P 45.35 30.59 66
2 P 44.62 30.46 97
3 P 45.78 30.13 173
4 P 44.59 30.06 264
5 P 45.17 29.97 346
6 P 45.54 30.03 352
7 P 45.60 29.78 382
8 P 45.32 29.50 389
9 P 46.66 29.28 225
10 P 45.67 29.60 256
11 P 45.88 29.80 276
12 P 49.60 28.94 169
13 P 48.95 28.49 208
14 P 46.48 28.78 284
15 P 45.46 29.41 306
16 P 44.17 30.01 357
17 P 43.27 30.54 586
18 P 42.32 30.69 768
19 P 41.86 30.76 900
20 P 40.79 30.65 884
21 P 39.85 30.95 880
22 P 38.52 31.49 947
23 P 37.84 32.17 1179
24 P 36.31 32.48 1268
25 P 36.93 32.47 1411
26 P 36.34 32.77 1402
27 P 35.42 33.19 1312
28 P 35.65 33.55 1372
29 P 35.24 33.39 1409
30 P 37.05 33.46 1587
31 P 37.32 33.47 1575
32 P 36.14 33.68 1402
33 P 37.63 33.73 1204
34 P 36.79 33.59 1456
35 P 37.62 33.28 1479
36 P 37.10 33.21 1419
37 P 36.97 33.15 966
38 P 37.66 33.46 590
39 P 38.49 33.54 807
40 P 37.99 33.36 780
41 P 37.91 33.23 864
42 P 37.82 33.17 814
43 P 38.28 33.12 674
44 P 37.68 33.07 698
45 P 37.88 33.19 737
46 P 37.59 33.05 731
47 P 39.33 32.77 665
48 P 39.38 32.64 520
49 P 39.98 32.84 454
50 P 39.10 33.06 557
51 P 38.98 33.16 743
52 P 39.67 32.98 747
53 P 38.69 32.93 790
54 P 38.01 32.94 871
55 P 38.43 32.87 822
56 P 38.42 32.87 837
57 P 37.92 32.97 887
58 P 37.55 33.36 979
59 P 37.92 33.56 1303
60 P 37.37 33.82 1517
61 P 37.20 33.68 1670
62 P 37.40 33.41 1442
63 P 36.34 33.28 1584
64 P 36.35 33.29 1449
65 P 37.42 33.27 1202
66 P 37.11 33.30 1284
67 P 37.18 33.42 1165
68 P 37.09 33.45 1052
69 P 37.57 33.40 1208
70 P 36.74 33.32 1215
71 P 37.80 33.32 1241
72 P 38.54 33.17 1167
73 P 37.76 32.95 922
74 P 38.68 32.87 846
75 P 38.74 33.02 1016
76 P 38.47 33.39 1369
77 P 37.45 33.78 1619
78 P 37.67 34.04 1858
79 P 38.04 33.81 1820
80 P 37.60 33.36 1864
81 P 38.17 33.12 1880
82 P 38.37 32.89 1782
83 P 38.05 32.82 1565
84 P 37.63 33.02 1570
85 P 37.52 33.10 1507
86 P 37.22 33.25 1396
87 P 37.58 33.18 1306
88 P 37.46 33.20 1337
89 P 37.64 33.05 1367
90 P 38.35 32.79 1198
91 P 38.95 32.78 1120
92 P 38.63 32.77 1213
93 P 39.13 32.66 1147
94 P 39.62 32.54 923
95 P 38.64 32.52 961
96 P 38.53 32.44 722
97 P 39.18 32.43 642
98 P 38.93 32.24 777
99 P 39.16 32.12 772
100 P 39.49 31.96 780
101 P 39.51 31.93 673
102 P 39.24 31.92 707
103 P 39.93 32.29 978
104 P 39.44 32.21 957
105 P 38.67 32.00 1012
106 P 39.47 32.00 979
107 P 39.65 31.96 910
108 P 39.48 31.92 926
109 P 39.57 31.92 937
110 P 39.74 32.09 1080
111 P 39.06 31.97 971
112 P 39.38 31.98 875
113 P 38.72 32.17 857
114 P 39.50 32.29 737
115 P 39.15 32.45 700
116 P 40.58 32.45 703
117 P 40.33 32.42 773
118 P 40.45 32.55 894
119 P 39.48 32.24 907
120 P 40.05 32.11 867
121 P 40.19 32.11 817
122 P 38.65 32.10 842
123 P 39.72 32.24 774
124 P 40.49 32.37 767
125 P 40.06 32.28 780
126 P 38.90 32.22 810
127 P 39.33 32.13 810
128 P 38.47 32.36 1064
129 P 38.91 32.66 1109
130 P 38.04 33.15 1310
131 P 37.85 33.13 1139
132 P 38.40 32.83 1234
133 P 38.82 32.58 1189
134 P 38.93 32.54 1021
135 P 39.16 32.49 853
136 P 39.05 32.42 995
137 P 38.70 32.42 982
138 P 39.57 32.32 728
139 P 39.79 32.53 633
140 P 39.44 32.63 756
141 P 39.53 32.74 955
142 P 37.92 32.81 1109
143 P 38.73 33.08 1026
144 P 37.95 33.48 1284
145 P 38.52 33.67 1326
146 P 39.51 33.80 1447
147 P 39.32 33.68 1840
148 P 38.53 33.16 1902
149 P 38.36 32.82 2083
150 P 38.51 32.87 2150
151 P 37.60 33.16 2093
152 P 37.33 33.58 1726
153 P 37.38 34.00 1808
154 P 37.06 34.02 1915
155 P 36.55 34.30 1904
156 P 36.31 34.46 2020
157 P 36.25 34.39 2201
158 P 36.40 34.65 2681
159 P 36.29 34.78 3029
160 P 36.58 35.22 3346
161 P 37.02 35.41 3398
162 P 36.59 36.04 3033
163 P 36.13 36.60 2988
164 P 35.56 36.98 2823
165 P 35.04 37.87 2505
166 P 35.00 37.65 2350
167 P 36.48 37.72 2310
168 P 35.52 37.49 2274
169 P 36.32 36.86 2426
170 P 37.05 36.41 2646
171 P 35.93 36.60 3097
172 P 37.04 36.33 3009
173 P 36.89 36.33 3072
174 P 39.90 34.95 3063
175 P 39.15 33.40 1958
176 P 39.21 33.10 1732
177 P 38.94 32.71 1491
178 P 40.20 32.77 1696
179 P 39.95 32.25 1586
180 P 40.27 32.04 1754
181 P 40.48 31.58 1607
182 P 40.14 31.45 1722
183 P 40.97 31.00 1636
184 P 41.41 30.49 1617
185 P 42.02 30.02 1452
186 P 41.80 29.56 1422
187 P 42.36 29.31 1550
188 P 41.81 29.28 1442
189 P 41.70 29.43 1458
190 P 41.64 29.31 1423
191 P 41.89 29.29 1426
192 P 42.47 29.08 1355
193 P 42.42 28.90 1343
194 P 42.55 28.64 1326
195 P 42.61 28.36 1122
196 P 43.42 28.11 1180
197 P 43.39 27.73 1286
198 P 43.54 27.68 1238
199 P 43.37 27.44 1298
200 P 44.07 27.31 1088
201 P 44.07 26.68 1087
202 P 44.32 26.10 1076
203 P 44.64 25.50 1512
204 P 45.36 25.03 1478
205 P 44.55 24.72 1207
206 P 45.07 24.52 1304
207 P 45.58 24.11 1183
208 P 45.97 24.02 650
209 P 45.85 24.08 626
210 P 45.69 24.03 323
211 P 46.15 24.06 391
212 P 46.41 23.95 454
213 P 45.93 24.07 608
214 P 45.94 24.07 513
215 P 45.10 24.02 558
216 P 46.03 24.03 603
217 P 45.91 24.08 410
218 P 45.62 24.08 256
219 P 46.96 24.08 125
220 P 46.71 24.11 94
221 P 45.92 24.14 114
222 P 45.58 24.16 106
223 P 45.79 24.21 111
224 P 45.67 24.22 96
225 P 46.90 24.31 71
226 P 44.72 24.39 86
227 P 46.52 24.45 101
228 P 45.68 24.42 72
229 P 45.27 24.47 157
230 P 45.32 24.47 141
231 P 46.12 24.48 75
232 P 44.63 24.50 97
233 P 45.95 24.53 106
234 P 45.14 24.54 113
235 P 45.33 24.56 136
236 P 44.56 24.57 105
237 P 43.66 24.56 112
238 P 45.63 24.57 124
239 P 45.21 24.55 132
240 P 45.55 24.57 206
241 P 44.58 24.61 261
242 P 45.10 24.64 200
243 P 45.75 24.61 216
244 P 44.52 24.67 378
245 P 44.48 24.72 265
246 P 44.63 24.76 181
247 P 46.65 24.70 30
% Nframe | type | QP | PSNR | size (Bytes) 
25 P 39.23 30.18 333
26 P 38.00 30.36 1019
27 P 41.00 30.26 652
28 P 38.72 30.34 767
29 P 38.28 30.50 1063
30 P 38.12 30.67 895
31 P 40.12 30.77 300
32 P 40.35 30.77 802
33 P 40.45 30.82 816
34 P 38.38 30.88 1337
35 P 39.16 30.86 1029
36 P 40.00 30.66 850
37 P 39.94 30.74 1142
38 P 39.64 30.75 357
39 P 37.21 30.73 1501
40 P 38.27 30.75 1124
41 P 37.60 30.81 1083
42 P 37.60 30.91 1172
43 P 36.24 31.02 1319
44 P 36.64 31.05 1057
45 P 38.92 31.15 1202
46 P 39.87 31.13 1007
47 P 39.38 31.17 1064
48 P 39.39 31.33 1554
49 P 37.92 31.35 367
50 P 39.43 31.35 1055
51 P 39.52 31.34 1016
52 P 39.34 31.19 968
53 P 39.60 31.17 1159
54 P 37.69 31.26 2907
55 P 39.56 31.26 374
56 P 38.94 31.08 856
57 P 37.98 30.97 943
58 P 39.19 31.03 1347
59 P 39.16 30.96 973
60 P 39.34 31.01 1053
61 P 38.60 31.08 1116
62 P 39.15 30.99 1145
63 P 38.50 31.05 1189
64 P 38.63 31.03 1056
65 P 39.32 31.07 1131
66 P 40.32 30.93 906
67 P 39.68 31.05 1164
68 P 39.61 31.00 1134
69 P 38.97 31.01 1112
70 P 39.49 30.99 1207
71 P 39.45 30.89 1084
72 P 39.11 31.12 1599
73 P 38.67 31.15 340
74 P 39.82 30.93 1069
75 P 40.36 31.04 1123
76 P 39.89 30.92 993
77 P 39.06 31.03 1244
78 P 40.76 31.10 891
79 P 38.95 31.16 351
80 P 40.28 30.98 958
81 P 40.05 30.93 809
82 P 40.41 31.01 1177
83 P 40.85 30.99 847
84 P 38.77 31.00 920
85 P 40.07 31.01 1026
86 P 38.94 30.96 911
87 P 38.53 30.94 955
88 P 41.13 31.03 1062
89 P 40.04 31.02 825
90 P 41.03 31.03 828
91 P 40.57 31.03 957
92 P 39.41 31.06 1008
93 P 39.59 31.05 1021
94 P 40.10 30.99 1044
95 P 38.15 31.00 1074
96 P 39.43 31.25 1598
97 P 38.94 31.17 249
98 P 39.09 31.11 1109
99 P 36.73 31.16 1261
100 P 39.31 31.05 1163
101 P 38.98 31.01 1610
102 P 39.25 31.13 1461
103 P 37.54 31.16 425
104 P 38.78 31.05 1153
105 P 37.88 31.21 1537
106 P 37.35 31.17 1176
107 P 39.08 31.16 1241
108 P 39.28 31.01 1085
109 P 39.60 31.31 2391
110 P 39.81 31.29 1097
111 P 39.58 31.30 1214
112 P 39.70 31.24 856
113 P 39.73 31.15 828
114 P 40.50 31.22 909
115 P 39.68 31.25 954
116 P 39.17 31.19 960
117 P 39.75 31.19 1060
118 P 39.83 31.14 959
119 P 39.22 31.03 954
120 P 39.37 31.05 920
121 P 40.94 30.99 797
122 P 41.10 31.00 856
123 P 40.83 31.09 909
124 P 39.64 31.16 1004
125 P 39.85 31.19 253
126 P 40.42 31.18 753
127 P 40.17 31.15 686
128 P 39.77 31.19 814
129 P 40.42 31.21 716
130 P 39.14 31.25 789
131 P 40.22 31.22 235
132 P 40.33 31.19 883
133 P 39.69 31.22 1070
134 P 39.28 31.22 836
135 P 40.44 31.17 775
136 P 40.25 31.20 711
137 P 40.54 31.28 653
138 P 40.87 31.29 632
139 P 41.28 31.25 651
140 P 40.69 31.29 636
141 P 40.71 31.29 631
142 P 39.64 31.43 918
143 P 38.08 31.39 277
144 P 40.02 31.38 726
145 P 40.35 31.38 623
146 P 40.21 31.32 568
147 P 40.00 31.33 848
148 P 39.51 31.46 802
149 P 38.74 31.47 190
150 P 39.86 31.44 636
151 P 41.20 31.42 557
152 P 39.93 31.50 868
153 P 39.78 31.48 780
154 P 39.19 31.55 910
155 P 38.03 31.57 329
156 P 39.52 31.50 785
157 P 39.34 31.57 1251
158 P 38.79 31.58 871
159 P 38.96 31.52 838
160 P 38.77 31.57 972
161 P 37.89 31.58 971
162 P 39.11 31.58 732
163 P 39.18 31.74 2614
164 P 37.22 31.70 1143
165 P 37.23 31.66 925
166 P 38.76 31.83 1480
167 P 36.06 31.85 266
168 P 38.43 31.75 1069
169 P 38.29 31.72 1012
170 P 39.39 31.70 1084
171 P 38.73 31.71 1425
172 P 38.85 31.76 1260
173 P 38.83 31.75 434
174 P 38.41 31.69 1243
175 P 39.22 31.69 1072
176 P 38.65 31.77 1561
177 P 38.82 31.76 1116
178 P 38.94 31.83 1149
179 P 38.90 31.83 270
180 P 39.29 31.72 868
181 P 38.14 31.79 1229
182 P 38.64 31.75 885
183 P 38.89 31.75 929
184 P 39.21 31.75 880
185 P 38.62 31.80 976
186 P 39.08 31.81 1023
187 P 38.69 31.82 1001
188 P 38.79 31.79 947
189 P 38.89 31.73 807
190 P 38.50 31.80 1426
191 P 37.52 31.84 318
192 P 38.48 31.75 825
193 P 38.04 31.77 1022
194 P 38.81 31.73 930
195 P 38.38 31.81 1208
196 P 37.88 31.90 1146
197 P 38.70 31.93 399
198 P 38.62 31.85 955
199 P 38.19 31.86 987
200 P 38.50 31.90 1331
201 P 38.01 31.83 1046
202 P 39.18 31.90 1145
203 P 38.11 31.90 517
204 P 38.92 31.86 1262
205 P 38.87 31.83 1015
206 P 38.83 31.82 836
207 P 38.64 31.87 906
208 P 38.02 31.85 824
209 P 39.17 31.76 697
210 P 38.49 32.27 2037
211 P 38.03 32.17 784
212 P 38.69 32.22 958
213 P 38.92 32.20 980
214 P 37.55 32.34 1628
215 P 37.64 32.37 272
216 P 36.83 32.29 1088
217 P 38.12 32.22 1078
218 P 38.34 32.23 983
219 P 38.38 32.20 1287
220 P 39.50 32.31 1044
221 P 36.89 32.33 243
222 P 38.68 32.30 885
223 P 39.03 32.33 1071
224 P 38.40 32.25 1397
225 P 38.92 32.27 1280
226 P 38.62 32.33 1378
227 P 37.69 32.35 338
228 P 39.10 32.27 1531
229 P 37.77 32.25 1112
230 P 38.40 32.25 1025
231 P 38.14 32.27 1000
232 P 38.59 32.21 876
233 P 38.47 32.18 861
234 P 37.54 32.24 831
235 P 37.61 32.21 866
236 P 37.73 32.22 867
237 P 38.42 32.12 996
238 P 37.18 32.22 1533
239 P 38.00 32.18 315
240 P 37.86 32.08 1179
241 P 37.54 32.11 1244
242 P 38.64 32.07 1071
243 P 38.41 32.17 1583
244 P 37.18 32.25 1034
245 P 37.74 32.24 295
246 P 38.57 32.15 922
247 P 38.00 32.10 1099
248 P 38.41 32.09 925
249 P 37.89 32.10 979
250 P 37.53 32.06 910
251 P 37.84 32.08 320
252 P 38.68 32.06 1108
253 P 38.43 31.98 900
254 P 38.11 32.00 1031
255 P 41.18 31.69 710
% Nframe | type | QP | PSNR | size (Bytes) 
25 P 37.89 35.75 1957
26 P 38.63 34.92 1709
27 P 39.18 34.28 1869
28 P 39.52 33.28 1580
29 P 40.64 31.99 1216
30 P 41.57 31.98 814
31 P 41.81 32.11 894
32 P 41.89 32.22 1032
33 P 41.74 32.31 1113
34 P 40.95 32.39 975
35 P 41.17 32.34 887
36 P 41.99 32.44 725
37 P 41.69 32.31 666
38 P 42.79 32.14 741
39 P 43.83 31.71 624
40 P 43.44 31.18 670
41 P 43.61 31.01 591
42 P 43.50 30.94 484
43 P 43.73 30.69 421
44 P 43.60 30.80 476
45 P 43.98 31.17 576
46 P 43.68 31.12 700
47 P 43.23 31.17 704
48 P 43.18 31.41 758
49 P 42.76 31.29 664
50 P 42.42 31.26 773
51 P 43.11 31.34 846
52 P 42.95 31.30 858
53 P 42.74 31.34 810
54 P 42.02 31.52 837
55 P 41.99 31.55 645
56 P 41.35 31.58 597
57 P 41.83 31.57 568
58 P 41.40 31.51 610
59 P 42.06 31.74 473
60 P 41.70 31.66 508
61 P 41.04 31.72 686
62 P 41.40 31.58 642
63 P 41.49 31.60 576
64 P 42.04 31.43 578
65 P 41.63 31.43 587
66 P 41.85 31.36 326
67 P 41.93 31.44 310
68 P 41.45 31.62 437
69 P 42.26 31.59 389
70 P 42.01 31.74 520
71 P 41.44 31.83 643
72 P 41.29 31.84 625
73 P 41.50 31.79 592
74 P 40.97 31.75 590
75 P 41.30 31.83 562
76 P 40.92 31.90 547
77 P 40.72 32.01 555
78 P 40.41 32.19 698
79 P 40.20 32.12 602
80 P 40.26 32.23 594
81 P 40.39 32.16 364
82 P 40.01 32.26 271
83 P 40.79 32.41 229
84 P 39.49 32.52 293
85 P 40.41 32.56 386
86 P 39.83 32.66 417
87 P 39.85 32.76 579
88 P 39.72 32.84 600
89 P 39.48 32.75 589
90 P 39.54 32.72 623
91 P 39.03 32.59 583
92 P 38.44 32.54 563
93 P 38.94 32.53 562
94 P 39.22 32.57 568
95 P 38.12 32.69 686
96 P 37.28 32.73 575
97 P 38.17 32.74 590
98 P 38.00 32.89 717
99 P 37.38 32.98 705
100 P 37.82 33.13 548
101 P 38.22 33.20 464
102 P 37.17 33.14 669
103 P 36.71 33.25 639
104 P 37.61 33.16 519
105 P 37.23 33.07 441
106 P 37.15 33.13 537
107 P 36.73 33.15 324
108 P 33.27 33.25 266
109 P 36.29 33.31 372
110 P 36.95 33.29 330
111 P 36.28 33.29 308
112 P 36.19 33.33 402
113 P 36.39 33.43 439
114 P 36.97 33.47 399
115 P 35.99 33.43 250
116 P 35.93 33.56 169
117 P 34.08 33.67 204
118 P 36.56 33.70 282
119 P 36.92 33.74 379
120 P 36.72 33.83 402
121 P 36.17 33.87 471
122 P 36.55 33.98 497
123 P 36.31 33.95 484
124 P 36.51 33.97 506
125 P 35.76 34.11 557
126 P 35.64 34.17 358
127 P 36.04 34.23 366
128 P 35.40 34.29 392
129 P 35.57 34.34 469
130 P 34.69 34.35 486
131 P 34.46 34.43 480
132 P 35.20 34.47 498
133 P 33.59 34.50 333
134 P 34.38 34.59 458
135 P 34.59 34.64 491
136 P 35.12 34.65 500
137 P 34.57 34.68 497
138 P 33.94 34.76 517
139 P 32.98 34.82 525
140 P 33.73 34.89 226
141 P 33.93 34.95 232
142 P 33.17 35.01 363
143 P 32.80 35.04 431
144 P 33.17 35.10 322
145 P 33.52 35.16 280
146 P 33.66 35.23 380
147 P 32.44 35.27 340
148 P 32.23 35.30 237
149 P 32.49 35.32 393
150 P 33.65 35.37 485
151 P 33.41 35.39 486
152 P 33.37 35.43 631
153 P 33.00 35.49 645
154 P 33.07 35.54 608
155 P 32.69 35.64 637
156 P 32.74 35.72 479
157 P 32.30 35.76 472
158 P 31.71 35.81 431
159 P 31.79 35.89 407
160 P 31.19 35.99 515
161 P 31.34 36.01 593
162 P 30.40 36.07 394
163 P 31.23 36.12 534
164 P 29.73 36.16 547
165 P 30.72 36.19 434
166 P 32.03 36.22 383
167 P 30.16 36.23 443
168 P 30.86 36.25 458
169 P 30.74 36.27 497
170 P 29.96 36.39 506
171 P 31.94 36.42 318
172 P 30.72 36.48 385
173 P 31.56 36.51 441
174 P 31.54 36.52 453
175 P 30.67 36.56 511
176 P 31.00 36.59 708
177 P 30.69 36.67 606
178 P 30.23 36.76 591
179 P 30.61 36.79 421
180 P 29.39 36.82 503
181 P 30.50 36.83 556
182 P 30.43 36.90 619
183 P 30.14 36.92 464
184 P 30.11 37.00 539
185 P 29.58 37.07 414
186 P 30.09 37.12 316
187 P 28.92 37.22 583
188 P 28.63 37.20 396
189 P 29.24 37.18 557
190 P 29.66 37.23 739
191 P 29.25 37.30 888
192 P 29.41 37.36 962
193 P 29.95 37.41 882
194 P 29.39 37.45 892
195 P 29.48 37.50 744
196 P 28.92 37.53 622
197 P 29.18 37.57 534
198 P 29.26 37.61 668
199 P 28.77 37.62 593
200 P 30.08 37.64 760
201 P 29.87 37.70 687
202 P 29.95 37.68 672
203 P 29.87 37.76 737
204 P 29.30 37.84 806
205 P 29.56 37.89 740
206 P 28.81 37.95 786
207 P 29.26 37.93 802
208 P 29.72 37.94 800
209 P 28.69 37.89 829
210 P 29.00 37.93 846
211 P 29.34 37.96 815
212 P 29.68 37.99 835
213 P 29.60 38.05 1065
214 P 29.04 38.06 1187
215 P 28.73 38.06 1033
216 P 29.35 38.11 804
217 P 28.51 38.16 872
218 P 28.15 38.21 696
219 P 28.17 38.22 629
220 P 29.59 38.25 744
221 P 28.96 38.23 758
222 P 28.58 38.21 726
223 P 28.85 38.28 769
224 P 28.81 38.31 797
225 P 29.31 38.33 769
226 P 28.98 38.36 782
227 P 29.06 38.35 669
228 P 29.00 38.32 803
229 P 28.83 38.28 847
230 P 28.97 38.27 825
231 P 29.16 38.35 748
232 P 29.07 38.40 996
233 P 28.49 38.42 803
234 P 28.31 38.45 615
235 P 28.50 38.49 635
236 P 27.69 38.53 466
237 P 28.25 38.60 883
238 P 28.51 38.56 838
239 P 28.68 38.54 852
240 P 28.58 38.54 897
241 P 28.26 38.56 655
242 P 27.70 38.60 721
243 P 28.62 38.63 630
244 P 27.07 38.66 384
245 P 28.59 38.67 481
246 P 28.64 38.68 369
247 P 27.66 38.72 322
248 P 28.63 38.74 364
249 P 27.58 38.76 390
250 P 28.47 38.81 362
251 P 27.64 38.84 336
252 P 27.96 38.85 325
253 P 29.30 38.85 354
254 P 27.47 38.84 292
255 P 27.98 38.87 437
256 P 28.07 38.86 451
257 P 27.45 38.89 403
258 P 27.94 38.86 495
259 P 28.83 38.88 573
260 P 27.92 38.90 660
261 P 27.92 38.94 559
262 P 28.49 38.92 519
263 P 27.59 38.94 525
264 P 27.85 38.97 563
265 P 27.50 39.01 443
266 P 28.08 38.98 379
267 P 27.58 38.99 526
268 P 27.79 38.98 537
269 P 27.43 39.00 770
270 P 27.56 38.96 773
271 P 27.71 39.03 823
272 P 27.43 39.02 957
273 P 27.34 38.99 872
274 P 28.01 39.00 994
275 P 27.44 39.01 863
276 P 27.92 38.99 955
277 P 27.36 39.02 887
278 P 27.77 39.08 1238
279 P 27.45 39.08 1247
280 P 27.03 39.09 1458
281 P 27.51 39.12 1581
282 P 27.33 39.15 1822
283 P 27.22 39.17 1935
284 P 27.24 39.18 2089
285 P 27.20 39.15 2107
286 P 27.17 39.21 2233
287 P 27.08 39.30 2149
288 P 27.29 39.47 2477
289 P 27.15 39.45 2774
290 P 26.78 39.46 2928
291 P 26.95 39.50 2769
292 P 27.06 39.51 2702
293 P 26.81 39.55 2762
294 P 26.92 39.50 2838
295 P 26.69 39.46 2883
296 P 27.24 39.49 2815
297 P 26.71 39.45 3072
298 P 26.72 39.42 3278
299 P 27.05 39.34 3167
300 P 27.28 39.30 2955
301 P 27.04 39.32 3113
302 P 27.27 39.16 2809
303 P 27.90 39.13 2653
304 P 27.76 39.09 2692
305 P 28.14 38.98 2539
306 P 28.63 38.86 2524
307 P 28.62 38.84 2167
308 P 28.70 38.95 2048
309 P 29.03 38.96 1623
310 P 28.62 38.86 1300
311 P 28.96 38.79 1465
312 P 29.65 38.70 1384
313 P 29.54 38.60 1562
314 P 30.09 38.50 1599
315 P 30.15 38.45 1761
316 P 30.30 38.28 1601
317 P 30.50 38.06 1412
318 P 30.39 37.99 1232
319 P 30.80 37.90 1078
320 P 30.80 37.83 1138
321 P 30.83 37.79 1193
322 P 31.07 37.75 1072
323 P 31.00 37.76 1114
324 P 30.96 37.70 1181
325 P 30.76 37.69 1021
326 P 30.84 37.69 1078
327 P 31.14 37.60 920
328 P 30.86 37.55 921
329 P 31.16 37.54 889
330 P 31.24 37.54 728
331 P 30.55 37.58 741
332 P 30.69 37.65 780
333 P 31.16 37.66 815
334 P 31.02 37.63 866
335 P 31.50 37.74 961
336 P 30.98 37.71 949
337 P 30.87 37.68 950
338 P 30.82 37.71 988
339 P 30.79 37.66 926
340 P 30.68 37.69 1016
341 P 30.83 37.71 952
342 P 30.70 37.67 991
343 P 31.12 37.58 888
344 P 31.32 37.60 857
345 P 31.49 37.64 892
346 P 31.44 37.68 922
347 P 31.15 37.64 1064
348 P 31.08 37.70 1092
349 P 30.92 37.72 1042
350 P 30.89 37.72 1009
351 P 30.90 37.71 626
352 P 31.40 37.73 411
353 P 31.00 37.76 684
354 P 32.32 37.37 355
