% Nframe | type | QP | PSNR | size (Bytes) 
0 I 44.34 28.52 1604
1 P 45.00 28.37 21
2 P 49.03 28.24 40
3 P 47.56 28.03 66
4 P 48.08 27.77 121
5 P 47.24 27.62 148
6 P 46.91 27.46 170
7 P 48.04 27.17 164
8 P 48.63 27.09 122
9 P 47.04 26.98 78
10 P 47.33 27.40 98
11 P 48.69 27.49 86
12 P 49.82 27.44 75
13 P 50.17 27.27 82
14 P 49.45 27.48 115
15 P 46.71 27.81 78
16 P 46.03 28.22 186
17 P 44.99 28.60 258
18 P 43.91 28.78 403
19 P 42.89 28.96 408
20 P 43.08 28.96 378
21 P 41.07 29.29 381
22 P 40.35 29.81 423
23 P 40.10 30.46 587
24 P 38.82 30.89 673
25 P 38.53 31.02 675
26 P 39.12 31.12 570
27 P 36.60 31.73 832
28 P 37.56 32.04 699
29 P 37.50 31.94 615
30 P 36.72 31.86 670
31 P 37.50 32.01 812
32 P 37.45 32.19 696
33 P 38.06 32.34 634
34 P 38.23 32.11 717
35 P 37.84 31.92 800
36 P 37.86 31.78 751
37 P 37.85 31.81 547
38 P 37.33 32.18 326
39 P 38.45 32.16 352
40 P 38.72 32.07 391
41 P 39.76 31.95 410
42 P 38.95 31.84 420
43 P 39.39 31.79 366
44 P 37.08 31.72 351
45 P 39.01 31.90 397
46 P 38.99 31.61 336
47 P 38.61 31.46 341
48 P 40.29 31.32 267
49 P 39.57 31.45 237
50 P 40.17 31.72 326
51 P 39.20 31.78 369
52 P 38.67 31.68 413
53 P 39.42 31.69 391
54 P 38.72 31.63 442
55 P 39.10 31.53 400
56 P 39.16 31.53 415
57 P 38.22 31.60 495
58 P 38.35 31.89 473
59 P 38.58 32.15 637
60 P 38.08 32.40 797
61 P 37.83 32.22 902
62 P 38.06 32.06 784
63 P 37.74 31.93 756
64 P 37.49 31.86 687
65 P 37.82 31.84 596
66 P 37.99 31.86 695
67 P 37.53 31.99 627
68 P 36.97 32.06 571
69 P 38.06 31.98 606
70 P 37.98 31.88 581
71 P 37.79 31.96 687
72 P 38.33 31.86 658
73 P 38.33 31.71 470
74 P 39.30 31.62 361
75 P 39.16 31.67 541
76 P 39.11 31.87 623
77 P 38.42 32.29 823
78 P 38.57 32.50 928
79 P 37.89 32.33 960
80 P 38.85 31.92 876
81 P 38.80 31.65 911
82 P 38.26 31.59 962
83 P 39.01 31.60 901
84 P 39.12 31.46 698
85 P 38.07 31.60 783
86 P 38.00 31.76 697
87 P 37.94 31.74 685
88 P 38.44 31.76 687
89 P 39.31 31.56 703
90 P 40.42 31.48 643
91 P 40.11 31.42 531
92 P 39.47 31.23 529
93 P 40.75 31.12 621
94 P 40.42 31.05 468
95 P 39.59 31.03 460
96 P 39.62 31.06 375
97 P 41.39 31.02 348
98 P 40.12 30.92 331
99 P 40.56 30.78 389
100 P 39.66 30.67 362
101 P 39.47 30.64 353
102 P 40.96 30.61 334
103 P 40.54 30.82 449
104 P 39.65 30.84 498
105 P 39.71 30.70 556
106 P 40.42 30.71 453
107 P 40.12 30.46 428
108 P 39.47 30.59 451
109 P 40.84 30.61 477
110 P 39.17 30.69 547
111 P 40.30 30.76 533
112 P 39.87 30.70 400
113 P 40.22 30.72 371
114 P 40.23 30.91 402
115 P 39.80 31.01 338
116 P 40.13 30.99 352
117 P 40.33 30.97 374
118 P 40.88 31.03 436
119 P 40.33 30.86 440
120 P 41.58 30.72 368
121 P 40.90 30.81 444
122 P 40.69 30.80 414
123 P 41.13 30.85 356
124 P 41.18 30.84 364
125 P 41.37 30.81 365
126 P 40.69 30.73 377
127 P 40.31 30.75 370
128 P 40.80 30.94 504
129 P 40.26 31.16 530
130 P 39.78 31.68 628
131 P 39.28 31.78 579
132 P 38.87 31.42 614
133 P 40.15 31.34 580
134 P 39.49 31.24 497
135 P 39.84 31.15 399
136 P 39.04 31.10 440
137 P 39.15 31.11 519
138 P 40.76 30.99 336
139 P 39.62 31.07 332
140 P 39.44 31.32 404
141 P 40.09 31.44 471
142 P 39.63 31.61 565
143 P 38.98 31.88 560
144 P 39.76 31.99 545
145 P 39.01 32.17 715
146 P 39.57 32.41 830
147 P 39.56 32.33 986
148 P 38.37 31.75 1011
149 P 39.26 31.53 1061
150 P 39.56 31.58 1133
151 P 39.08 31.97 1096
152 P 38.84 32.11 913
153 P 38.67 32.38 968
154 P 37.38 32.59 1000
155 P 36.20 32.68 996
156 P 37.79 32.97 1065
157 P 36.71 32.96 986
158 P 37.25 32.91 1129
159 P 37.17 33.00 1216
160 P 37.25 33.25 1288
161 P 37.37 33.36 1181
162 P 36.92 34.17 1362
163 P 37.98 34.54 1127
164 P 35.96 35.16 1198
165 P 36.14 36.08 1061
166 P 35.96 35.87 1063
167 P 36.20 35.71 1087
168 P 36.80 35.79 1078
169 P 38.14 35.08 1104
170 P 36.70 34.25 1202
171 P 38.35 34.33 1176
172 P 37.54 33.39 974
173 P 38.37 33.16 941
174 P 40.58 32.63 1076
175 P 39.65 31.85 906
176 P 39.62 31.93 1009
177 P 39.68 31.78 873
178 P 40.50 31.67 907
179 P 41.30 31.13 824
180 P 40.26 30.91 831
181 P 40.56 30.75 909
182 P 41.46 30.23 837
183 P 41.46 30.08 931
184 P 41.24 29.59 898
185 P 41.93 29.39 824
186 P 41.79 28.88 763
187 P 41.53 28.77 884
188 P 41.26 28.66 803
189 P 42.01 28.93 864
190 P 42.05 28.84 849
191 P 41.21 28.61 736
192 P 41.67 28.45 759
193 P 42.39 28.14 711
194 P 42.61 27.87 693
195 P 43.36 27.61 606
196 P 43.30 27.50 644
197 P 43.39 27.20 753
198 P 43.18 27.02 602
199 P 43.92 26.70 533
200 P 44.06 26.40 548
201 P 43.83 25.85 585
202 P 44.16 25.43 553
203 P 44.86 24.80 548
204 P 44.76 24.28 588
205 P 45.09 23.97 694
206 P 45.31 23.85 645
207 P 45.22 23.64 545
208 P 45.52 23.61 222
209 P 45.91 23.65 326
210 P 45.61 23.65 175
211 P 45.33 23.64 188
212 P 44.89 23.70 232
213 P 46.23 23.62 222
214 P 45.76 23.63 232
215 P 45.90 23.66 243
216 P 45.38 23.74 214
217 P 46.03 23.76 154
218 P 45.81 23.74 89
219 P 42.80 23.73 66
220 P 45.57 23.76 48
221 P 45.04 23.78 59
222 P 44.97 23.78 41
223 P 44.19 23.81 34
224 P 44.53 23.82 35
225 P 45.04 23.89 30
226 P 44.53 23.97 43
227 P 46.17 24.03 73
228 P 44.00 24.03 37
229 P 44.88 24.07 80
230 P 45.72 24.08 83
231 P 45.92 24.11 59
232 P 42.16 24.13 49
233 P 45.90 24.15 58
234 P 43.76 24.15 42
235 P 46.45 24.17 42
236 P 43.62 24.18 63
237 P 45.42 24.21 74
238 P 44.84 24.23 59
239 P 44.86 24.26 108
240 P 44.50 24.27 102
241 P 45.34 24.28 82
242 P 44.65 24.33 100
243 P 43.95 24.32 115
244 P 44.13 24.39 165
245 P 42.68 24.42 136
246 P 44.47 24.46 103
247 P 44.00 24.40 15
% Nframe | type | QP | PSNR | size (Bytes) 
25 P 41.19 27.81 143
26 P 42.06 27.89 425
27 P 42.68 27.97 420
28 P 42.44 28.04 415
29 P 40.95 28.25 566
30 P 38.33 28.35 469
31 P 35.97 28.36 120
32 P 39.89 28.42 431
33 P 41.19 28.50 448
34 P 40.05 28.49 720
35 P 40.48 28.50 548
36 P 42.81 28.33 439
37 P 41.26 28.35 578
38 P 40.95 28.37 148
39 P 39.79 28.28 751
40 P 39.51 28.37 587
41 P 40.05 28.53 575
42 P 41.16 28.50 534
43 P 39.84 28.57 663
44 P 40.33 28.56 546
45 P 39.75 28.71 575
46 P 40.29 28.72 553
47 P 40.80 28.69 513
48 P 41.36 28.74 732
49 P 40.84 28.76 154
50 P 39.82 28.79 537
51 P 41.26 28.83 508
52 P 41.36 28.68 428
53 P 41.41 28.55 544
54 P 40.09 28.77 1515
55 P 40.37 28.78 159
56 P 40.87 28.60 375
57 P 40.92 28.38 423
58 P 40.76 28.54 614
59 P 41.56 28.47 471
60 P 40.32 28.49 479
61 P 42.18 28.47 484
62 P 40.90 28.50 579
63 P 41.60 28.53 588
64 P 40.91 28.50 564
65 P 40.85 28.51 527
66 P 41.07 28.44 453
67 P 41.90 28.49 540
68 P 39.98 28.48 559
69 P 41.33 28.43 545
70 P 41.11 28.47 546
71 P 41.62 28.40 566
72 P 40.61 28.63 795
73 P 41.53 28.67 170
74 P 40.96 28.51 521
75 P 40.61 28.62 541
76 P 42.83 28.48 456
77 P 40.44 28.56 616
78 P 40.49 28.69 523
79 P 42.14 28.66 112
80 P 41.13 28.58 449
81 P 41.42 28.56 443
82 P 41.15 28.63 568
83 P 40.81 28.64 444
84 P 41.11 28.58 443
85 P 41.08 28.61 497
86 P 42.27 28.58 443
87 P 41.53 28.53 438
88 P 41.07 28.54 531
89 P 41.99 28.61 389
90 P 41.77 28.61 404
91 P 41.30 28.60 466
92 P 41.42 28.56 497
93 P 40.99 28.67 544
94 P 42.64 28.64 485
95 P 40.87 28.60 509
96 P 39.99 28.81 807
97 P 42.33 28.81 139
98 P 39.97 28.78 577
99 P 40.63 28.68 611
100 P 39.62 28.71 605
101 P 39.92 28.76 796
102 P 40.80 28.73 664
103 P 40.09 28.72 199
104 P 40.77 28.63 605
105 P 40.31 28.86 798
106 P 40.31 28.80 562
107 P 41.27 28.82 621
108 P 42.68 28.71 516
109 P 41.69 28.98 1200
110 P 41.17 28.99 564
111 P 40.87 28.97 539
112 P 41.08 28.94 431
113 P 41.26 28.80 346
114 P 42.08 28.86 394
115 P 41.67 28.91 439
116 P 40.63 28.95 483
117 P 41.09 28.94 504
118 P 41.23 28.91 485
119 P 41.52 28.86 450
120 P 42.21 28.86 442
121 P 41.47 28.85 393
122 P 42.06 28.83 335
123 P 42.19 28.84 448
124 P 41.05 28.89 474
125 P 41.50 28.86 106
126 P 41.42 28.81 360
127 P 41.38 28.90 345
128 P 41.53 28.97 409
129 P 42.16 28.96 321
130 P 41.29 29.08 370
131 P 41.36 29.10 118
132 P 42.00 28.97 373
133 P 41.76 29.05 506
134 P 42.25 29.07 360
135 P 41.07 29.09 381
136 P 41.47 28.98 337
137 P 41.25 29.05 304
138 P 42.38 29.10 332
139 P 41.23 29.13 311
140 P 42.32 29.12 263
141 P 41.77 29.12 321
142 P 40.59 29.27 470
143 P 41.43 29.29 130
144 P 38.84 29.19 290
145 P 41.99 29.17 290
146 P 40.77 29.11 249
147 P 41.04 29.03 338
148 P 39.31 29.22 380
149 P 40.59 29.29 109
150 P 41.62 29.24 283
151 P 40.83 29.27 317
152 P 41.05 29.37 439
153 P 39.77 29.31 345
154 P 39.95 29.35 435
155 P 40.77 29.40 159
156 P 39.92 29.31 359
157 P 37.86 29.43 670
158 P 40.30 29.45 440
159 P 40.13 29.50 489
160 P 39.64 29.51 507
161 P 38.98 29.53 490
162 P 39.97 29.54 346
163 P 38.86 29.65 1346
164 P 37.92 29.59 448
165 P 40.63 29.47 404
166 P 40.05 29.71 758
167 P 39.56 29.76 113
168 P 39.85 29.71 506
169 P 39.78 29.67 504
170 P 39.74 29.66 546
171 P 40.21 29.66 730
172 P 39.84 29.72 625
173 P 39.29 29.76 237
174 P 39.30 29.68 568
175 P 40.30 29.60 474
176 P 40.06 29.68 750
177 P 40.27 29.66 558
178 P 40.04 29.79 603
179 P 38.61 29.83 143
180 P 40.34 29.71 423
181 P 40.25 29.74 548
182 P 40.10 29.72 423
183 P 39.46 29.76 498
184 P 40.06 29.71 409
185 P 40.40 29.78 519
186 P 40.21 29.75 487
187 P 40.01 29.73 480
188 P 39.94 29.67 457
189 P 39.48 29.73 444
190 P 39.22 29.82 711
191 P 39.45 29.87 134
192 P 40.30 29.73 339
193 P 38.93 29.76 489
194 P 39.28 29.69 442
195 P 40.08 29.78 640
196 P 39.16 29.82 538
197 P 39.75 29.85 199
198 P 39.51 29.83 481
199 P 39.73 29.81 454
200 P 40.01 29.87 646
201 P 40.16 29.81 435
202 P 39.12 29.86 596
203 P 39.68 29.92 258
204 P 39.38 29.87 619
205 P 39.68 29.78 489
206 P 39.77 29.84 449
207 P 39.80 29.79 443
208 P 40.68 29.87 466
209 P 39.96 29.74 359
210 P 40.30 30.33 1076
211 P 40.38 30.32 411
212 P 39.94 30.28 480
213 P 38.87 30.23 537
214 P 40.37 30.46 917
215 P 38.50 30.47 102
216 P 39.82 30.32 584
217 P 38.81 30.26 564
218 P 39.42 30.24 558
219 P 40.11 30.30 748
220 P 39.92 30.39 500
221 P 40.32 30.44 98
222 P 40.42 30.32 456
223 P 40.95 30.30 570
224 P 40.03 30.30 757
225 P 40.27 30.29 643
226 P 39.74 30.43 791
227 P 40.18 30.36 130
228 P 38.77 30.31 838
229 P 39.09 30.30 563
230 P 39.53 30.29 461
231 P 38.70 30.30 458
232 P 40.01 30.22 399
233 P 40.33 30.25 467
234 P 39.55 30.29 417
235 P 39.12 30.24 418
236 P 39.40 30.31 449
237 P 39.45 30.16 431
238 P 39.34 30.33 816
239 P 39.38 30.36 177
240 P 40.20 30.19 563
241 P 39.26 30.17 631
242 P 40.75 30.10 548
243 P 39.28 30.16 774
244 P 38.72 30.18 551
245 P 39.43 30.22 182
246 P 39.86 30.12 486
247 P 39.57 30.17 616
248 P 39.14 30.12 460
249 P 39.37 30.06 474
250 P 39.28 30.08 485
251 P 39.65 30.12 152
252 P 39.22 30.07 559
253 P 39.42 29.99 424
254 P 39.76 29.97 478
255 P 41.24 29.74 366
% Nframe | type | QP | PSNR | size (Bytes) 
25 P 40.73 32.72 915
26 P 40.30 32.39 841
27 P 41.12 31.60 818
28 P 42.21 30.76 694
29 P 42.45 29.70 531
30 P 42.91 29.59 313
31 P 43.87 29.99 462
32 P 43.12 29.98 471
33 P 42.85 30.20 519
34 P 43.64 30.31 405
35 P 44.13 30.21 367
36 P 44.54 30.24 349
37 P 42.72 30.49 414
38 P 42.59 30.12 365
39 P 44.91 29.82 344
40 P 45.69 29.46 275
41 P 44.94 29.33 259
42 P 45.68 29.35 227
43 P 45.92 29.32 187
44 P 44.41 29.39 192
45 P 45.03 29.54 222
46 P 44.42 29.57 321
47 P 44.16 29.58 334
48 P 42.92 29.77 411
49 P 44.60 29.71 316
50 P 44.63 29.80 413
51 P 44.48 29.79 400
52 P 43.11 29.73 367
53 P 44.14 29.67 395
54 P 43.02 29.81 361
55 P 43.19 29.66 310
56 P 42.99 29.96 299
57 P 41.77 30.02 277
58 P 43.53 29.96 253
59 P 42.39 30.08 212
60 P 42.43 30.00 251
61 P 42.46 30.11 309
62 P 42.53 30.06 298
63 P 42.25 29.97 303
64 P 42.43 29.94 313
65 P 42.52 30.05 239
66 P 43.18 30.04 143
67 P 41.89 30.09 135
68 P 42.78 30.28 180
69 P 43.08 30.27 181
70 P 43.14 30.37 239
71 P 42.04 30.51 318
72 P 40.93 30.41 274
73 P 42.26 30.43 258
74 P 42.06 30.35 218
75 P 42.23 30.51 293
76 P 40.80 30.75 264
77 P 41.71 30.74 279
78 P 40.34 30.74 334
79 P 40.72 30.81 315
80 P 40.65 30.79 254
81 P 40.20 30.87 205
82 P 40.76 31.00 129
83 P 38.93 31.17 122
84 P 41.11 31.25 126
85 P 41.05 31.24 182
86 P 39.67 31.38 256
87 P 39.56 31.41 266
88 P 39.94 31.55 332
89 P 39.73 31.52 283
90 P 39.02 31.59 326
91 P 39.43 31.57 270
92 P 39.91 31.59 277
93 P 39.99 31.69 310
94 P 39.80 31.72 269
95 P 39.59 31.91 337
96 P 38.72 31.97 320
97 P 39.75 32.03 273
98 P 39.32 32.12 322
99 P 38.14 32.16 316
100 P 38.48 32.32 308
101 P 37.34 32.40 337
102 P 38.65 32.50 311
103 P 36.64 32.38 250
104 P 37.87 32.40 313
105 P 37.02 32.56 221
106 P 36.75 32.64 233
107 P 35.55 32.65 181
108 P 34.06 32.71 108
109 P 37.89 32.72 167
110 P 36.84 32.71 152
111 P 37.64 32.74 159
112 P 36.57 32.80 186
113 P 35.75 32.84 159
114 P 36.82 32.96 220
115 P 37.33 32.95 115
116 P 32.92 33.08 98
117 P 37.97 33.18 83
118 P 37.58 33.19 125
119 P 37.69 33.16 170
120 P 36.35 33.24 181
121 P 37.48 33.29 195
122 P 37.20 33.40 217
123 P 36.00 33.44 228
124 P 35.13 33.47 216
125 P 36.76 33.57 230
126 P 35.97 33.59 199
127 P 35.70 33.71 171
128 P 36.02 33.71 160
129 P 34.89 33.70 182
130 P 35.06 33.81 259
131 P 34.45 33.83 236
132 P 34.10 33.88 222
133 P 33.26 33.90 140
134 P 31.74 33.90 134
135 P 35.47 33.99 243
136 P 34.98 34.07 251
137 P 35.56 34.10 224
138 P 34.08 34.18 245
139 P 35.03 34.24 213
140 P 33.55 34.32 125
141 P 34.58 34.38 129
142 P 35.34 34.48 158
143 P 33.29 34.51 165
144 P 33.83 34.56 101
145 P 32.43 34.61 136
146 P 33.42 34.71 197
147 P 31.82 34.76 161
148 P 33.05 34.80 116
149 P 32.92 34.84 194
150 P 33.08 34.81 195
151 P 33.52 34.91 316
152 P 33.56 35.01 320
153 P 33.77 35.03 259
154 P 33.24 35.08 278
155 P 32.66 35.14 292
156 P 32.60 35.23 261
157 P 30.56 35.31 247
158 P 33.09 35.36 196
159 P 28.80 35.43 226
160 P 31.66 35.58 405
161 P 31.99 35.66 329
162 P 32.87 35.74 201
163 P 30.44 35.76 236
164 P 32.85 35.77 195
165 P 33.10 35.81 157
166 P 31.07 35.86 214
167 P 31.08 35.87 201
168 P 32.82 35.90 203
169 P 31.83 35.97 254
170 P 31.41 36.04 228
171 P 30.04 36.07 118
172 P 31.55 36.10 160
173 P 30.64 36.15 254
174 P 30.23 36.17 270
175 P 30.77 36.18 213
176 P 30.75 36.27 367
177 P 30.93 36.32 281
178 P 30.89 36.35 191
179 P 29.74 36.37 142
180 P 27.97 36.40 137
181 P 30.40 36.43 237
182 P 31.73 36.47 220
183 P 29.29 36.49 213
184 P 30.89 36.53 217
185 P 28.98 36.56 111
186 P 30.00 36.59 88
187 P 31.17 36.69 195
188 P 29.82 36.67 157
189 P 31.21 36.65 251
190 P 30.39 36.65 287
191 P 30.51 36.68 286
192 P 31.08 36.66 280
193 P 29.96 36.66 371
194 P 31.05 36.71 343
195 P 30.67 36.74 258
196 P 30.79 36.75 181
197 P 30.07 36.80 225
198 P 30.31 36.85 288
199 P 29.04 36.84 207
200 P 30.92 36.83 233
201 P 30.90 36.86 224
202 P 29.50 36.91 286
203 P 30.61 36.92 277
204 P 29.94 36.95 350
205 P 29.67 36.97 342
206 P 30.47 37.02 355
207 P 30.83 36.99 330
208 P 30.16 37.08 411
209 P 29.63 37.05 334
210 P 29.59 37.06 356
211 P 30.26 37.11 338
212 P 29.26 37.09 321
213 P 29.88 37.07 395
214 P 29.94 37.18 539
215 P 30.15 37.21 398
216 P 29.89 37.24 316
217 P 29.95 37.24 316
218 P 29.22 37.30 372
219 P 30.35 37.33 254
220 P 30.33 37.33 326
221 P 29.59 37.35 347
222 P 29.27 37.35 343
223 P 29.42 37.41 299
224 P 28.38 37.42 259
225 P 30.77 37.45 321
226 P 29.43 37.47 286
227 P 29.62 37.44 333
228 P 28.74 37.51 389
229 P 29.79 37.52 322
230 P 29.68 37.51 332
231 P 29.91 37.49 269
232 P 30.02 37.56 333
233 P 30.05 37.60 296
234 P 29.68 37.61 196
235 P 29.80 37.68 235
236 P 28.34 37.71 207
237 P 29.84 37.73 274
238 P 29.67 37.69 301
239 P 28.06 37.69 348
240 P 29.00 37.69 362
241 P 30.50 37.68 243
242 P 27.02 37.68 244
243 P 29.04 37.70 219
244 P 27.95 37.76 138
245 P 30.26 37.78 91
246 P 29.40 37.82 187
247 P 28.62 37.84 106
248 P 30.13 37.84 83
249 P 30.87 37.86 126
250 P 28.44 37.90 136
251 P 25.33 37.91 76
252 P 28.89 37.93 129
253 P 27.93 37.91 150
254 P 28.99 37.90 87
255 P 29.31 37.90 113
256 P 28.88 37.95 182
257 P 29.12 37.96 159
258 P 29.07 37.95 177
259 P 30.05 37.98 196
260 P 28.00 37.98 176
261 P 28.75 38.00 195
262 P 28.99 38.00 152
263 P 28.54 38.00 208
264 P 28.87 38.05 259
265 P 29.65 38.17 205
266 P 27.20 38.16 164
267 P 28.63 38.16 215
268 P 27.99 38.17 250
269 P 27.76 38.22 287
270 P 27.55 38.22 287
271 P 27.46 38.23 285
272 P 27.92 38.21 332
273 P 28.36 38.22 398
274 P 27.04 38.24 347
275 P 29.30 38.24 320
276 P 28.30 38.24 370
277 P 28.08 38.25 377
278 P 28.32 38.29 513
279 P 28.22 38.28 448
280 P 27.59 38.31 610
281 P 28.38 38.31 712
282 P 27.68 38.32 783
283 P 28.23 38.33 860
284 P 28.27 38.37 942
285 P 27.60 38.32 919
286 P 27.97 38.43 1051
287 P 27.97 38.50 1040
288 P 27.52 38.68 1204
289 P 27.83 38.61 1178
290 P 27.85 38.68 1411
291 P 27.79 38.68 1262
292 P 27.43 38.63 1186
293 P 27.58 38.66 1228
294 P 27.57 38.66 1232
295 P 27.60 38.60 1279
296 P 27.60 38.68 1448
297 P 27.35 38.60 1379
298 P 27.82 38.57 1379
299 P 27.73 38.52 1393
300 P 27.67 38.50 1283
301 P 28.02 38.49 1324
302 P 27.70 38.39 1245
303 P 28.38 38.44 1294
304 P 28.25 38.42 1323
305 P 28.09 38.42 1290
306 P 27.93 38.39 1254
307 P 28.20 38.46 1339
308 P 28.03 38.62 1271
309 P 28.03 38.67 1028
310 P 28.38 38.67 958
311 P 28.22 38.74 1098
312 P 27.62 38.72 1170
313 P 27.98 38.72 1196
314 P 28.01 38.73 1358
315 P 28.11 38.69 1308
316 P 27.88 38.69 1275
317 P 28.08 38.58 1152
318 P 29.00 38.47 779
319 P 28.95 38.39 726
320 P 28.76 38.28 670
321 P 28.87 38.17 786
322 P 28.62 38.08 637
323 P 29.24 38.07 705
324 P 29.70 38.02 649
325 P 29.65 37.95 617
326 P 29.13 37.93 647
327 P 29.75 37.87 581
328 P 30.22 37.78 485
329 P 30.38 37.77 403
330 P 30.39 37.73 332
331 P 30.40 37.67 337
332 P 29.88 37.69 474
333 P 29.59 37.69 422
334 P 30.63 37.66 456
335 P 29.91 37.69 478
336 P 30.47 37.61 462
337 P 30.72 37.63 556
338 P 30.41 37.56 461
339 P 30.86 37.52 510
340 P 29.89 37.48 586
341 P 30.37 37.54 542
342 P 30.71 37.49 518
343 P 29.61 37.45 535
344 P 30.16 37.43 472
345 P 30.33 37.54 567
346 P 30.31 37.56 514
347 P 30.37 37.56 610
348 P 30.13 37.66 596
349 P 30.29 37.63 565
350 P 30.76 37.55 460
351 P 29.76 37.55 283
352 P 30.28 37.63 314
353 P 30.39 37.62 388
354 P 31.56 37.22 176
