% Nframe | type | QP | PSNR | size (Bytes) 
0 I 37.90 35.04 16198
1 P 43.00 34.65 340
2 P 42.30 34.33 715
3 P 41.04 34.33 1180
4 P 41.31 34.33 1489
5 P 41.48 34.44 1343
6 P 41.22 34.45 1494
7 P 40.37 34.27 1510
8 P 41.15 33.99 1552
9 P 41.38 33.84 1360
10 P 41.29 34.03 1317
11 P 41.56 34.23 1511
12 P 45.12 32.98 723
13 P 47.77 31.21 641
14 P 46.65 31.45 1051
15 P 44.95 32.07 732
16 P 43.54 33.07 1192
17 P 41.80 33.69 1541
18 P 41.89 33.96 2141
19 P 40.77 33.91 2389
20 P 41.30 33.52 2264
21 P 40.32 33.58 1828
22 P 39.01 34.20 2160
23 P 38.03 34.73 3114
24 P 37.05 34.87 2986
25 P 36.46 34.80 3695
26 P 36.19 34.91 3529
27 P 35.74 35.37 3511
28 P 35.05 35.58 3395
29 P 35.29 35.44 3976
30 P 35.82 35.37 4604
31 P 35.06 35.43 4530
32 P 35.78 35.60 4335
33 P 35.50 35.61 3993
34 P 34.83 35.53 4796
35 P 35.38 35.34 5041
36 P 35.25 35.32 4891
37 P 35.29 35.18 3356
38 P 35.82 35.40 2350
39 P 35.44 35.49 2960
40 P 35.54 35.57 3143
41 P 36.54 35.38 2674
42 P 36.48 35.25 2693
43 P 36.15 35.17 2450
44 P 35.82 35.13 2474
45 P 36.83 35.18 2407
46 P 36.68 35.04 2427
47 P 37.86 34.69 2103
48 P 38.33 34.60 1877
49 P 38.62 34.74 1472
50 P 37.12 34.99 1891
51 P 37.30 35.01 2338
52 P 37.34 34.82 2387
53 P 37.20 34.83 2409
54 P 37.67 34.80 2573
55 P 37.79 34.67 2678
56 P 37.75 34.67 2603
57 P 36.97 34.81 2829
58 P 36.47 35.13 2989
59 P 36.76 35.33 3793
60 P 36.91 35.52 4752
61 P 36.08 35.45 4811
62 P 36.16 35.24 4405
63 P 36.38 35.05 4470
64 P 36.29 34.97 4013
65 P 36.08 34.85 3572
66 P 36.12 35.03 3711
67 P 35.54 35.20 3756
68 P 36.16 35.31 3308
69 P 35.92 35.21 3423
70 P 36.40 35.14 3524
71 P 36.10 35.08 3669
72 P 37.34 34.98 3473
73 P 37.59 34.74 3017
74 P 38.06 34.64 2611
75 P 37.49 34.91 3253
76 P 37.18 35.20 3783
77 P 36.69 35.57 4707
78 P 37.01 35.73 5175
79 P 37.31 35.61 5072
80 P 36.42 35.26 5401
81 P 36.75 35.01 5449
82 P 36.61 34.76 5538
83 P 36.74 34.71 4803
84 P 36.39 34.82 4493
85 P 36.06 34.83 4276
86 P 35.97 34.88 3659
87 P 36.16 34.92 3774
88 P 36.58 34.83 3829
89 P 36.55 34.69 4029
90 P 37.58 34.50 3663
91 P 38.12 34.47 3486
92 P 37.75 34.49 3736
93 P 38.21 34.33 3500
94 P 38.12 34.28 2675
95 P 38.38 34.11 2598
96 P 38.64 34.05 2303
97 P 38.38 34.13 2184
98 P 38.51 34.01 2456
99 P 38.13 33.76 2491
100 P 38.12 33.56 2420
101 P 38.52 33.53 2194
102 P 39.11 33.63 2342
103 P 38.81 33.96 2805
104 P 38.32 33.93 3086
105 P 38.69 33.72 3127
106 P 38.86 33.84 2896
107 P 38.64 33.74 2764
108 P 38.16 33.73 2855
109 P 38.26 33.71 2969
110 P 38.31 33.83 3008
111 P 38.42 33.76 2839
112 P 37.83 33.69 2662
113 P 38.62 33.86 2389
114 P 38.38 33.94 1999
115 P 38.20 34.13 2285
116 P 38.99 34.22 2280
117 P 39.07 34.23 2347
118 P 38.69 34.25 2479
119 P 39.66 34.08 2820
120 P 40.08 33.89 2616
121 P 39.21 33.95 2744
122 P 39.40 33.94 2672
123 P 38.38 34.04 2251
124 P 39.02 34.18 2148
125 P 39.28 34.05 2223
126 P 39.10 33.94 2354
127 P 38.94 33.83 2721
128 P 39.42 34.06 3107
129 P 38.82 34.28 3124
130 P 37.94 34.64 3628
131 P 37.87 34.73 3741
132 P 38.36 34.54 3505
133 P 38.20 34.28 3523
134 P 38.85 34.11 2973
135 P 38.54 34.19 2731
136 P 38.50 34.09 2967
137 P 38.59 34.10 2925
138 P 38.86 33.97 2391
139 P 39.13 34.19 1802
140 P 39.09 34.29 2314
141 P 38.64 34.49 3028
142 P 38.06 34.60 3290
143 P 38.05 34.93 3160
144 P 38.53 35.18 3557
145 P 38.00 35.36 4004
146 P 37.98 35.36 4264
147 P 37.61 35.23 5411
148 P 36.94 34.76 5786
149 P 37.04 34.48 6234
150 P 37.14 34.57 6382
151 P 36.91 34.81 5743
152 P 36.46 35.15 4895
153 P 36.59 35.61 5194
154 P 36.91 35.58 5243
155 P 36.35 35.81 5647
156 P 36.20 35.89 5505
157 P 36.34 35.80 5960
158 P 35.80 36.48 8948
159 P 36.12 36.44 8829
160 P 36.18 36.96 10013
161 P 36.01 37.23 10142
162 P 36.03 37.68 9139
163 P 35.64 38.29 8840
164 P 35.30 38.55 7713
165 P 34.96 39.38 7510
166 P 34.68 39.36 7172
167 P 35.62 39.28 6666
168 P 35.46 39.19 6440
169 P 35.91 38.79 6851
170 P 36.47 38.39 7465
171 P 35.61 38.55 8589
172 P 36.48 38.13 8704
173 P 36.80 37.93 8879
174 P 39.31 37.36 9786
175 P 38.43 35.49 8000
176 P 38.79 34.32 5042
177 P 38.39 34.11 4971
178 P 38.99 34.04 5418
179 P 39.05 33.60 4960
180 P 39.81 33.31 4909
181 P 40.12 32.95 5105
182 P 40.02 32.78 5242
183 P 40.57 32.33 4918
184 P 41.36 31.91 4667
185 P 41.70 31.49 4457
186 P 41.59 31.21 5065
187 P 42.06 30.80 4738
188 P 41.51 30.79 4548
189 P 41.27 30.96 4683
190 P 41.75 30.93 3927
191 P 41.40 30.68 3987
192 P 42.14 30.40 4249
193 P 42.16 30.14 4345
194 P 42.17 29.97 3747
195 P 42.51 29.76 4001
196 P 42.91 29.43 3885
197 P 42.96 29.13 4139
198 P 43.15 28.98 3366
199 P 43.30 28.81 3190
200 P 43.34 28.50 3226
201 P 43.86 28.03 3969
202 P 44.14 27.51 4293
203 P 44.32 27.00 5024
204 P 44.50 26.47 4576
205 P 44.80 26.09 4888
206 P 44.66 25.98 3668
207 P 45.21 25.41 4097
208 P 45.67 25.19 2240
209 P 45.71 25.12 2783
210 P 45.92 25.12 1761
211 P 45.95 25.11 1833
212 P 45.78 25.24 2427
213 P 45.54 25.20 2804
214 P 45.67 25.20 2333
215 P 45.71 25.22 2453
216 P 45.96 25.12 2401
217 P 46.06 25.12 1843
218 P 46.34 25.11 1123
219 P 45.61 25.14 809
220 P 46.05 25.20 496
221 P 46.29 25.24 388
222 P 45.41 25.26 379
223 P 46.44 25.32 220
224 P 46.13 25.33 235
225 P 46.34 25.44 174
226 P 46.71 25.51 234
227 P 45.93 25.50 387
228 P 46.60 25.45 394
229 P 45.66 25.51 640
230 P 46.52 25.52 497
231 P 45.76 25.54 224
232 P 46.09 25.56 304
233 P 44.81 25.57 276
234 P 45.93 25.57 208
235 P 45.68 25.57 342
236 P 44.77 25.60 365
237 P 46.06 25.59 473
238 P 45.72 25.59 576
239 P 45.86 25.59 820
240 P 45.55 25.58 946
241 P 45.37 25.59 1050
242 P 45.10 25.64 1159
243 P 44.84 25.65 1244
244 P 44.96 25.69 1472
245 P 45.09 25.74 974
246 P 44.18 25.76 798
247 P 46.05 25.63 248
% Nframe | type | QP | PSNR | size (Bytes) 
25 P 38.16 34.30 614
26 P 37.54 34.39 2073
27 P 39.70 34.32 1895
28 P 38.98 34.30 1940
29 P 38.74 34.44 2727
30 P 36.58 34.50 2155
31 P 37.96 34.56 888
32 P 38.23 34.55 2446
33 P 36.29 34.52 2363
34 P 38.24 34.62 3471
35 P 37.41 34.61 3039
36 P 38.11 34.49 2644
37 P 36.96 34.57 3572
38 P 35.09 34.65 1474
39 P 34.17 34.66 4494
40 P 35.68 34.72 3713
41 P 35.73 34.81 3602
42 P 35.75 34.89 3591
43 P 33.88 35.01 3925
44 P 33.72 35.05 3577
45 P 34.95 35.11 3612
46 P 36.61 35.18 3419
47 P 36.21 35.18 3391
48 P 36.35 35.28 4654
49 P 35.94 35.30 1452
50 P 36.22 35.27 3421
51 P 36.69 35.26 3180
52 P 36.38 35.15 3072
53 P 36.44 35.07 3742
54 P 35.48 35.20 7878
55 P 36.34 35.16 1322
56 P 35.49 34.99 2959
57 P 36.01 34.88 2697
58 P 35.35 34.88 3856
59 P 37.49 34.95 3365
60 P 36.69 34.91 3218
61 P 36.84 34.99 3224
62 P 36.80 34.96 3635
63 P 36.55 34.94 3268
64 P 36.61 34.95 3516
65 P 36.52 34.97 3171
66 P 36.72 34.85 2885
67 P 37.36 34.87 3329
68 P 36.77 34.87 3369
69 P 37.07 34.88 3260
70 P 37.09 34.81 3459
71 P 37.81 34.77 3497
72 P 35.54 34.96 4870
73 P 37.32 34.96 1201
74 P 36.54 34.82 3466
75 P 37.34 34.86 3156
76 P 37.01 34.81 3060
77 P 36.72 34.85 3802
78 P 37.35 34.91 2970
79 P 37.31 34.91 1043
80 P 37.59 34.78 2979
81 P 37.33 34.77 2578
82 P 37.69 34.82 3670
83 P 38.55 34.81 2629
84 P 38.85 34.79 2743
85 P 38.28 34.77 2938
86 P 37.05 34.74 2725
87 P 37.82 34.81 2882
88 P 38.33 34.84 3073
89 P 37.68 34.88 2530
90 P 37.65 34.81 2462
91 P 38.35 34.85 2958
92 P 37.57 34.91 3122
93 P 36.20 34.88 3111
94 P 36.46 34.86 3178
95 P 37.12 34.85 2935
96 P 36.09 34.98 4623
97 P 37.51 34.99 1004
98 P 36.49 34.94 3408
99 P 37.03 34.95 3799
100 P 37.56 34.85 3513
101 P 37.05 34.87 4721
102 P 36.51 34.92 4500
103 P 36.70 34.92 1467
104 P 37.40 34.88 3509
105 P 35.60 34.97 4437
106 P 36.08 35.03 3742
107 P 36.85 34.97 3897
108 P 37.65 34.88 3384
109 P 37.74 35.17 7146
110 P 37.45 35.07 3374
111 P 37.53 35.01 3435
112 P 37.13 34.97 2877
113 P 37.34 34.96 2834
114 P 37.38 34.97 2936
115 P 37.21 35.03 3006
116 P 37.18 35.00 3206
117 P 37.25 34.92 3263
118 P 37.55 34.89 3264
119 P 37.71 34.81 3114
120 P 36.90 34.81 2982
121 P 38.21 34.77 2735
122 P 38.26 34.68 2630
123 P 37.57 34.72 3087
124 P 37.50 34.79 3047
125 P 37.85 34.83 1010
126 P 37.79 34.80 2374
127 P 38.28 34.83 2418
128 P 37.69 34.86 2824
129 P 37.66 34.82 2281
130 P 37.26 34.92 2908
131 P 38.61 34.96 1076
132 P 37.92 34.88 2915
133 P 38.24 34.89 3488
134 P 38.23 34.93 2653
135 P 38.30 34.88 2596
136 P 38.22 34.85 2568
137 P 38.64 34.93 2222
138 P 38.50 34.99 2238
139 P 37.95 34.93 2232
140 P 38.21 35.01 2291
141 P 38.28 35.01 2327
142 P 38.02 35.05 3088
143 P 37.03 35.07 1107
144 P 38.17 34.99 2301
145 P 37.74 35.00 2035
146 P 38.36 34.95 1868
147 P 38.39 34.86 2529
148 P 37.36 34.98 2395
149 P 36.94 35.03 718
150 P 37.37 35.01 1952
151 P 38.43 35.00 2108
152 P 37.23 35.00 2637
153 P 37.47 35.04 2468
154 P 37.84 35.08 2592
155 P 36.64 35.10 1114
156 P 37.34 35.02 2427
157 P 37.17 35.06 3549
158 P 37.20 35.14 2822
159 P 36.85 35.10 2704
160 P 37.26 35.11 2803
161 P 36.44 35.07 2889
162 P 37.12 35.14 2424
163 P 37.11 35.17 6794
164 P 36.38 35.11 3007
165 P 37.02 35.07 2699
166 P 36.93 35.21 4138
167 P 36.84 35.19 868
168 P 37.13 35.21 3203
169 P 36.90 35.19 3068
170 P 37.32 35.15 3182
171 P 37.05 35.15 4251
172 P 36.92 35.19 3395
173 P 36.57 35.17 1670
174 P 37.23 35.14 3575
175 P 36.97 35.08 3140
176 P 37.41 35.18 4465
177 P 36.94 35.14 3374
178 P 36.66 35.23 3646
179 P 36.14 35.23 1081
180 P 36.90 35.17 2912
181 P 36.65 35.17 3723
182 P 36.45 35.15 2805
183 P 36.62 35.19 2888
184 P 37.00 35.20 2814
185 P 36.86 35.25 3063
186 P 36.88 35.26 3207
187 P 36.49 35.25 3041
188 P 36.63 35.25 3153
189 P 36.88 35.17 2765
190 P 35.98 35.22 3950
191 P 36.31 35.26 1103
192 P 36.22 35.19 2726
193 P 36.40 35.21 3002
194 P 36.58 35.17 2870
195 P 36.30 35.20 3683
196 P 35.84 35.27 3390
197 P 36.16 35.26 1273
198 P 36.59 35.20 2966
199 P 36.59 35.18 2898
200 P 36.69 35.25 3873
201 P 36.40 35.24 3286
202 P 36.40 35.24 3475
203 P 36.20 35.26 1926
204 P 36.67 35.16 3817
205 P 36.24 35.14 3619
206 P 37.00 35.15 2790
207 P 36.87 35.13 2866
208 P 37.44 35.16 2907
209 P 36.78 35.10 2373
210 P 37.22 35.63 5327
211 P 36.40 35.59 2310
212 P 36.87 35.54 2663
213 P 36.63 35.56 2898
214 P 36.33 35.73 4628
215 P 36.75 35.70 815
216 P 36.08 35.63 3171
217 P 36.45 35.60 3220
218 P 36.57 35.54 2773
219 P 36.63 35.56 3547
220 P 36.33 35.63 3033
221 P 36.53 35.66 779
222 P 36.58 35.58 2909
223 P 36.92 35.55 3271
224 P 36.03 35.63 4295
225 P 37.04 35.67 3672
226 P 36.63 35.68 3855
227 P 37.77 35.67 1129
228 P 36.29 35.62 4371
229 P 36.09 35.60 3317
230 P 36.24 35.64 2993
231 P 35.90 35.60 2901
232 P 36.16 35.60 2983
233 P 35.85 35.63 2731
234 P 35.89 35.63 2528
235 P 36.18 35.62 2641
236 P 35.97 35.58 2691
237 P 36.26 35.52 2869
238 P 35.76 35.57 4308
239 P 36.58 35.56 1145
240 P 36.22 35.51 3338
241 P 36.45 35.44 3325
242 P 36.36 35.44 3038
243 P 36.59 35.51 3911
244 P 35.66 35.59 3012
245 P 36.35 35.57 907
246 P 36.34 35.53 2725
247 P 35.82 35.53 3484
248 P 36.72 35.49 2860
249 P 36.36 35.39 2781
250 P 36.21 35.38 2925
251 P 36.86 35.39 995
252 P 36.46 35.33 3331
253 P 36.36 35.36 2800
254 P 36.76 35.35 2814
255 P 37.86 35.10 2322
% Nframe | type | QP | PSNR | size (Bytes) 
25 P 37.19 37.85 5581
26 P 37.57 37.44 5586
27 P 38.27 36.60 5159
28 P 38.82 35.18 4762
29 P 40.41 33.78 3999
30 P 41.11 33.53 2494
31 P 40.63 33.82 3130
32 P 40.41 33.78 3048
33 P 39.81 33.89 3355
34 P 40.06 33.90 2981
35 P 40.38 33.94 2494
36 P 39.77 34.03 2379
37 P 40.37 33.82 2446
38 P 41.68 33.65 2094
39 P 42.28 33.29 2017
40 P 42.59 32.84 2264
41 P 43.41 32.48 1845
42 P 42.82 32.29 1532
43 P 43.71 32.17 1575
44 P 43.05 32.28 1427
45 P 43.59 32.51 1799
46 P 43.01 32.50 2074
47 P 43.08 32.60 2143
48 P 42.77 32.89 2441
49 P 42.94 32.86 2271
50 P 42.82 32.73 2509
51 P 42.93 32.55 2657
52 P 42.88 32.40 2577
53 P 42.80 32.42 2591
54 P 42.18 32.64 2489
55 P 41.38 32.86 2273
56 P 42.07 32.99 1973
57 P 41.32 32.99 2186
58 P 41.66 32.87 2011
59 P 41.85 32.82 2089
60 P 41.54 32.95 2132
61 P 41.39 32.99 2111
62 P 41.59 32.87 2024
63 P 41.85 32.77 2061
64 P 41.67 32.78 2128
65 P 41.92 32.51 1609
66 P 42.24 32.36 1312
67 P 42.14 32.49 1215
68 P 42.07 32.69 1388
69 P 42.19 32.64 1360
70 P 41.89 32.85 1659
71 P 42.05 32.82 1901
72 P 41.88 32.79 1925
73 P 42.28 32.71 1905
74 P 41.52 32.63 1854
75 P 41.52 32.74 1727
76 P 41.04 32.77 1798
77 P 41.39 32.91 2123
78 P 40.54 33.05 2237
79 P 40.70 33.06 2228
80 P 40.63 32.81 1955
81 P 40.25 32.83 1470
82 P 40.63 32.91 810
83 P 40.68 33.16 854
84 P 40.61 33.34 1037
85 P 40.77 33.38 1258
86 P 40.71 33.48 1555
87 P 40.12 33.64 1847
88 P 40.47 33.77 1929
89 P 40.08 33.74 1784
90 P 40.37 33.61 1935
91 P 40.17 33.36 2040
92 P 40.01 33.33 1961
93 P 39.71 33.27 1888
94 P 39.32 33.32 1814
95 P 39.63 33.39 1917
96 P 39.20 33.49 2118
97 P 39.07 33.64 2161
98 P 38.99 33.77 2173
99 P 38.81 33.88 2145
100 P 38.91 33.97 2128
101 P 38.61 33.99 2194
102 P 38.62 34.02 2166
103 P 38.57 34.00 1888
104 P 38.31 34.01 1719
105 P 38.66 33.91 1650
106 P 38.65 33.82 1704
107 P 38.56 33.87 1280
108 P 38.04 34.03 898
109 P 38.54 34.05 1085
110 P 37.93 34.00 1076
111 P 38.21 34.06 1176
112 P 38.46 34.14 1366
113 P 37.90 34.21 1291
114 P 38.68 34.17 1245
115 P 38.23 34.18 922
116 P 36.84 34.38 693
117 P 37.49 34.50 776
118 P 37.13 34.56 1034
119 P 36.72 34.55 1358
120 P 36.60 34.67 1326
121 P 36.38 34.68 1591
122 P 36.53 34.73 1569
123 P 37.06 34.64 1635
124 P 37.24 34.66 1615
125 P 37.18 34.72 1632
126 P 36.21 34.76 1267
127 P 36.37 34.89 1273
128 P 35.97 34.95 1365
129 P 35.34 34.98 1559
130 P 34.97 35.08 1384
131 P 35.50 35.09 1453
132 P 35.67 35.07 1408
133 P 35.34 35.12 1228
134 P 35.67 35.20 1238
135 P 35.53 35.22 1325
136 P 35.11 35.27 1788
137 P 35.13 35.25 1700
138 P 34.97 35.28 1760
139 P 34.81 35.29 1655
140 P 33.80 35.40 1079
141 P 34.48 35.52 971
142 P 34.88 35.60 1090
143 P 34.78 35.64 1174
144 P 34.75 35.71 901
145 P 34.30 35.80 842
146 P 34.19 35.82 896
147 P 34.79 35.84 856
148 P 34.24 35.87 780
149 P 34.53 35.87 1090
150 P 34.68 35.84 1419
151 P 34.28 35.91 1611
152 P 34.49 36.00 1744
153 P 34.72 35.95 1591
154 P 34.69 35.94 1912
155 P 34.59 36.01 1702
156 P 34.09 36.09 1480
157 P 34.17 36.17 1311
158 P 34.24 36.23 1416
159 P 33.78 36.30 1136
160 P 33.06 36.42 1412
161 P 33.16 36.41 1664
162 P 32.69 36.52 1226
163 P 32.20 36.56 1245
164 P 32.49 36.61 1185
165 P 32.34 36.62 1109
166 P 32.98 36.65 1262
167 P 32.67 36.68 1298
168 P 33.17 36.72 1528
169 P 32.89 36.73 1396
170 P 32.71 36.82 1035
171 P 32.95 36.87 1052
172 P 32.43 36.90 1218
173 P 32.74 36.93 1393
174 P 32.48 36.95 1671
175 P 32.09 37.03 1779
176 P 32.21 37.04 1894
177 P 31.96 37.07 1888
178 P 31.42 37.13 1466
179 P 30.99 37.17 1469
180 P 31.39 37.23 1735
181 P 31.64 37.27 1679
182 P 32.05 37.30 1493
183 P 31.73 37.34 1712
184 P 31.24 37.41 1512
185 P 32.03 37.47 1141
186 P 31.86 37.54 1117
187 P 32.02 37.63 1359
188 P 30.92 37.66 1174
189 P 31.24 37.63 1694
190 P 31.19 37.69 2272
191 P 31.32 37.69 2581
192 P 31.44 37.70 2546
193 P 31.33 37.71 2667
194 P 31.19 37.75 2578
195 P 31.00 37.81 2463
196 P 30.51 37.84 2018
197 P 30.31 37.92 1705
198 P 30.69 37.93 1930
199 P 30.38 37.98 1957
200 P 29.95 38.02 2711
201 P 30.16 38.12 2460
202 P 30.29 38.16 2338
203 P 30.17 38.21 2544
204 P 30.05 38.24 2359
205 P 30.63 38.30 2176
206 P 30.33 38.36 2428
207 P 30.16 38.37 2559
208 P 30.29 38.36 2688
209 P 29.97 38.32 3016
210 P 29.61 38.35 2537
211 P 29.95 38.41 2727
212 P 29.96 38.43 2426
213 P 29.84 38.48 2891
214 P 29.89 38.50 3043
215 P 29.96 38.52 2839
216 P 29.60 38.53 2427
217 P 29.53 38.57 2594
218 P 30.14 38.62 1883
219 P 29.56 38.64 1922
220 P 30.30 38.68 2216
221 P 29.67 38.66 2362
222 P 30.28 38.65 2180
223 P 29.91 38.70 2460
224 P 29.92 38.76 2260
225 P 30.10 38.76 2210
226 P 30.06 38.79 2469
227 P 30.04 38.79 2280
228 P 30.07 38.76 2382
229 P 30.28 38.77 2389
230 P 30.22 38.78 2418
231 P 30.09 38.81 2225
232 P 29.98 38.87 2537
233 P 29.83 38.84 2160
234 P 29.82 38.84 2099
235 P 29.79 38.89 1981
236 P 30.14 38.93 1586
237 P 29.91 38.95 2037
238 P 29.94 38.93 2247
239 P 29.75 38.92 2422
240 P 29.75 38.93 2739
241 P 29.78 38.96 1970
242 P 29.76 39.01 2119
243 P 29.38 39.03 1963
244 P 29.27 39.08 1576
245 P 29.48 39.09 1684
246 P 29.31 39.10 1560
247 P 29.28 39.14 1499
248 P 29.41 39.18 1678
249 P 29.41 39.19 1419
250 P 29.03 39.23 1341
251 P 28.83 39.23 1348
252 P 28.83 39.26 1220
253 P 29.01 39.23 1485
254 P 29.16 39.24 1461
255 P 29.23 39.26 1457
256 P 29.30 39.28 1793
257 P 28.74 39.33 1536
258 P 29.34 39.34 2021
259 P 28.67 39.36 1825
260 P 28.58 39.38 2158
261 P 28.55 39.41 2004
262 P 28.32 39.42 2297
263 P 27.88 39.49 2412
264 P 27.82 39.53 2533
265 P 27.88 39.59 1964
266 P 27.88 39.59 2177
267 P 28.03 39.59 2675
268 P 27.96 39.67 2447
269 P 27.88 39.72 2792
270 P 27.96 39.71 3162
271 P 27.97 39.74 3129
272 P 27.77 39.77 3430
273 P 28.19 39.78 3332
274 P 28.07 39.79 3309
275 P 27.58 39.81 3415
276 P 28.07 39.78 3505
277 P 28.05 39.83 3290
278 P 28.02 39.89 3687
279 P 28.11 39.97 4015
280 P 27.71 39.94 4654
281 P 27.49 39.97 5084
282 P 27.31 40.04 5883
283 P 27.72 40.07 5973
284 P 27.57 40.03 6440
285 P 27.55 40.01 6836
286 P 27.44 40.09 6688
287 P 27.54 40.20 6793
288 P 27.64 40.33 7902
289 P 27.47 40.33 8645
290 P 27.82 40.30 8512
291 P 27.41 40.30 8065
292 P 27.83 40.23 7799
293 P 27.76 40.25 7986
294 P 28.07 40.22 8297
295 P 28.45 40.14 7644
296 P 28.25 40.09 7582
297 P 28.71 39.99 8209
298 P 28.92 39.87 7888
299 P 28.84 39.73 7965
300 P 28.89 39.61 7140
301 P 29.40 39.50 7073
302 P 29.51 39.25 6620
303 P 29.69 39.27 6616
304 P 29.77 39.21 6636
305 P 30.16 39.08 6511
306 P 30.14 38.91 6273
307 P 30.46 38.94 5431
308 P 30.28 39.14 5245
309 P 30.45 39.23 4290
310 P 30.57 39.20 3820
311 P 30.45 39.12 3789
312 P 30.87 39.04 4045
313 P 31.08 38.99 4472
314 P 31.20 39.01 4975
315 P 31.36 38.87 4689
316 P 31.42 38.75 4717
317 P 31.49 38.55 4508
318 P 31.71 38.48 3713
319 P 31.71 38.40 3343
320 P 31.97 38.38 3239
321 P 31.82 38.30 3587
322 P 31.95 38.24 3283
323 P 31.99 38.22 3212
324 P 31.98 38.21 3339
325 P 31.90 38.25 3390
326 P 31.91 38.21 3080
327 P 32.29 38.16 2875
328 P 32.32 38.13 2933
329 P 32.35 38.04 2708
330 P 32.52 38.04 2308
331 P 32.27 38.05 2362
332 P 32.26 38.13 2674
333 P 32.34 38.20 2623
334 P 32.39 38.21 2701
335 P 32.25 38.31 2666
336 P 32.22 38.28 2859
337 P 32.30 38.32 2680
338 P 32.09 38.26 2795
339 P 32.16 38.25 2774
340 P 32.17 38.26 2828
341 P 32.07 38.25 2885
342 P 32.23 38.15 2820
343 P 32.21 38.09 2930
344 P 32.32 38.11 2961
345 P 32.54 38.16 2687
346 P 32.46 38.19 2744
347 P 32.35 38.17 3065
348 P 32.41 38.24 3103
349 P 32.17 38.23 3150
350 P 32.09 38.21 3214
351 P 32.28 38.16 2140
352 P 32.22 38.26 1708
353 P 32.26 38.35 1964
354 P 33.19 37.93 1160
