% Nframe | type | QP | PSNR | size (Bytes) 
0 I 41.28 29.39 1230
1 P 41.29 29.18 20
2 P 43.61 29.10 35
3 P 43.61 28.85 47
4 P 45.56 28.62 64
5 P 44.96 28.46 86
6 P 44.39 28.47 84
7 P 43.72 28.15 89
8 P 44.04 28.09 97
9 P 41.21 28.10 72
10 P 45.07 28.41 56
11 P 44.04 28.39 64
12 P 47.16 27.73 32
13 P 44.34 28.28 83
14 P 43.66 28.92 149
15 P 40.98 29.43 190
16 P 38.18 30.01 308
17 P 38.19 30.54 397
18 P 36.52 30.87 529
19 P 35.92 31.26 649
20 P 35.03 31.57 512
21 P 34.26 32.04 466
22 P 33.55 32.73 643
23 P 34.28 33.30 697
24 P 31.61 33.87 777
25 P 31.50 34.18 868
26 P 31.89 34.28 680
27 P 31.76 34.51 648
28 P 31.83 34.78 677
29 P 32.72 34.62 641
30 P 32.59 34.61 767
31 P 32.82 34.50 844
32 P 32.90 34.41 584
33 P 34.03 34.48 495
34 P 33.61 34.16 615
35 P 34.26 33.98 654
36 P 34.59 33.94 629
37 P 34.65 33.87 423
38 P 34.78 34.15 240
39 P 35.18 34.02 315
40 P 34.47 34.11 394
41 P 34.48 33.93 373
42 P 34.49 33.81 386
43 P 35.02 33.79 334
44 P 35.63 33.74 273
45 P 34.24 33.84 370
46 P 34.59 33.68 367
47 P 34.59 33.62 326
48 P 35.40 33.49 275
49 P 34.94 33.56 223
50 P 34.26 33.92 287
51 P 33.98 33.96 384
52 P 34.25 34.04 442
53 P 33.83 33.96 379
54 P 33.81 34.00 438
55 P 34.78 33.98 425
56 P 33.62 34.02 410
57 P 34.43 34.10 481
58 P 33.11 34.20 443
59 P 33.88 34.32 691
60 P 33.13 34.44 827
61 P 33.39 34.46 969
62 P 33.42 34.44 805
63 P 32.44 34.46 822
64 P 33.12 34.45 677
65 P 32.56 34.42 671
66 P 32.40 34.31 636
67 P 33.06 34.34 637
68 P 33.57 34.47 571
69 P 33.79 34.50 587
70 P 34.05 34.29 629
71 P 32.75 34.11 643
72 P 34.34 34.19 677
73 P 33.39 34.04 533
74 P 34.82 33.97 420
75 P 33.72 34.12 623
76 P 34.42 34.16 697
77 P 33.50 34.27 787
78 P 33.29 34.57 998
79 P 33.49 34.31 940
80 P 33.58 34.08 1009
81 P 33.81 33.82 953
82 P 33.85 33.75 1056
83 P 34.14 33.74 895
84 P 34.24 33.72 783
85 P 33.77 33.72 723
86 P 34.40 33.77 675
87 P 33.54 33.85 710
88 P 34.72 33.94 763
89 P 34.15 33.59 636
90 P 34.95 33.44 639
91 P 35.79 33.43 603
92 P 34.71 33.24 533
93 P 35.60 33.14 540
94 P 36.53 33.24 440
95 P 34.59 33.13 402
96 P 35.61 33.07 331
97 P 35.82 33.02 328
98 P 36.34 33.12 410
99 P 36.03 32.94 310
100 P 36.37 32.79 346
101 P 34.25 32.76 318
102 P 35.63 32.77 323
103 P 35.41 32.84 435
104 P 35.30 32.87 495
105 P 35.82 32.71 548
106 P 35.43 32.61 451
107 P 35.66 32.58 478
108 P 36.16 32.69 539
109 P 35.53 32.75 547
110 P 35.66 32.79 511
111 P 35.71 32.89 515
112 P 35.39 32.87 472
113 P 34.80 32.97 408
114 P 35.29 32.95 289
115 P 34.67 33.22 340
116 P 34.95 33.36 346
117 P 34.84 33.26 384
118 P 35.25 33.18 427
119 P 35.94 33.15 483
120 P 35.93 32.97 422
121 P 35.68 32.94 435
122 P 35.59 33.02 468
123 P 35.22 32.89 282
124 P 36.38 33.06 361
125 P 35.73 33.03 388
126 P 35.24 32.97 424
127 P 35.40 33.01 425
128 P 35.40 33.20 562
129 P 35.36 33.32 563
130 P 34.81 33.58 543
131 P 34.99 33.54 550
132 P 35.84 33.49 599
133 P 34.96 33.38 562
134 P 34.93 33.44 572
135 P 35.30 33.39 448
136 P 34.28 33.46 507
137 P 35.95 33.39 443
138 P 35.16 33.32 355
139 P 34.83 33.49 310
140 P 34.48 33.66 368
141 P 34.66 33.51 436
142 P 35.62 33.55 597
143 P 34.66 33.55 528
144 P 34.61 33.90 720
145 P 35.51 33.97 726
146 P 35.41 34.07 777
147 P 34.95 34.17 1017
148 P 34.37 33.66 958
149 P 34.51 33.28 1088
150 P 34.47 33.29 1154
151 P 33.62 33.42 1050
152 P 34.00 33.65 968
153 P 34.47 33.78 936
154 P 34.14 33.87 974
155 P 33.01 34.17 1051
156 P 32.74 34.54 1142
157 P 33.77 34.39 998
158 P 33.32 34.45 1114
159 P 33.00 34.55 1092
160 P 33.50 34.62 1102
161 P 33.09 35.02 1137
162 P 33.28 35.71 1031
163 P 32.15 36.25 1031
164 P 32.40 36.87 867
165 P 31.56 37.72 741
166 P 31.39 37.32 681
167 P 31.89 37.02 745
168 P 31.49 37.38 704
169 P 32.04 36.61 812
170 P 32.16 36.23 960
171 P 32.68 36.03 812
172 P 33.21 35.41 817
173 P 33.52 35.45 851
174 P 35.54 34.21 1013
175 P 35.13 33.92 989
176 P 35.45 33.65 865
177 P 35.43 33.77 896
178 P 36.25 33.75 862
179 P 35.47 33.18 935
180 P 35.56 33.06 850
181 P 36.01 32.73 960
182 P 35.86 32.37 910
183 P 35.72 32.16 935
184 P 36.63 31.73 916
185 P 36.76 31.30 838
186 P 36.71 31.24 911
187 P 36.82 30.92 826
188 P 36.69 30.86 793
189 P 36.99 31.09 731
190 P 36.79 31.09 807
191 P 37.36 30.83 769
192 P 37.20 30.54 781
193 P 37.54 30.28 677
194 P 37.80 30.06 699
195 P 38.14 29.96 657
196 P 38.29 29.78 635
197 P 38.22 29.53 691
198 P 38.52 29.20 503
199 P 38.11 29.11 700
200 P 38.00 28.75 662
201 P 39.21 28.05 633
202 P 39.52 27.42 617
203 P 39.39 26.81 708
204 P 39.78 26.48 604
205 P 39.88 26.41 494
206 P 39.98 26.35 357
207 P 40.11 26.19 352
208 P 39.91 26.19 223
209 P 39.04 26.27 271
210 P 40.26 26.25 109
211 P 40.69 26.22 124
212 P 40.24 26.22 165
213 P 39.77 26.19 174
214 P 39.60 26.17 169
215 P 39.26 26.10 162
216 P 41.04 26.16 189
217 P 40.19 26.19 115
218 P 40.41 26.23 115
219 P 38.36 26.25 97
220 P 38.61 26.28 65
221 P 39.53 26.35 70
222 P 39.40 26.35 49
223 P 38.72 26.39 50
224 P 38.23 26.38 29
225 P 39.11 26.47 40
226 P 38.31 26.56 78
227 P 40.97 26.60 63
228 P 38.74 26.58 76
229 P 39.60 26.63 91
230 P 39.37 26.66 130
231 P 39.50 26.69 64
232 P 38.66 26.71 78
233 P 37.73 26.72 68
234 P 38.85 26.75 69
235 P 40.62 26.74 35
236 P 37.29 26.76 91
237 P 37.73 26.77 65
238 P 39.72 26.86 127
239 P 38.12 26.89 129
240 P 38.49 26.90 138
241 P 38.37 26.99 185
242 P 38.00 27.01 115
243 P 39.66 27.01 151
244 P 38.80 27.02 140
245 P 38.90 27.04 131
246 P 37.70 27.09 116
247 P 39.00 27.00 19
% Nframe | type | QP | PSNR | size (Bytes) 
25 P 34.13 30.48 259
26 P 34.90 30.61 593
27 P 35.77 30.71 561
28 P 36.46 30.70 454
29 P 36.71 30.91 591
30 P 36.02 31.02 422
31 P 36.39 31.06 88
32 P 36.18 30.92 397
33 P 37.68 30.77 374
34 P 36.89 30.82 682
35 P 37.60 30.65 435
36 P 39.25 30.20 414
37 P 37.12 30.48 640
38 P 37.32 30.48 101
39 P 37.97 30.26 685
40 P 36.76 30.26 516
41 P 34.17 30.25 580
42 P 37.91 30.51 591
43 P 36.85 30.53 564
44 P 37.06 30.53 553
45 P 37.22 30.54 548
46 P 36.78 30.55 487
47 P 36.96 30.60 565
48 P 36.72 30.77 714
49 P 36.69 30.82 180
50 P 36.46 30.79 499
51 P 36.56 30.79 469
52 P 37.33 30.62 450
53 P 36.53 30.52 592
54 P 36.75 30.98 1464
55 P 35.14 30.97 136
56 P 36.41 30.66 362
57 P 37.01 30.52 418
58 P 35.62 30.50 648
59 P 36.30 30.48 535
60 P 36.29 30.59 551
61 P 35.57 30.67 535
62 P 35.69 30.46 550
63 P 35.63 30.58 623
64 P 35.05 30.62 599
65 P 36.94 30.57 525
66 P 37.09 30.42 487
67 P 36.93 30.56 597
68 P 35.28 30.47 591
69 P 37.13 30.47 542
70 P 35.78 30.37 592
71 P 36.25 30.30 581
72 P 36.52 30.78 868
73 P 32.96 30.72 125
74 P 36.97 30.57 540
75 P 37.34 30.71 549
76 P 37.53 30.57 491
77 P 36.24 30.65 635
78 P 37.35 30.68 477
79 P 37.41 30.72 135
80 P 37.53 30.50 471
81 P 35.98 30.50 455
82 P 37.11 30.69 640
83 P 37.43 30.59 450
84 P 38.20 30.49 453
85 P 37.94 30.43 443
86 P 37.57 30.64 501
87 P 37.00 30.43 475
88 P 36.71 30.55 560
89 P 36.44 30.57 468
90 P 35.85 30.53 410
91 P 37.62 30.58 460
92 P 37.49 30.63 535
93 P 38.26 30.54 546
94 P 38.21 30.51 545
95 P 38.24 30.34 516
96 P 37.13 30.75 862
97 P 37.39 30.75 97
98 P 37.02 30.65 572
99 P 37.49 30.75 636
100 P 37.74 30.58 577
101 P 37.05 30.56 797
102 P 36.35 30.68 739
103 P 37.44 30.70 179
104 P 36.39 30.51 657
105 P 35.81 30.80 815
106 P 37.42 30.71 597
107 P 37.52 30.65 599
108 P 37.37 30.46 530
109 P 37.18 31.04 1233
110 P 37.05 30.93 550
111 P 36.87 30.91 508
112 P 37.27 30.84 390
113 P 37.32 30.74 387
114 P 36.97 30.79 440
115 P 36.94 30.97 467
116 P 37.23 30.90 458
117 P 37.63 30.83 435
118 P 36.80 30.81 463
119 P 37.19 30.71 410
120 P 37.55 30.77 420
121 P 37.27 30.79 400
122 P 37.97 30.62 310
123 P 37.52 30.74 447
124 P 36.98 30.88 430
125 P 37.93 30.87 91
126 P 38.80 30.77 291
127 P 38.24 30.87 323
128 P 37.87 30.98 391
129 P 37.62 30.96 298
130 P 37.32 31.07 439
131 P 36.85 31.11 128
132 P 37.89 30.93 344
133 P 38.16 30.99 511
134 P 37.63 31.03 376
135 P 37.70 31.04 326
136 P 38.60 30.91 325
137 P 37.06 30.99 321
138 P 37.38 31.08 317
139 P 38.00 31.03 249
140 P 35.21 31.05 280
141 P 37.80 31.08 311
142 P 36.82 31.27 453
143 P 36.50 31.32 155
144 P 36.00 31.19 289
145 P 36.48 31.25 321
146 P 37.55 31.15 244
147 P 34.93 31.22 450
148 P 36.39 31.34 372
149 P 35.69 31.37 94
150 P 36.29 31.34 336
151 P 37.38 31.35 316
152 P 36.74 31.38 464
153 P 34.81 31.33 354
154 P 36.67 31.41 485
155 P 35.51 31.42 132
156 P 36.69 31.32 372
157 P 35.52 31.38 615
158 P 35.56 31.35 398
159 P 35.73 31.43 537
160 P 35.79 31.49 503
161 P 35.71 31.41 448
162 P 35.52 31.45 423
163 P 36.25 31.66 1244
164 P 35.52 31.64 492
165 P 35.60 31.44 368
166 P 35.97 31.66 761
167 P 34.70 31.76 187
168 P 35.63 31.60 520
169 P 35.27 31.52 502
170 P 36.01 31.59 558
171 P 35.95 31.57 749
172 P 35.85 31.64 721
173 P 35.54 31.66 182
174 P 36.52 31.46 583
175 P 35.70 31.55 586
176 P 36.66 31.49 724
177 P 35.71 31.51 565
178 P 36.12 31.66 622
179 P 35.31 31.74 165
180 P 34.82 31.60 443
181 P 36.02 31.62 621
182 P 36.08 31.58 412
183 P 35.84 31.71 539
184 P 35.65 31.69 465
185 P 35.93 31.57 459
186 P 36.26 31.60 491
187 P 35.93 31.66 538
188 P 36.26 31.56 490
189 P 35.58 31.59 481
190 P 35.54 31.62 660
191 P 35.44 31.71 146
192 P 35.29 31.58 427
193 P 35.62 31.55 464
194 P 36.13 31.51 452
195 P 35.71 31.73 674
196 P 35.57 31.67 521
197 P 35.73 31.71 209
198 P 35.68 31.65 494
199 P 35.88 31.58 473
200 P 35.96 31.60 630
201 P 36.01 31.67 522
202 P 35.89 31.70 566
203 P 35.17 31.66 220
204 P 36.13 31.57 656
205 P 35.69 31.55 490
206 P 35.67 31.62 531
207 P 35.51 31.59 470
208 P 35.75 31.69 472
209 P 35.25 31.50 327
210 P 35.90 32.21 1073
211 P 35.95 32.15 435
212 P 37.34 32.02 516
213 P 36.41 32.02 580
214 P 35.23 32.24 936
215 P 34.65 32.29 123
216 P 36.74 32.15 554
217 P 34.81 32.03 560
218 P 35.63 32.08 560
219 P 35.54 32.11 668
220 P 34.88 32.20 523
221 P 34.87 32.25 85
222 P 35.24 32.04 482
223 P 34.59 31.96 505
224 P 36.45 32.08 805
225 P 33.73 32.07 618
226 P 35.63 32.12 698
227 P 35.90 32.08 111
228 P 36.84 32.11 815
229 P 35.74 32.05 483
230 P 36.00 32.05 458
231 P 35.85 32.00 431
232 P 36.02 31.86 413
233 P 35.47 32.01 446
234 P 36.04 32.07 400
235 P 35.92 32.03 416
236 P 35.77 32.01 444
237 P 35.19 31.89 484
238 P 35.50 32.06 809
239 P 35.86 32.06 161
240 P 35.36 31.89 535
241 P 35.91 31.87 605
242 P 35.83 31.79 588
243 P 36.06 31.90 788
244 P 34.59 31.96 625
245 P 35.92 32.01 141
246 P 36.07 31.93 506
247 P 36.06 31.91 675
248 P 35.44 31.83 453
249 P 35.16 31.79 488
250 P 35.42 31.76 417
251 P 35.16 31.79 141
252 P 35.72 31.78 607
253 P 35.96 31.75 446
254 P 35.65 31.66 448
255 P 38.39 31.30 370
% Nframe | type | QP | PSNR | size (Bytes) 
25 P 34.09 36.24 945
26 P 34.17 35.60 942
27 P 34.76 34.79 1007
28 P 35.08 33.86 805
29 P 36.20 32.87 695
30 P 37.06 32.70 428
31 P 36.78 32.83 513
32 P 37.84 32.82 532
33 P 36.71 33.04 511
34 P 35.79 33.02 494
35 P 37.89 32.96 379
36 P 37.30 33.36 345
37 P 38.22 33.27 292
38 P 38.52 32.96 289
39 P 38.42 32.48 288
40 P 38.94 32.12 297
41 P 39.89 31.87 269
42 P 38.86 31.75 217
43 P 39.68 31.73 200
44 P 38.95 31.86 197
45 P 39.71 31.93 217
46 P 38.24 31.77 200
47 P 38.36 31.97 225
48 P 38.80 32.02 214
49 P 39.02 32.14 256
50 P 38.77 32.39 305
51 P 39.27 32.15 293
52 P 38.64 32.24 318
53 P 36.24 32.24 378
54 P 38.27 32.38 307
55 P 38.18 32.27 223
56 P 36.06 32.45 236
57 P 37.79 32.51 220
58 P 37.15 32.58 241
59 P 36.31 32.67 208
60 P 34.87 32.75 254
61 P 34.76 32.94 244
62 P 36.72 32.91 240
63 P 36.84 32.97 269
64 P 35.89 33.08 261
65 P 36.29 33.09 199
66 P 36.46 33.06 163
67 P 37.11 33.17 183
68 P 35.49 33.20 246
69 P 36.57 33.18 237
70 P 36.25 33.32 278
71 P 35.95 33.38 376
72 P 36.04 33.24 330
73 P 35.69 33.41 403
74 P 35.14 33.38 317
75 P 35.34 33.52 302
76 P 35.44 33.67 296
77 P 33.86 33.77 273
78 P 33.76 33.89 335
79 P 33.54 33.98 311
80 P 33.14 34.01 297
81 P 34.08 34.06 212
82 P 33.96 34.16 158
83 P 34.75 34.27 140
84 P 34.85 34.27 208
85 P 35.45 34.18 175
86 P 34.15 34.31 268
87 P 34.70 34.42 337
88 P 33.93 34.45 317
89 P 34.13 34.49 323
90 P 33.80 34.58 313
91 P 33.03 34.50 277
92 P 33.33 34.57 315
93 P 32.26 34.69 346
94 P 33.30 34.77 324
95 P 32.46 34.94 357
96 P 32.64 34.95 253
97 P 32.87 35.07 313
98 P 32.34 35.25 336
99 P 31.74 35.38 288
100 P 32.08 35.35 245
101 P 32.09 35.43 264
102 P 31.19 35.47 257
103 P 31.80 35.52 242
104 P 32.30 35.59 242
105 P 32.39 35.62 204
106 P 31.83 35.60 197
107 P 31.27 35.60 148
108 P 31.59 35.64 151
109 P 31.82 35.72 206
110 P 31.76 35.71 149
111 P 31.58 35.80 182
112 P 31.24 35.83 196
113 P 31.03 35.95 208
114 P 30.46 36.01 219
115 P 31.53 36.00 156
116 P 30.83 36.04 116
117 P 30.73 36.05 160
118 P 30.39 36.12 178
119 P 29.15 36.16 161
120 P 30.17 36.24 195
121 P 30.12 36.27 207
122 P 30.84 36.33 229
123 P 30.47 36.46 310
124 P 29.80 36.50 278
125 P 30.10 36.60 333
126 P 30.13 36.61 250
127 P 30.62 36.66 205
128 P 30.12 36.84 346
129 P 29.24 36.89 291
130 P 29.53 36.93 258
131 P 28.27 36.96 280
132 P 28.35 37.05 246
133 P 28.28 37.07 231
134 P 28.82 37.13 197
135 P 28.87 37.15 249
136 P 29.25 37.18 227
137 P 28.67 37.33 261
138 P 28.31 37.37 248
139 P 28.95 37.51 262
140 P 29.32 37.62 182
141 P 28.91 37.65 131
142 P 28.61 37.71 180
143 P 27.02 37.73 204
144 P 28.61 37.77 187
145 P 28.23 37.76 172
146 P 27.92 37.85 209
147 P 27.84 37.85 144
148 P 28.18 37.98 185
149 P 28.20 37.96 178
150 P 27.81 38.01 270
151 P 27.68 38.05 269
152 P 27.73 38.15 297
153 P 27.26 38.11 326
154 P 26.55 38.21 363
155 P 26.22 38.30 324
156 P 25.83 38.40 312
157 P 26.22 38.50 295
158 P 26.08 38.53 271
159 P 25.38 38.56 217
160 P 26.74 38.72 354
161 P 26.09 38.75 359
162 P 26.10 38.84 287
163 P 25.97 38.89 275
164 P 25.97 38.91 283
165 P 26.02 38.99 276
166 P 26.48 39.06 227
167 P 25.47 39.03 257
168 P 25.93 39.03 232
169 P 25.09 39.06 248
170 P 24.28 39.14 218
171 P 26.03 39.21 184
172 P 24.52 39.31 209
173 P 24.82 39.36 224
174 P 24.56 39.32 280
175 P 25.80 39.36 326
176 P 25.06 39.41 427
177 P 24.30 39.41 321
178 P 24.70 39.51 292
179 P 23.76 39.74 330
180 P 24.99 39.74 245
181 P 24.25 39.82 342
182 P 24.53 39.81 243
183 P 23.69 39.85 344
184 P 23.42 39.93 340
185 P 22.92 40.08 274
186 P 21.71 40.06 143
187 P 22.05 40.18 299
188 P 23.14 40.16 255
189 P 23.73 40.09 312
190 P 24.08 40.08 443
191 P 24.12 40.04 438
192 P 23.69 40.10 548
193 P 24.18 40.16 615
194 P 24.18 40.27 526
195 P 23.54 40.31 382
196 P 24.34 40.33 281
197 P 23.47 40.37 306
198 P 24.46 40.35 299
199 P 23.13 40.37 363
200 P 23.22 40.40 422
201 P 23.88 40.42 308
202 P 22.51 40.34 369
203 P 23.53 40.40 603
204 P 23.85 40.41 486
205 P 23.75 40.38 464
206 P 23.76 40.30 570
207 P 23.53 40.36 734
208 P 23.89 40.38 629
209 P 23.12 40.35 575
210 P 23.55 40.41 595
211 P 23.32 40.46 516
212 P 23.79 40.51 570
213 P 23.04 40.50 683
214 P 23.39 40.53 646
215 P 23.17 40.55 681
216 P 23.04 40.57 520
217 P 23.10 40.69 507
218 P 22.51 40.73 354
219 P 22.41 40.76 303
220 P 22.55 40.77 384
221 P 23.32 40.82 479
222 P 23.30 40.89 458
223 P 22.93 40.81 443
224 P 23.14 40.84 479
225 P 23.40 40.81 599
226 P 22.88 40.79 642
227 P 23.12 40.84 593
228 P 23.38 40.81 557
229 P 23.51 40.80 544
230 P 22.55 40.80 490
231 P 22.98 40.77 421
232 P 23.02 40.90 635
233 P 23.21 40.93 360
234 P 21.97 40.95 411
235 P 23.11 40.98 297
236 P 21.69 41.02 309
237 P 22.15 41.09 434
238 P 22.57 40.99 374
239 P 22.42 40.93 450
240 P 22.62 40.93 472
241 P 21.95 40.97 330
242 P 23.04 41.00 306
243 P 21.92 41.08 337
244 P 23.26 41.16 181
245 P 21.39 41.13 165
246 P 22.49 41.13 204
247 P 21.73 41.21 197
248 P 21.86 41.26 184
249 P 23.03 41.32 149
250 P 19.12 41.34 82
251 P 21.34 41.36 139
252 P 19.68 41.31 143
253 P 22.60 41.30 181
254 P 21.92 41.32 164
255 P 22.00 41.33 202
256 P 22.50 41.35 256
257 P 21.63 41.44 258
258 P 22.22 41.48 350
259 P 21.57 41.49 238
260 P 22.16 41.53 330
261 P 21.12 41.57 303
262 P 22.04 41.59 303
263 P 22.52 41.60 271
264 P 22.29 41.64 304
265 P 20.44 41.70 248
266 P 22.63 41.72 265
267 P 21.96 41.70 224
268 P 21.71 41.71 364
269 P 21.94 41.67 363
270 P 22.16 41.66 447
271 P 21.93 41.68 407
272 P 20.65 41.68 494
273 P 21.92 41.61 409
274 P 21.84 41.62 426
275 P 22.76 41.64 592
276 P 22.35 41.65 620
277 P 22.50 41.69 648
278 P 21.95 41.71 673
279 P 21.87 41.63 690
280 P 22.02 41.66 900
281 P 21.88 41.64 971
282 P 21.86 41.68 1295
283 P 21.87 41.71 1330
284 P 21.90 41.73 1324
285 P 21.96 41.65 1401
286 P 22.40 41.70 1501
287 P 22.14 41.77 1484
288 P 21.55 41.84 1670
289 P 21.38 41.80 1744
290 P 22.19 41.77 1658
291 P 22.05 41.78 1713
292 P 21.54 41.75 1680
293 P 22.07 41.71 1585
294 P 21.00 41.76 1831
295 P 21.39 41.66 1715
296 P 22.06 41.58 1644
297 P 22.52 41.38 1511
298 P 22.27 41.28 1556
299 P 22.14 41.09 1499
300 P 22.55 40.88 1359
301 P 23.14 40.76 1222
302 P 24.07 40.63 1135
303 P 24.09 40.43 1071
304 P 24.43 40.36 1137
305 P 24.80 40.22 1011
306 P 25.21 40.13 933
307 P 25.36 39.92 824
308 P 25.68 39.93 743
309 P 25.76 39.80 667
310 P 25.98 39.72 588
311 P 25.71 39.53 657
312 P 26.37 39.48 727
313 P 26.26 39.37 773
314 P 26.41 39.47 915
315 P 26.70 39.26 748
316 P 27.11 39.15 799
317 P 26.66 39.04 646
318 P 26.85 39.05 646
319 P 27.45 39.07 513
320 P 27.11 39.00 615
321 P 26.61 38.95 600
322 P 26.71 38.92 569
323 P 27.03 38.95 498
324 P 27.11 38.98 575
325 P 27.23 38.95 515
326 P 27.15 38.88 462
327 P 27.33 38.87 466
328 P 27.60 38.78 385
329 P 27.78 38.81 343
330 P 27.94 38.83 298
331 P 26.99 38.81 254
332 P 27.36 38.85 423
333 P 27.31 38.83 405
334 P 27.70 38.78 391
335 P 27.27 38.87 444
336 P 27.58 38.81 453
337 P 27.36 38.75 494
338 P 27.14 38.74 526
339 P 27.89 38.72 387
340 P 27.68 38.74 514
341 P 27.50 38.71 433
342 P 27.04 38.74 508
343 P 27.31 38.88 526
344 P 27.37 38.86 431
345 P 27.05 38.85 390
346 P 26.97 38.92 407
347 P 26.05 38.96 471
348 P 28.28 38.91 417
349 P 27.21 38.93 448
350 P 27.02 38.96 381
351 P 27.54 39.09 310
352 P 27.54 39.13 226
353 P 27.70 39.05 311
354 P 28.73 38.52 113
