% Nframe | type | QP | PSNR | size (Bytes) 
0 I 29.60 36.63 4004
1 P 32.18 36.31 104
2 P 30.55 36.06 195
3 P 31.95 35.81 322
4 P 33.28 35.72 400
5 P 32.08 35.75 494
6 P 31.50 35.66 403
7 P 33.07 35.68 461
8 P 33.20 35.59 348
9 P 32.94 35.49 296
10 P 33.00 35.78 406
11 P 32.47 35.65 453
12 P 35.43 34.74 140
13 P 33.61 35.55 592
14 P 28.78 36.65 1204
15 P 26.15 37.53 1319
16 P 24.68 38.36 1616
17 P 24.10 39.15 2100
18 P 23.14 39.75 2556
19 P 22.69 40.22 2777
20 P 21.73 40.62 2402
21 P 21.19 41.10 2374
22 P 20.51 41.62 3310
23 P 20.10 42.06 3505
24 P 19.50 42.65 3781
25 P 19.42 42.84 3960
26 P 19.35 42.78 3568
27 P 19.65 42.91 3253
28 P 19.55 42.92 3007
29 P 20.35 42.73 3316
30 P 20.29 42.39 3597
31 P 20.26 42.23 3632
32 P 20.72 42.27 2996
33 P 21.01 42.26 2760
34 P 20.97 41.90 3021
35 P 21.45 41.74 3045
36 P 21.93 41.37 2763
37 P 22.39 41.33 2062
38 P 22.43 41.31 1766
39 P 23.29 41.26 2076
40 P 22.79 41.15 2156
41 P 23.30 41.03 1934
42 P 23.39 40.88 1975
43 P 23.76 40.85 1931
44 P 23.74 40.67 1645
45 P 24.25 40.59 1743
46 P 23.36 40.52 1798
47 P 24.30 40.37 1522
48 P 24.86 40.52 1466
49 P 24.38 40.55 1165
50 P 24.45 40.59 1349
51 P 23.79 40.57 1808
52 P 24.50 40.43 1749
53 P 24.92 40.47 1680
54 P 24.18 40.46 1843
55 P 24.19 40.49 1774
56 P 24.13 40.50 1717
57 P 23.97 40.52 2059
58 P 23.71 40.46 1920
59 P 24.00 40.57 2563
60 P 23.13 40.51 2646
61 P 23.47 40.49 2889
62 P 23.14 40.49 2548
63 P 22.75 40.53 2670
64 P 23.17 40.53 2527
65 P 22.82 40.53 2306
66 P 23.11 40.48 2407
67 P 22.57 40.55 2210
68 P 23.16 40.65 2114
69 P 22.97 40.48 2093
70 P 23.47 40.42 2546
71 P 23.14 40.42 2469
72 P 23.61 40.36 2453
73 P 23.64 40.23 2090
74 P 23.81 40.21 2000
75 P 23.98 40.23 2355
76 P 24.57 40.31 2675
77 P 24.40 40.34 2831
78 P 23.65 40.59 3198
79 P 23.50 40.40 3006
80 P 23.52 40.14 3244
81 P 23.83 40.09 3307
82 P 24.29 39.97 3217
83 P 23.68 39.93 2938
84 P 24.00 40.02 2730
85 P 23.91 40.12 2662
86 P 23.72 40.14 2355
87 P 24.05 40.13 2332
88 P 24.00 40.00 2401
89 P 24.42 39.85 2414
90 P 24.23 39.73 2352
91 P 24.45 39.59 2267
92 P 24.42 39.68 2347
93 P 24.64 39.50 2183
94 P 24.75 39.55 1751
95 P 25.52 39.50 1695
96 P 25.79 39.46 1628
97 P 25.20 39.45 1544
98 P 25.07 39.32 1726
99 P 25.18 39.36 1769
100 P 25.08 39.24 1780
101 P 25.10 39.16 1561
102 P 25.16 39.12 1636
103 P 25.47 39.37 1987
104 P 25.67 39.29 2102
105 P 25.31 39.12 2142
106 P 26.61 39.14 1970
107 P 26.69 39.11 1839
108 P 26.34 39.16 1842
109 P 26.12 39.24 1901
110 P 25.90 39.22 1963
111 P 25.39 39.23 1886
112 P 25.37 39.28 1705
113 P 25.48 39.44 1603
114 P 25.44 39.46 1446
115 P 25.81 39.50 1537
116 P 25.81 39.58 1572
117 P 25.68 39.54 1787
118 P 26.22 39.41 1790
119 P 26.28 39.35 1918
120 P 26.44 39.26 1855
121 P 26.41 39.39 1847
122 P 26.15 39.48 1834
123 P 26.61 39.41 1569
124 P 26.09 39.53 1484
125 P 26.77 39.41 1629
126 P 26.53 39.44 1760
127 P 27.22 39.37 1768
128 P 26.75 39.58 2086
129 P 26.87 39.74 1999
130 P 26.65 39.86 1884
131 P 26.06 40.00 1995
132 P 26.48 39.92 2018
133 P 26.22 39.93 2045
134 P 25.99 39.87 1929
135 P 25.85 39.78 1665
136 P 26.33 39.81 1736
137 P 26.06 39.76 1649
138 P 25.67 39.75 1506
139 P 26.28 39.78 1253
140 P 26.57 39.76 1755
141 P 26.26 39.90 2058
142 P 26.35 39.92 2236
143 P 25.96 39.93 1916
144 P 26.29 40.02 2341
145 P 25.75 40.05 2320
146 P 25.96 40.30 2539
147 P 24.98 40.16 2981
148 P 24.33 39.83 3350
149 P 24.09 39.65 3636
150 P 24.14 39.65 3715
151 P 23.74 39.83 3463
152 P 23.66 40.02 3262
153 P 24.02 40.16 3388
154 P 23.87 40.26 3415
155 P 23.76 40.49 3491
156 P 23.72 40.62 3610
157 P 23.85 40.66 3455
158 P 23.78 40.88 3597
159 P 24.02 41.00 3409
160 P 24.22 41.05 3350
161 P 24.04 41.26 3464
162 P 23.71 42.00 3348
163 P 23.37 42.74 3115
164 P 22.96 43.46 2654
165 P 22.62 44.23 2156
166 P 22.03 43.96 2121
167 P 22.12 43.83 2413
168 P 22.14 43.77 2297
169 P 22.59 43.03 2414
170 P 22.84 42.61 2814
171 P 23.06 42.67 2562
172 P 23.49 42.12 2584
173 P 23.76 42.04 2670
174 P 25.28 41.12 3319
175 P 25.15 40.73 3260
176 P 25.08 40.57 3333
177 P 25.41 40.53 3100
178 P 25.51 40.31 3116
179 P 25.45 39.93 3364
180 P 25.36 39.83 3348
181 P 25.72 39.35 3343
182 P 25.87 39.15 3422
183 P 25.94 38.99 3288
184 P 26.25 38.66 3462
185 P 26.13 38.43 3418
186 P 26.51 38.19 3418
187 P 26.48 38.14 3381
188 P 26.88 38.11 3012
189 P 26.63 38.11 2813
190 P 26.88 38.12 3026
191 P 27.20 37.81 2937
192 P 27.26 37.51 3046
193 P 27.46 37.27 3138
194 P 27.48 37.07 2944
195 P 27.80 36.97 2816
196 P 28.04 36.96 2898
197 P 28.04 36.66 3060
198 P 28.07 36.59 2616
199 P 28.14 36.26 2801
200 P 28.21 35.83 3108
201 P 28.57 35.18 3684
202 P 28.65 34.53 4057
203 P 29.00 33.62 4131
204 P 29.24 33.03 3737
205 P 28.94 33.08 3308
206 P 29.24 33.05 2452
207 P 29.37 32.95 2479
208 P 29.53 32.90 1565
209 P 29.31 32.88 1886
210 P 29.60 32.91 1177
211 P 29.45 32.81 986
212 P 29.80 32.74 873
213 P 29.77 32.80 1241
214 P 29.93 32.76 927
215 P 29.90 32.70 1015
216 P 30.05 32.60 1040
217 P 30.23 32.64 1018
218 P 30.09 32.73 692
219 P 30.09 32.78 485
220 P 29.92 32.86 312
221 P 30.06 32.87 188
222 P 30.39 32.87 206
223 P 29.02 33.00 286
224 P 29.67 32.97 163
225 P 29.13 33.02 174
226 P 29.96 32.95 499
227 P 30.11 32.93 671
228 P 29.67 33.02 734
229 P 29.33 33.10 494
230 P 29.45 33.11 543
231 P 29.49 33.24 357
232 P 28.95 33.23 223
233 P 29.65 33.29 277
234 P 29.01 33.33 332
235 P 28.85 33.34 381
236 P 29.21 33.39 340
237 P 28.95 33.39 537
238 P 28.93 33.34 494
239 P 28.95 33.31 706
240 P 28.84 33.32 681
241 P 28.92 33.38 805
242 P 28.73 33.48 1052
243 P 28.57 33.54 1083
244 P 28.52 33.56 977
245 P 28.37 33.59 636
246 P 27.99 33.68 711
247 P 30.52 33.39 146
% Nframe | type | QP | PSNR | size (Bytes) 
25 P 23.18 40.15 868
26 P 21.64 40.40 2385
27 P 23.81 40.33 1962
28 P 24.62 40.25 1731
29 P 24.20 40.37 2164
30 P 23.64 40.57 1775
31 P 23.78 40.54 452
32 P 24.00 40.24 1674
33 P 24.69 40.12 1793
34 P 24.19 40.14 2597
35 P 24.32 39.91 2026
36 P 25.00 39.73 2171
37 P 24.68 39.85 2615
38 P 23.98 39.94 971
39 P 23.60 39.74 3042
40 P 23.91 39.78 2581
41 P 22.85 39.82 2415
42 P 24.63 39.91 2322
43 P 23.79 40.18 2495
44 P 24.31 40.18 2500
45 P 24.00 40.29 2543
46 P 23.51 40.27 2485
47 P 24.61 40.22 2383
48 P 23.44 40.31 2897
49 P 22.91 40.31 919
50 P 24.55 40.33 2312
51 P 24.41 40.25 2238
52 P 24.73 40.10 2166
53 P 24.78 39.78 2457
54 P 24.11 40.28 4472
55 P 24.38 40.24 828
56 P 24.55 39.88 2105
57 P 24.58 39.79 2097
58 P 23.74 39.77 2814
59 P 24.15 39.75 2378
60 P 24.22 39.61 2293
61 P 23.72 39.74 2478
62 P 24.08 39.69 2642
63 P 24.91 39.72 2582
64 P 24.09 39.83 2561
65 P 24.61 39.67 2247
66 P 24.83 39.62 2218
67 P 23.87 39.80 2450
68 P 24.85 39.66 2351
69 P 23.81 39.61 2330
70 P 25.08 39.51 2294
71 P 25.17 39.34 2340
72 P 23.85 39.88 3039
73 P 24.03 39.84 789
74 P 25.00 39.42 2107
75 P 25.10 39.66 2287
76 P 25.06 39.51 2090
77 P 24.03 39.47 2519
78 P 24.30 39.72 2106
79 P 25.33 39.63 658
80 P 24.68 39.52 2030
81 P 25.39 39.45 1793
82 P 25.09 39.53 2422
83 P 24.65 39.48 1882
84 P 25.63 39.45 1870
85 P 25.03 39.47 2080
86 P 25.62 39.34 1844
87 P 25.69 39.36 1906
88 P 25.24 39.38 2113
89 P 25.18 39.38 1937
90 P 25.95 39.38 1744
91 P 25.79 39.44 2048
92 P 24.79 39.28 2129
93 P 25.73 39.37 2255
94 P 25.36 39.32 2259
95 P 25.69 39.26 2116
96 P 25.34 39.76 3059
97 P 24.88 39.75 727
98 P 24.41 39.48 2383
99 P 25.00 39.54 2695
100 P 25.50 39.37 2576
101 P 24.96 39.32 3136
102 P 25.29 39.56 2933
103 P 24.53 39.60 1042
104 P 25.71 39.30 2498
105 P 24.00 39.54 2775
106 P 25.58 39.51 2413
107 P 25.91 39.44 2390
108 P 25.89 39.08 2287
109 P 25.55 39.74 3973
110 P 25.43 39.65 2269
111 P 25.69 39.60 2216
112 P 25.83 39.53 1828
113 P 26.25 39.43 1796
114 P 25.93 39.49 1925
115 P 25.50 39.65 1873
116 P 25.73 39.53 2034
117 P 25.42 39.47 2071
118 P 25.19 39.44 2028
119 P 25.37 39.44 2078
120 P 25.84 39.51 2002
121 P 25.89 39.49 1853
122 P 25.92 39.24 1629
123 P 25.88 39.32 1848
124 P 25.80 39.41 1736
125 P 26.01 39.40 590
126 P 25.80 39.46 1619
127 P 25.82 39.39 1476
128 P 25.95 39.50 1820
129 P 26.07 39.47 1395
130 P 25.98 39.65 1923
131 P 25.61 39.62 675
132 P 26.23 39.38 1827
133 P 25.96 39.38 2169
134 P 26.09 39.56 1850
135 P 25.85 39.50 1678
136 P 26.01 39.46 1621
137 P 25.96 39.57 1476
138 P 25.93 39.59 1363
139 P 25.53 39.62 1392
140 P 25.33 39.73 1400
141 P 25.77 39.61 1480
142 P 25.48 39.83 1973
143 P 25.29 39.92 878
144 P 25.52 39.76 1506
145 P 25.42 39.74 1408
146 P 25.66 39.72 1317
147 P 25.41 39.69 1665
148 P 25.42 39.72 1477
149 P 24.57 39.82 572
150 P 25.31 39.84 1572
151 P 25.33 39.76 1459
152 P 25.00 39.87 2099
153 P 25.22 39.79 1821
154 P 25.52 39.92 1947
155 P 25.28 39.97 773
156 P 25.52 39.84 1755
157 P 25.24 39.90 2418
158 P 25.00 39.94 1844
159 P 25.32 39.86 1906
160 P 24.88 39.93 1936
161 P 24.89 39.92 1963
162 P 25.11 39.83 1635
163 P 24.60 40.04 3754
164 P 24.88 39.88 2052
165 P 24.86 39.79 1924
166 P 24.67 40.15 2754
167 P 24.64 40.16 568
168 P 24.68 39.91 2140
169 P 24.69 39.82 2225
170 P 24.52 39.76 2264
171 P 24.89 39.77 2795
172 P 24.84 39.95 2699
173 P 24.64 39.90 958
174 P 24.95 39.79 2570
175 P 25.16 39.76 2309
176 P 25.00 39.83 2905
177 P 24.91 39.92 2407
178 P 24.54 40.10 2538
179 P 23.99 40.08 690
180 P 24.64 39.88 1879
181 P 24.49 39.93 2373
182 P 24.36 39.95 1841
183 P 24.67 39.89 1888
184 P 24.69 40.01 2018
185 P 24.57 39.94 2155
186 P 24.82 39.92 2242
187 P 24.37 39.94 2271
188 P 24.84 39.83 2276
189 P 24.72 39.75 2026
190 P 24.71 39.93 2493
191 P 24.39 40.05 782
192 P 24.46 39.91 1882
193 P 24.69 39.92 2013
194 P 24.49 39.91 1990
195 P 24.74 40.01 2480
196 P 24.60 40.12 2352
197 P 23.96 40.10 998
198 P 24.78 39.92 1969
199 P 24.52 39.90 2040
200 P 24.82 40.04 2557
201 P 24.77 39.95 2104
202 P 24.45 40.04 2489
203 P 24.18 40.02 1263
204 P 24.46 39.86 2610
205 P 24.56 39.81 2261
206 P 24.20 39.86 1926
207 P 24.71 39.83 1852
208 P 24.92 39.95 1931
209 P 24.73 39.70 1523
210 P 25.43 40.45 3205
211 P 24.83 40.27 1681
212 P 23.81 40.23 1890
213 P 24.47 40.23 2008
214 P 24.32 40.59 2819
215 P 24.72 40.56 471
216 P 24.05 40.36 2004
217 P 24.23 40.29 1956
218 P 24.45 40.36 1925
219 P 24.47 40.24 2119
220 P 24.06 40.39 1999
221 P 24.10 40.39 438
222 P 24.62 40.16 1793
223 P 25.19 40.05 1995
224 P 24.97 40.15 2733
225 P 25.12 40.14 2475
226 P 24.76 40.38 2841
227 P 24.95 40.30 793
228 P 25.03 40.11 2837
229 P 24.59 40.15 2206
230 P 23.87 40.23 2008
231 P 23.86 40.10 1929
232 P 24.40 40.11 1896
233 P 24.25 40.24 1812
234 P 24.20 40.28 1716
235 P 24.38 40.25 1777
236 P 24.58 40.29 1991
237 P 24.77 40.16 1916
238 P 24.50 40.30 2713
239 P 24.50 40.23 790
240 P 24.52 40.10 2167
241 P 24.81 40.08 2225
242 P 24.85 39.96 1990
243 P 24.97 40.14 2676
244 P 24.98 40.32 2167
245 P 24.62 40.30 583
246 P 24.69 40.16 1911
247 P 24.89 40.10 2324
248 P 24.76 40.06 1863
249 P 24.48 40.12 2034
250 P 24.59 40.17 1870
251 P 24.79 40.27 702
252 P 24.27 40.14 2318
253 P 24.40 40.08 1821
254 P 24.74 40.03 1897
255 P 26.82 39.59 1552
% Nframe | type | QP | PSNR | size (Bytes) 
25 P 20.35 44.73 4379
26 P 20.69 44.22 4163
27 P 21.28 43.47 4408
28 P 21.82 42.39 4050
29 P 22.67 40.91 4131
30 P 24.04 40.59 2709
31 P 24.56 40.70 2788
32 P 24.56 40.61 2738
33 P 25.27 40.66 2359
34 P 24.63 40.88 2124
35 P 24.84 40.77 1616
36 P 24.78 40.85 1420
37 P 25.80 40.89 1343
38 P 25.24 40.65 1345
39 P 25.72 39.94 1398
40 P 26.84 39.37 1270
41 P 27.59 38.84 1084
42 P 27.54 38.66 1105
43 P 28.11 38.48 1060
44 P 28.87 38.58 860
45 P 28.87 38.70 859
46 P 28.63 38.71 977
47 P 28.26 38.74 847
48 P 28.26 39.02 946
49 P 27.74 39.04 997
50 P 27.53 38.81 1134
51 P 27.59 38.84 1403
52 P 27.67 38.92 1539
53 P 26.52 39.02 1492
54 P 26.55 39.02 1174
55 P 25.86 39.24 1123
56 P 26.43 39.38 869
57 P 26.06 39.39 900
58 P 25.52 39.45 932
59 P 26.14 39.57 880
60 P 25.93 39.65 972
61 P 25.97 39.74 1056
62 P 25.44 39.81 1111
63 P 25.10 39.81 1101
64 P 25.93 39.74 1066
65 P 25.66 39.74 991
66 P 25.80 39.73 792
67 P 25.77 39.88 784
68 P 24.91 40.02 1065
69 P 24.85 39.98 1235
70 P 25.23 40.00 1499
71 P 25.34 39.93 1928
72 P 24.20 40.10 2057
73 P 25.12 40.04 1842
74 P 24.53 40.13 1742
75 P 24.01 40.32 1490
76 P 24.26 40.45 1339
77 P 22.56 40.67 1313
78 P 22.56 40.76 1319
79 P 22.86 40.81 1371
80 P 23.62 40.79 1322
81 P 22.86 40.83 1016
82 P 22.63 40.94 794
83 P 23.61 40.97 854
84 P 23.72 40.92 1001
85 P 23.71 40.84 1129
86 P 23.04 40.85 1326
87 P 23.40 40.93 1499
88 P 23.49 40.92 1612
89 P 23.43 41.00 1728
90 P 23.32 41.03 1803
91 P 22.61 40.96 1764
92 P 22.53 41.04 1729
93 P 22.98 41.05 1693
94 P 21.97 41.22 1725
95 P 22.22 41.33 1536
96 P 22.48 41.37 1388
97 P 21.54 41.50 1386
98 P 22.41 41.59 1215
99 P 22.36 41.71 1149
100 P 21.71 41.82 1272
101 P 22.14 41.79 1147
102 P 22.58 41.82 1247
103 P 22.56 41.83 1245
104 P 21.99 41.74 1197
105 P 21.75 41.79 1282
106 P 22.16 41.87 1311
107 P 21.71 41.94 1095
108 P 22.01 42.06 792
109 P 21.75 42.06 852
110 P 21.73 42.03 916
111 P 21.69 42.04 912
112 P 21.75 42.15 1008
113 P 21.87 42.18 1055
114 P 21.98 42.17 1172
115 P 22.08 42.29 1026
116 P 21.36 42.36 746
117 P 21.27 42.40 816
118 P 21.55 42.48 958
119 P 21.04 42.49 1203
120 P 21.45 42.55 1199
121 P 21.37 42.56 1267
122 P 21.57 42.51 1365
123 P 20.80 42.62 1683
124 P 20.82 42.56 1455
125 P 20.78 42.78 1758
126 P 20.36 42.81 1496
127 P 20.30 42.93 1446
128 P 20.34 42.92 1379
129 P 20.22 43.06 1563
130 P 19.97 43.08 1156
131 P 19.95 43.13 1298
132 P 19.05 43.22 1444
133 P 19.37 43.31 1137
134 P 20.16 43.32 1116
135 P 19.43 43.35 1373
136 P 19.33 43.37 1400
137 P 19.53 43.38 1431
138 P 19.04 43.39 1456
139 P 19.12 43.55 1403
140 P 18.82 43.64 737
141 P 18.32 43.65 605
142 P 18.46 43.66 1015
143 P 18.98 43.75 1253
144 P 18.66 43.70 1143
145 P 18.52 43.79 987
146 P 17.94 43.97 1129
147 P 17.93 43.98 900
148 P 17.96 43.98 889
149 P 18.45 43.94 1078
150 P 18.85 43.82 1373
151 P 18.56 43.84 1541
152 P 18.12 43.83 1581
153 P 18.01 43.96 2016
154 P 17.49 44.08 1920
155 P 17.93 44.17 1618
156 P 17.44 44.25 1152
157 P 17.73 44.33 1315
158 P 17.89 44.38 1465
159 P 17.87 44.36 1129
160 P 17.36 44.52 1175
161 P 17.65 44.54 1434
162 P 17.09 44.66 1071
163 P 17.35 44.71 919
164 P 16.80 44.71 1115
165 P 16.84 44.71 1020
166 P 17.27 44.73 1110
167 P 16.52 44.65 1193
168 P 16.56 44.73 1422
169 P 16.36 44.84 1478
170 P 16.51 44.88 953
171 P 15.92 44.92 1015
172 P 16.08 45.04 1271
173 P 16.48 45.01 1513
174 P 16.32 45.03 1604
175 P 15.99 44.93 1594
176 P 16.08 45.00 2247
177 P 16.29 45.06 1737
178 P 15.98 45.17 1217
179 P 15.84 45.24 1037
180 P 16.09 45.28 1333
181 P 15.99 45.29 1531
182 P 15.85 45.31 1315
183 P 15.60 45.30 1436
184 P 15.33 45.41 1164
185 P 15.23 45.52 823
186 P 15.73 45.59 841
187 P 15.39 45.66 1025
188 P 15.41 45.69 1012
189 P 15.40 45.46 1392
190 P 15.74 45.42 2193
191 P 15.91 45.39 2490
192 P 15.58 45.56 2804
193 P 15.28 45.50 1999
194 P 15.62 45.55 1979
195 P 15.46 45.62 1681
196 P 14.88 45.64 1488
197 P 14.52 45.75 1424
198 P 15.08 45.81 1615
199 P 14.82 45.81 1771
200 P 14.99 45.79 2129
201 P 15.32 45.82 1720
202 P 14.96 45.81 2412
203 P 14.89 45.77 2580
204 P 15.21 45.76 2557
205 P 15.50 45.67 2701
206 P 14.94 45.68 2983
207 P 14.97 45.66 2980
208 P 15.00 45.77 3284
209 P 15.08 45.75 2911
210 P 14.76 45.83 2498
211 P 14.75 45.78 2284
212 P 14.75 45.75 2456
213 P 14.87 45.76 2979
214 P 14.83 45.80 2995
215 P 14.94 45.76 2567
216 P 14.78 45.83 2558
217 P 15.37 45.84 1908
218 P 14.53 45.88 1216
219 P 14.88 45.96 1375
220 P 15.08 45.95 1682
221 P 15.27 45.89 1921
222 P 15.13 45.77 2144
223 P 15.34 45.69 2259
224 P 15.34 45.68 2528
225 P 15.67 45.58 2729
226 P 15.69 45.53 2789
227 P 15.52 45.54 2550
228 P 15.71 45.57 2583
229 P 15.37 45.51 2436
230 P 15.60 45.52 2169
231 P 15.42 45.59 2330
232 P 15.24 45.61 2255
233 P 15.45 45.70 1955
234 P 15.40 45.72 1528
235 P 15.05 45.76 1368
236 P 14.93 45.87 1218
237 P 14.83 45.87 1485
238 P 15.28 45.75 1607
239 P 15.66 45.66 1956
240 P 15.80 45.65 1552
241 P 15.58 45.69 1075
242 P 15.65 45.69 1221
243 P 14.99 45.73 1258
244 P 14.77 45.83 797
245 P 14.91 45.87 946
246 P 15.22 45.87 836
247 P 15.31 45.96 721
248 P 15.21 46.00 866
249 P 15.23 46.05 890
250 P 14.83 46.08 630
251 P 14.95 46.09 679
252 P 15.17 46.17 842
253 P 15.62 46.13 944
254 P 14.95 46.11 900
255 P 14.97 46.12 952
256 P 15.25 46.11 1107
257 P 15.60 46.15 837
258 P 14.70 46.12 1389
259 P 15.10 46.12 1209
260 P 14.95 46.08 1291
261 P 14.62 46.08 1297
262 P 14.62 46.17 1542
263 P 14.35 46.24 1525
264 P 14.57 46.26 1299
265 P 14.18 46.36 1094
266 P 14.42 46.43 1486
267 P 14.04 46.42 1448
268 P 14.10 46.41 1532
269 P 14.12 46.50 2230
270 P 14.35 46.42 2348
271 P 14.09 46.50 2328
272 P 14.02 46.56 2144
273 P 13.81 46.54 2226
274 P 14.18 46.48 2352
275 P 13.96 46.51 2678
276 P 14.29 46.49 2600
277 P 13.84 46.59 2637
278 P 14.11 46.54 3027
279 P 13.87 46.58 3480
280 P 13.77 46.57 3979
281 P 13.85 46.50 4076
282 P 13.84 46.51 4550
283 P 13.85 46.46 4571
284 P 14.03 46.43 4961
285 P 13.78 46.42 5043
286 P 13.89 46.41 5135
287 P 13.87 46.40 4826
288 P 14.15 46.45 5209
289 P 13.98 46.36 5450
290 P 14.19 46.35 5593
291 P 14.35 46.28 5227
292 P 14.48 46.23 5056
293 P 14.84 46.20 4998
294 P 14.71 46.04 4976
295 P 14.91 45.96 4941
296 P 14.91 45.88 4736
297 P 15.51 45.74 4613
298 P 15.38 45.60 4635
299 P 15.40 45.54 4601
300 P 15.38 45.49 4451
301 P 15.81 45.35 4154
302 P 15.83 45.22 4077
303 P 16.03 45.06 3933
304 P 16.23 44.99 3917
305 P 16.31 44.92 3733
306 P 16.72 44.85 3495
307 P 16.41 44.85 3511
308 P 17.21 44.68 3060
309 P 16.62 44.63 2938
310 P 16.61 44.60 2805
311 P 16.73 44.58 3006
312 P 17.32 44.56 2983
313 P 17.54 44.54 3091
314 P 17.59 44.51 3233
315 P 17.61 44.38 3117
316 P 17.61 44.30 3114
317 P 17.50 44.22 3038
318 P 17.35 44.20 2692
319 P 17.58 44.09 2467
320 P 17.90 44.00 2680
321 P 18.37 43.98 2599
322 P 18.08 43.96 2484
323 P 18.14 43.92 2344
324 P 18.48 43.89 2296
325 P 17.98 43.97 2482
326 P 17.98 43.94 2221
327 P 18.34 43.92 1998
328 P 18.39 43.94 1959
329 P 18.63 43.95 1750
330 P 17.90 43.84 1387
331 P 18.49 43.91 1420
332 P 18.44 43.86 1713
333 P 19.09 43.86 1917
334 P 18.31 43.79 1957
335 P 18.65 43.77 2147
336 P 18.83 43.72 2098
337 P 18.38 43.73 2088
338 P 18.70 43.70 2226
339 P 18.86 43.73 2239
340 P 18.99 43.64 2114
341 P 18.91 43.76 2357
342 P 19.09 43.69 2175
343 P 18.58 43.73 2074
344 P 18.29 43.75 2011
345 P 18.54 43.76 1986
346 P 19.10 43.87 1793
347 P 18.68 43.81 2047
348 P 19.06 43.81 2197
349 P 18.57 43.86 1957
350 P 18.93 43.87 1908
351 P 18.80 43.87 1269
352 P 18.93 43.93 1090
353 P 18.79 43.83 1405
354 P 19.76 43.03 735
