% Nframe | type | QP | PSNR | size (Bytes) 
0 I 29.34 37.56 7307
1 P 32.77 37.15 172
2 P 32.39 36.90 453
3 P 32.64 36.79 757
4 P 32.52 36.83 892
5 P 31.71 36.81 874
6 P 31.90 36.89 948
7 P 31.67 36.71 937
8 P 32.13 36.55 846
9 P 32.58 36.54 774
10 P 32.41 36.56 756
11 P 32.46 36.78 1114
12 P 36.32 35.43 324
13 P 32.81 35.98 1015
14 P 31.57 36.75 1548
15 P 27.97 37.46 1563
16 P 26.79 38.33 2083
17 P 25.86 39.21 3042
18 P 24.79 39.51 3476
19 P 24.37 39.76 4026
20 P 23.70 39.99 3921
21 P 23.05 40.40 3148
22 P 22.82 40.90 4197
23 P 22.52 41.34 5039
24 P 21.74 41.70 5165
25 P 21.33 41.76 5890
26 P 21.34 41.83 5202
27 P 21.12 42.11 4872
28 P 20.85 42.18 4798
29 P 21.54 41.86 5061
30 P 21.50 41.74 5891
31 P 22.10 41.66 5707
32 P 22.30 41.76 4876
33 P 22.58 41.70 4327
34 P 22.39 41.53 5178
35 P 22.83 41.19 4992
36 P 23.53 41.14 4613
37 P 23.68 40.93 2959
38 P 24.20 40.97 2480
39 P 24.05 40.86 2954
40 P 25.19 40.78 3098
41 P 24.46 40.56 2889
42 P 24.86 40.52 2660
43 P 25.71 40.43 2531
44 P 24.90 40.32 2395
45 P 24.85 40.22 2452
46 P 26.24 40.05 2523
47 P 26.96 39.81 2385
48 P 27.99 39.76 2037
49 P 26.79 39.94 1528
50 P 27.61 40.18 1780
51 P 26.80 40.01 2521
52 P 26.65 39.97 2796
53 P 27.13 39.83 2253
54 P 26.33 39.90 2634
55 P 26.75 39.84 2491
56 P 26.09 39.82 2406
57 P 25.78 39.79 2609
58 P 25.87 39.96 2658
59 P 25.64 40.11 3611
60 P 25.43 40.24 3956
61 P 24.65 40.14 4224
62 P 24.96 40.16 4044
63 P 25.11 40.23 4086
64 P 25.07 40.07 3420
65 P 24.84 40.04 3233
66 P 24.75 40.08 3563
67 P 24.97 40.16 3326
68 P 24.52 40.24 3001
69 P 24.66 40.17 3400
70 P 24.95 40.05 3580
71 P 24.65 40.04 3613
72 P 24.66 40.04 3707
73 P 24.82 39.85 3158
74 P 25.52 39.77 2927
75 P 25.85 39.86 3464
76 P 25.62 39.92 3917
77 P 25.36 40.20 4459
78 P 24.89 40.50 4739
79 P 25.53 40.29 4658
80 P 25.78 39.95 4978
81 P 25.14 39.84 5199
82 P 26.03 39.55 4754
83 P 25.38 39.68 4562
84 P 25.40 39.76 3954
85 P 25.14 39.89 3776
86 P 25.39 40.07 3561
87 P 25.08 39.90 3471
88 P 25.43 39.93 3693
89 P 25.78 39.73 3591
90 P 25.92 39.58 3588
91 P 26.50 39.57 3726
92 P 26.23 39.37 3585
93 P 26.19 39.29 3380
94 P 26.69 39.24 2571
95 P 26.75 39.27 2605
96 P 27.31 39.17 2263
97 P 26.51 39.34 2226
98 P 26.50 39.14 2448
99 P 26.28 39.00 2632
100 P 26.90 38.86 2640
101 P 26.77 38.76 2306
102 P 26.95 38.82 2472
103 P 27.07 39.00 2843
104 P 27.44 39.03 3161
105 P 27.16 38.87 3324
106 P 27.66 38.94 2843
107 P 27.42 38.84 2607
108 P 27.46 38.94 2958
109 P 27.66 38.92 2737
110 P 27.21 39.05 2946
111 P 27.44 39.04 2903
112 P 27.14 39.01 2505
113 P 27.39 39.01 2380
114 P 26.87 39.16 2232
115 P 27.81 39.26 2104
116 P 27.03 39.35 2407
117 P 28.40 39.26 2616
118 P 28.66 39.25 2600
119 P 28.22 39.07 2922
120 P 28.48 38.95 2804
121 P 28.16 38.91 2683
122 P 27.95 38.97 2876
123 P 28.06 39.13 2503
124 P 28.56 39.21 2139
125 P 28.20 39.12 2401
126 P 28.32 39.01 2499
127 P 27.40 38.94 2613
128 P 28.03 39.18 3110
129 P 27.52 39.42 3153
130 P 27.26 39.78 3152
131 P 27.83 39.88 3250
132 P 28.39 39.69 3225
133 P 27.84 39.61 3315
134 P 27.60 39.49 2805
135 P 28.04 39.46 2462
136 P 28.21 39.48 2949
137 P 28.05 39.44 2662
138 P 27.99 39.31 2229
139 P 28.03 39.46 1933
140 P 28.43 39.53 2603
141 P 28.08 39.46 3122
142 P 27.99 39.48 3296
143 P 28.10 39.69 2922
144 P 27.78 39.90 3268
145 P 28.25 40.01 3455
146 P 27.25 40.22 3947
147 P 26.53 40.23 4636
148 P 26.17 39.79 5168
149 P 25.77 39.51 5630
150 P 25.96 39.55 5575
151 P 25.59 39.85 5214
152 P 25.02 40.00 4824
153 P 24.67 40.19 4983
154 P 25.09 40.32 4975
155 P 24.81 40.55 5033
156 P 24.79 40.78 5046
157 P 25.05 40.83 4838
158 P 25.11 41.00 5176
159 P 25.17 41.17 5080
160 P 25.32 41.17 4963
161 P 25.01 41.51 5685
162 P 24.86 42.26 5522
163 P 24.48 43.00 4950
164 P 23.95 43.71 4640
165 P 23.95 44.67 3899
166 P 23.22 44.31 3756
167 P 23.39 44.26 3880
168 P 23.57 44.21 3825
169 P 24.16 43.37 4123
170 P 23.89 43.02 4706
171 P 24.29 42.85 4501
172 P 24.65 42.25 4219
173 P 25.00 42.19 4043
174 P 25.85 41.38 4902
175 P 26.14 40.80 4704
176 P 26.33 40.60 4710
177 P 26.34 40.58 4643
178 P 26.34 40.26 4760
179 P 27.14 39.87 4742
180 P 26.57 39.61 4869
181 P 26.92 39.31 5301
182 P 26.93 39.10 5331
183 P 27.08 38.89 4918
184 P 27.53 38.50 5383
185 P 27.85 38.13 5405
186 P 27.85 37.91 5403
187 P 27.93 37.74 5204
188 P 27.88 37.75 4726
189 P 27.98 37.94 4177
190 P 27.78 37.93 4596
191 P 27.90 37.53 4463
192 P 28.51 37.34 4961
193 P 28.35 36.97 4657
194 P 28.64 36.71 4462
195 P 29.06 36.57 4218
196 P 29.07 36.45 4726
197 P 29.44 36.18 5099
198 P 29.40 36.07 4162
199 P 29.82 35.78 4220
200 P 29.88 35.24 4584
201 P 30.12 34.71 5947
202 P 30.24 34.01 6222
203 P 30.36 33.31 7271
204 P 30.72 32.45 6282
205 P 31.01 32.08 5154
206 P 30.84 32.04 3863
207 P 31.20 31.78 3819
208 P 31.19 31.72 2687
209 P 31.26 31.75 2623
210 P 31.22 31.75 2076
211 P 31.50 31.71 1696
212 P 31.33 31.84 1723
213 P 31.24 31.91 1615
214 P 31.58 31.82 1524
215 P 31.64 31.75 1259
216 P 32.09 31.69 1311
217 P 31.59 31.64 1144
218 P 31.90 31.59 864
219 P 32.39 31.66 739
220 P 32.32 31.72 438
221 P 31.76 31.74 349
222 P 31.51 31.77 398
223 P 31.54 31.83 275
224 P 31.37 31.85 373
225 P 31.42 31.86 343
226 P 31.42 31.78 734
227 P 31.66 31.78 873
228 P 31.91 31.76 949
229 P 31.71 31.91 989
230 P 31.37 31.90 847
231 P 31.67 31.96 366
232 P 31.47 32.00 515
233 P 30.71 32.03 424
234 P 31.32 32.09 536
235 P 30.60 32.08 671
236 P 30.82 32.15 717
237 P 31.00 32.13 925
238 P 31.02 32.10 753
239 P 31.17 32.13 982
240 P 30.80 32.16 1483
241 P 30.94 32.20 1371
242 P 30.54 32.28 1626
243 P 30.40 32.31 1667
244 P 30.54 32.37 1827
245 P 30.35 32.45 1376
246 P 29.95 32.48 1257
247 P 32.26 32.14 199
% Nframe | type | QP | PSNR | size (Bytes) 
25 P 22.69 40.44 1435
26 P 22.73 40.67 3557
27 P 23.44 40.62 3029
28 P 22.32 40.69 3020
29 P 23.95 40.81 3413
30 P 23.97 40.94 2826
31 P 23.71 40.94 996
32 P 24.37 40.71 2671
33 P 24.96 40.56 2698
34 P 24.80 40.56 4018
35 P 24.56 40.50 3212
36 P 25.17 40.30 3236
37 P 24.57 40.47 4024
38 P 24.51 40.39 1453
39 P 23.46 40.24 4504
40 P 23.83 40.25 3743
41 P 24.48 40.41 3670
42 P 23.98 40.42 3514
43 P 23.06 40.59 3767
44 P 24.74 40.57 3646
45 P 24.20 40.61 3703
46 P 24.32 40.61 3586
47 P 24.43 40.56 3521
48 P 24.10 40.67 4356
49 P 24.13 40.69 1488
50 P 24.96 40.69 3532
51 P 25.41 40.63 3322
52 P 25.24 40.47 3107
53 P 25.38 40.21 3726
54 P 24.44 40.49 7110
55 P 24.46 40.44 1564
56 P 24.92 40.19 3191
57 P 24.43 40.08 3085
58 P 24.65 40.13 4159
59 P 24.47 40.05 3521
60 P 24.38 40.02 3498
61 P 25.20 40.07 3682
62 P 25.13 39.95 3898
63 P 24.65 40.01 3808
64 P 24.55 40.13 3719
65 P 24.87 40.13 3470
66 P 25.02 40.04 3081
67 P 24.60 40.02 3618
68 P 25.14 39.97 3468
69 P 24.15 39.94 3533
70 P 25.97 39.79 3456
71 P 26.07 39.75 3564
72 P 24.72 40.13 4567
73 P 25.28 40.04 1216
74 P 24.90 39.86 3514
75 P 23.74 39.92 3296
76 P 24.57 39.78 3127
77 P 25.38 39.83 3490
78 P 25.07 39.98 3094
79 P 25.74 39.95 1007
80 P 25.92 39.79 3063
81 P 25.74 39.83 2760
82 P 25.98 39.89 3594
83 P 25.48 39.84 2702
84 P 26.06 39.84 2949
85 P 26.24 39.78 2997
86 P 26.28 39.79 2786
87 P 26.07 39.79 2828
88 P 26.27 39.79 3026
89 P 26.49 39.80 2586
90 P 26.30 39.76 2595
91 P 26.45 39.79 2965
92 P 26.26 39.70 2905
93 P 25.91 39.72 3219
94 P 25.33 39.73 3120
95 P 26.01 39.66 2979
96 P 26.15 39.99 4268
97 P 25.28 39.93 1083
98 P 25.54 39.86 3566
99 P 26.06 39.85 3737
100 P 25.87 39.77 3742
101 P 25.97 39.83 4548
102 P 26.19 39.87 4176
103 P 23.77 39.88 1605
104 P 26.44 39.67 3529
105 P 24.92 39.90 4481
106 P 24.96 39.87 3514
107 P 25.65 39.91 3722
108 P 26.69 39.72 3367
109 P 26.39 40.27 6315
110 P 26.47 40.12 3311
111 P 26.41 40.11 3389
112 P 26.36 40.06 2796
113 P 26.39 39.95 2714
114 P 26.38 39.89 2815
115 P 26.46 40.00 2816
116 P 26.37 39.98 2909
117 P 25.73 39.88 3081
118 P 26.04 39.88 3271
119 P 26.16 39.88 3152
120 P 26.42 39.79 2821
121 P 26.73 39.79 2785
122 P 26.23 39.75 2658
123 P 26.39 39.86 2817
124 P 26.40 39.93 2698
125 P 26.42 39.96 961
126 P 26.53 39.90 2321
127 P 26.84 39.90 2382
128 P 26.65 39.95 2671
129 P 26.62 39.95 2392
130 P 26.57 40.07 2712
131 P 26.60 40.05 1137
132 P 26.72 39.84 2744
133 P 26.26 39.91 3394
134 P 26.25 39.90 2732
135 P 26.22 39.94 2763
136 P 26.89 39.92 2567
137 P 26.27 40.03 2310
138 P 25.82 40.14 2377
139 P 26.53 40.07 2306
140 P 26.56 40.11 2254
141 P 25.94 40.08 2394
142 P 25.80 40.27 3221
143 P 25.91 40.27 1327
144 P 25.84 40.25 2574
145 P 25.75 40.20 2057
146 P 25.82 40.06 1986
147 P 25.85 40.07 2685
148 P 25.77 40.24 2530
149 P 25.07 40.31 915
150 P 25.98 40.20 2253
151 P 25.99 40.11 2266
152 P 25.74 40.24 3090
153 P 25.74 40.16 2734
154 P 25.62 40.19 2800
155 P 25.82 40.24 1273
156 P 26.28 40.20 2660
157 P 25.82 40.23 3657
158 P 26.02 40.28 2862
159 P 25.64 40.25 2831
160 P 25.65 40.14 2817
161 P 24.96 40.24 2982
162 P 25.75 40.15 2318
163 P 25.70 40.27 6101
164 P 25.34 40.17 3153
165 P 25.36 40.05 2841
166 P 24.72 40.34 4066
167 P 24.86 40.32 921
168 P 25.36 40.14 3140
169 P 25.56 40.07 3109
170 P 25.30 40.08 3392
171 P 25.38 40.14 4135
172 P 25.27 40.25 3564
173 P 24.95 40.14 1629
174 P 25.59 40.13 3574
175 P 26.00 40.04 3360
176 P 25.47 40.14 4388
177 P 25.81 40.11 3603
178 P 25.10 40.26 3814
179 P 25.17 40.25 1175
180 P 25.21 40.11 2996
181 P 25.45 40.20 3541
182 P 25.41 40.14 2833
183 P 25.28 40.12 2908
184 P 25.63 40.14 2980
185 P 25.31 40.12 3223
186 P 25.46 40.17 3495
187 P 25.33 40.11 3359
188 P 25.19 40.14 3454
189 P 25.27 40.07 2944
190 P 25.32 40.20 4116
191 P 24.50 40.23 1196
192 P 25.06 40.09 2910
193 P 25.51 40.11 3042
194 P 25.54 40.06 2987
195 P 25.28 40.16 3919
196 P 25.14 40.28 3448
197 P 24.88 40.32 1523
198 P 25.44 40.16 3098
199 P 25.54 40.11 2994
200 P 25.45 40.20 3943
201 P 25.19 40.17 3476
202 P 25.28 40.20 3676
203 P 24.98 40.21 2134
204 P 24.99 40.18 4223
205 P 25.08 40.08 3577
206 P 25.34 40.13 3031
207 P 25.25 40.16 2991
208 P 25.56 40.15 2830
209 P 25.77 39.99 2560
210 P 25.94 40.73 4807
211 P 25.35 40.66 2373
212 P 24.88 40.63 2611
213 P 25.35 40.65 2890
214 P 24.83 40.84 4102
215 P 24.82 40.82 927
216 P 24.86 40.70 2982
217 P 25.00 40.60 2837
218 P 24.60 40.61 2758
219 P 24.63 40.65 3397
220 P 24.72 40.72 2632
221 P 24.67 40.80 824
222 P 25.31 40.63 2782
223 P 25.12 40.57 2962
224 P 24.44 40.56 3811
225 P 25.34 40.46 3499
226 P 25.36 40.65 3956
227 P 25.33 40.62 1248
228 P 25.14 40.47 4349
229 P 25.02 40.55 3364
230 P 24.67 40.57 2817
231 P 24.79 40.48 2757
232 P 24.70 40.50 2725
233 P 24.85 40.61 2645
234 P 25.05 40.61 2329
235 P 24.92 40.58 2506
236 P 24.85 40.65 2798
237 P 25.21 40.50 2696
238 P 24.83 40.60 3905
239 P 25.05 40.59 1199
240 P 24.82 40.49 3138
241 P 25.41 40.42 3044
242 P 25.67 40.39 2882
243 P 25.65 40.48 3761
244 P 25.19 40.60 2882
245 P 25.50 40.63 960
246 P 25.03 40.56 2817
247 P 25.18 40.56 3253
248 P 25.41 40.55 2627
249 P 25.36 40.49 2662
250 P 25.15 40.56 2800
251 P 25.27 40.58 1013
252 P 25.16 40.47 3211
253 P 25.66 40.48 2844
254 P 24.99 40.41 2648
255 P 27.08 40.02 2049
% Nframe | type | QP | PSNR | size (Bytes) 
25 P 21.47 44.55 5869
26 P 22.17 44.13 5931
27 P 22.62 43.36 6169
28 P 23.51 42.31 6077
29 P 24.58 40.41 6183
30 P 26.29 40.16 3954
31 P 26.39 40.46 3924
32 P 25.63 40.74 3949
33 P 25.72 40.80 3350
34 P 25.70 41.05 2945
35 P 25.47 41.12 2365
36 P 26.14 41.19 1977
37 P 25.80 41.24 1955
38 P 26.18 40.78 1861
39 P 26.89 40.26 2143
40 P 28.39 39.43 1859
41 P 29.73 38.85 1668
42 P 29.51 38.53 1545
43 P 29.23 38.22 1586
44 P 29.97 38.47 1351
45 P 29.65 38.66 1316
46 P 29.60 38.71 1407
47 P 28.54 38.87 1379
48 P 28.49 39.10 1341
49 P 28.53 39.06 1465
50 P 28.84 38.90 1734
51 P 27.65 38.59 1963
52 P 28.62 38.58 2280
53 P 28.72 38.59 2230
54 P 28.27 38.90 2033
55 P 27.94 39.02 1514
56 P 27.50 39.19 1409
57 P 26.71 39.19 1500
58 P 26.73 39.17 1530
59 P 26.94 39.22 1370
60 P 26.20 39.40 1690
61 P 26.41 39.51 1635
62 P 26.78 39.62 1697
63 P 26.27 39.53 1862
64 P 26.52 39.37 1853
65 P 26.33 39.30 1808
66 P 27.13 39.33 1321
67 P 26.47 39.48 1199
68 P 26.60 39.58 1572
69 P 26.39 39.48 1896
70 P 25.76 39.57 2308
71 P 26.36 39.54 2970
72 P 26.25 39.52 3049
73 P 25.83 39.51 3034
74 P 25.49 39.62 2943
75 P 25.85 39.75 2481
76 P 25.07 39.91 2201
77 P 24.70 40.13 2132
78 P 25.07 40.28 2042
79 P 24.81 40.28 2266
80 P 24.43 40.11 2087
81 P 24.68 40.16 1680
82 P 24.55 40.22 1273
83 P 24.64 40.28 1375
84 P 25.31 40.24 1488
85 P 25.87 40.24 1722
86 P 25.56 40.35 2179
87 P 25.15 40.42 2254
88 P 25.34 40.44 2437
89 P 24.83 40.39 2643
90 P 25.02 40.35 2721
91 P 24.28 40.22 2997
92 P 24.51 40.21 2753
93 P 24.05 40.30 2745
94 P 24.53 40.37 2373
95 P 23.58 40.52 2346
96 P 23.91 40.60 2012
97 P 23.69 40.76 2019
98 P 23.04 40.90 1693
99 P 23.57 40.96 1636
100 P 23.48 40.93 1663
101 P 22.98 40.98 2090
102 P 23.75 40.94 1637
103 P 23.24 40.90 1392
104 P 22.82 40.96 1747
105 P 22.98 40.86 1750
106 P 23.28 40.89 1728
107 P 23.41 40.92 1470
108 P 23.18 41.03 1140
109 P 23.87 41.01 1289
110 P 23.46 41.02 1517
111 P 23.05 41.05 1503
112 P 22.70 41.14 1337
113 P 22.58 41.13 1480
114 P 22.89 41.13 2013
115 P 22.39 41.19 1697
116 P 22.70 41.30 1505
117 P 21.96 41.36 1298
118 P 22.49 41.42 1509
119 P 22.48 41.50 1663
120 P 21.96 41.52 1598
121 P 21.29 41.59 1937
122 P 22.29 41.64 2079
123 P 21.89 41.61 2609
124 P 22.24 41.62 2492
125 P 22.26 41.80 2830
126 P 22.21 41.80 2452
127 P 22.12 41.88 2250
128 P 21.75 41.91 2246
129 P 21.51 42.01 2456
130 P 21.45 42.11 2123
131 P 21.48 42.22 2228
132 P 21.20 42.27 2360
133 P 21.28 42.31 1809
134 P 21.38 42.37 1941
135 P 21.01 42.39 2001
136 P 20.82 42.33 1686
137 P 21.20 42.30 1655
138 P 21.01 42.38 2120
139 P 20.83 42.38 2094
140 P 20.41 42.47 1236
141 P 21.03 42.57 1213
142 P 20.51 42.58 1651
143 P 20.89 42.57 2012
144 P 20.50 42.57 2128
145 P 20.05 42.66 1609
146 P 20.85 42.77 1831
147 P 20.48 42.79 1516
148 P 20.13 42.81 1565
149 P 20.31 42.78 1863
150 P 21.13 42.75 2246
151 P 20.23 42.78 2349
152 P 20.47 42.82 2300
153 P 19.54 42.89 2641
154 P 19.64 42.94 2828
155 P 20.03 43.01 2418
156 P 19.58 43.11 1957
157 P 19.79 43.20 2432
158 P 19.45 43.18 2470
159 P 19.62 43.23 1850
160 P 18.91 43.36 1948
161 P 19.47 43.39 2326
162 P 19.11 43.50 1518
163 P 18.66 43.54 1635
164 P 18.57 43.55 1596
165 P 18.19 43.50 1758
166 P 18.41 43.51 1952
167 P 18.64 43.49 2048
168 P 18.61 43.49 2186
169 P 18.89 43.56 2218
170 P 18.74 43.63 1753
171 P 17.98 43.70 1699
172 P 18.21 43.73 2109
173 P 18.73 43.71 2339
174 P 18.36 43.70 2561
175 P 18.23 43.72 2644
176 P 17.98 43.73 3394
177 P 18.18 43.81 2732
178 P 17.87 43.96 2031
179 P 18.01 44.01 1633
180 P 17.81 44.01 2140
181 P 17.79 43.97 2443
182 P 17.86 44.01 2259
183 P 17.59 44.06 2411
184 P 17.53 44.18 2060
185 P 17.24 44.32 1519
186 P 17.01 44.36 1490
187 P 17.34 44.43 1635
188 P 17.37 44.46 1389
189 P 17.41 44.23 2025
190 P 17.80 44.16 3152
191 P 17.61 44.16 3940
192 P 17.40 44.20 4179
193 P 17.23 44.27 3615
194 P 17.48 44.23 3061
195 P 17.13 44.33 2791
196 P 16.89 44.41 2629
197 P 16.88 44.53 2291
198 P 16.74 44.51 2591
199 P 16.85 44.45 2880
200 P 17.09 44.53 4037
201 P 17.08 44.51 2993
202 P 16.85 44.38 3332
203 P 17.04 44.47 4061
204 P 16.99 44.51 3734
205 P 17.05 44.42 3578
206 P 16.94 44.43 4080
207 P 17.05 44.44 4265
208 P 17.23 44.45 4432
209 P 16.95 44.45 4480
210 P 16.98 44.46 4056
211 P 16.92 44.53 3938
212 P 16.92 44.48 3697
213 P 16.83 44.41 4575
214 P 16.95 44.45 4999
215 P 17.15 44.36 4356
216 P 16.97 44.46 4041
217 P 16.97 44.46 3275
218 P 16.61 44.56 2329
219 P 17.10 44.60 1863
220 P 17.01 44.59 2562
221 P 16.94 44.55 3153
222 P 17.32 44.39 3198
223 P 17.53 44.27 3313
224 P 17.42 44.32 3815
225 P 17.30 44.20 4405
226 P 17.69 44.18 3979
227 P 17.48 44.10 3642
228 P 17.64 44.06 3762
229 P 18.03 44.08 3805
230 P 17.80 44.08 3687
231 P 17.65 44.09 3329
232 P 17.43 44.21 3832
233 P 17.33 44.29 2908
234 P 17.67 44.34 2425
235 P 17.43 44.37 1822
236 P 16.91 44.40 1744
237 P 17.48 44.38 2332
238 P 17.56 44.25 2442
239 P 17.70 44.18 3214
240 P 17.87 44.15 2445
241 P 17.14 44.19 1840
242 P 17.62 44.20 1878
243 P 17.61 44.21 2165
244 P 16.98 44.28 1374
245 P 17.22 44.33 1441
246 P 17.24 44.44 1440
247 P 17.68 44.48 1422
248 P 17.28 44.46 1513
249 P 17.26 44.50 1614
250 P 17.29 44.54 1198
251 P 17.16 44.54 1062
252 P 16.91 44.56 1225
253 P 17.35 44.56 1615
254 P 17.20 44.57 1465
255 P 17.30 44.59 1480
256 P 17.33 44.58 1589
257 P 17.26 44.64 1482
258 P 17.50 44.60 2175
259 P 17.09 44.59 1962
260 P 17.25 44.56 1971
261 P 16.93 44.54 2064
262 P 17.00 44.59 2443
263 P 16.64 44.68 2194
264 P 16.89 44.73 1930
265 P 16.58 44.82 1654
266 P 16.60 44.83 1858
267 P 16.34 44.85 2351
268 P 16.44 44.78 2285
269 P 16.27 44.86 3512
270 P 16.24 44.89 3550
271 P 16.31 44.83 2766
272 P 16.42 44.92 2946
273 P 16.34 44.88 3166
274 P 16.23 44.91 3745
275 P 16.39 44.88 3446
276 P 16.20 44.93 3978
277 P 16.11 44.95 3706
278 P 16.09 44.91 4064
279 P 16.30 44.93 5117
280 P 16.28 45.02 5779
281 P 16.40 44.95 5797
282 P 16.24 45.01 6164
283 P 16.03 45.03 6637
284 P 15.95 44.94 6470
285 P 16.21 44.90 6874
286 P 16.19 44.95 6799
287 P 16.24 44.94 6501
288 P 16.27 44.98 7180
289 P 16.09 45.02 7814
290 P 16.22 45.01 7781
291 P 16.33 44.94 7254
292 P 16.40 44.87 7251
293 P 16.50 44.88 7172
294 P 16.65 44.80 7139
295 P 16.73 44.66 6958
296 P 16.69 44.59 7113
297 P 17.09 44.42 7081
298 P 17.28 44.35 7053
299 P 17.33 44.24 6869
300 P 17.45 44.19 6448
301 P 17.62 44.09 6214
302 P 17.99 43.90 5913
303 P 17.99 43.84 5819
304 P 18.11 43.75 5798
305 P 18.31 43.75 5676
306 P 18.50 43.57 5180
307 P 19.02 43.56 5197
308 P 18.87 43.63 4487
309 P 18.79 43.65 3872
310 P 18.73 43.65 3754
311 P 19.34 43.62 3768
312 P 19.16 43.51 4464
313 P 19.20 43.44 4321
314 P 19.54 43.37 4493
315 P 19.28 43.32 4838
316 P 19.89 43.29 4677
317 P 19.62 43.14 3990
318 P 19.96 43.12 3343
319 P 19.76 43.06 3453
320 P 19.89 42.95 3259
321 P 20.08 42.89 3394
322 P 20.03 42.88 3489
323 P 20.26 42.80 3171
324 P 20.60 42.86 3301
325 P 20.13 42.89 2951
326 P 19.95 42.85 3119
327 P 20.69 42.83 2811
328 P 20.85 42.80 2721
329 P 20.05 42.76 2504
330 P 19.90 42.79 2268
331 P 20.29 42.73 2074
332 P 20.61 42.78 2358
333 P 20.31 42.78 2567
334 P 20.39 42.74 2544
335 P 20.48 42.72 2857
336 P 20.33 42.75 3052
337 P 20.60 42.86 3260
338 P 20.49 42.80 3033
339 P 20.20 42.79 2786
340 P 20.58 42.78 2851
341 P 20.75 42.76 3104
342 P 20.26 42.78 3051
343 P 20.50 42.79 2979
344 P 19.83 42.85 3013
345 P 20.39 42.92 3072
346 P 20.63 42.97 2861
347 P 20.79 42.90 3265
348 P 20.52 42.93 3227
349 P 20.69 42.92 3141
350 P 20.58 42.92 3132
351 P 20.20 42.93 2098
352 P 20.60 42.99 1887
353 P 20.70 42.96 2099
354 P 22.09 42.26 1019
