% Nframe | type | QP | PSNR | size (Bytes) 
0 I 16.40 46.07 9429
1 P 16.90 45.33 1228
2 P 16.74 45.04 1670
3 P 16.58 44.94 2085
4 P 17.31 44.84 2485
5 P 16.68 44.89 2514
6 P 16.50 44.93 2555
7 P 16.22 44.94 2650
8 P 17.67 44.86 2452
9 P 16.91 44.85 2498
10 P 17.17 44.79 2507
11 P 17.48 44.94 2952
12 P 19.24 44.47 2328
13 P 14.52 46.19 4477
14 P 12.65 47.43 5240
15 P 11.50 48.29 5390
16 P 10.69 48.72 6956
17 P 10.10 49.02 7850
18 P 9.73 49.44 8724
19 P 9.26 49.94 9629
20 P 8.76 50.31 9963
21 P 8.45 50.48 10162
22 P 8.27 50.55 11490
23 P 8.13 50.72 12485
24 P 7.80 51.00 13106
25 P 7.69 50.90 13762
26 P 7.64 50.92 13014
27 P 7.56 51.06 13136
28 P 7.62 51.05 12940
29 P 7.73 50.92 13051
30 P 7.83 50.87 13302
31 P 8.00 50.81 12943
32 P 8.25 50.70 11808
33 P 8.33 50.58 11774
34 P 8.54 50.31 12134
35 P 8.76 50.15 11817
36 P 8.95 49.96 11302
37 P 9.22 49.84 9787
38 P 9.38 49.63 9431
39 P 9.72 49.39 9067
40 P 10.00 49.16 8656
41 P 10.14 49.07 8625
42 P 10.30 48.91 8351
43 P 10.55 48.72 8038
44 P 10.68 48.60 8201
45 P 10.70 48.65 8168
46 P 10.79 48.54 7669
47 P 10.83 48.49 6946
48 P 11.04 48.50 6262
49 P 11.08 48.42 6185
50 P 11.18 48.37 6583
51 P 11.25 48.32 7006
52 P 11.32 48.27 6781
53 P 11.34 48.32 6312
54 P 11.32 48.24 6734
55 P 11.35 48.29 6608
56 P 11.38 48.26 6205
57 P 11.57 48.11 6264
58 P 11.52 48.12 6910
59 P 11.52 48.02 7369
60 P 11.45 48.08 8253
61 P 11.24 48.31 8796
62 P 11.24 48.27 8311
63 P 11.13 48.38 8445
64 P 10.88 48.38 8217
65 P 11.07 48.29 7401
66 P 11.03 48.34 8064
67 P 11.15 48.31 7445
68 P 11.07 48.38 7337
69 P 11.10 48.36 8178
70 P 11.10 48.25 8242
71 P 11.18 48.23 8251
72 P 11.07 48.21 8296
73 P 11.15 48.33 7978
74 P 11.26 48.18 7116
75 P 11.40 48.05 7977
76 P 11.48 48.00 8354
77 P 11.42 48.02 8829
78 P 11.27 48.13 9417
79 P 11.40 48.07 9068
80 P 11.27 48.17 9548
81 P 11.46 48.00 9012
82 P 11.47 47.93 9149
83 P 11.40 48.07 8720
84 P 11.57 47.96 8203
85 P 11.60 47.96 8120
86 P 11.69 48.00 8017
87 P 11.66 47.99 8094
88 P 11.77 47.83 8057
89 P 11.65 47.95 8445
90 P 11.69 47.94 8087
91 P 11.67 47.96 7999
92 P 11.79 47.85 8285
93 P 11.88 47.82 7937
94 P 11.86 48.03 7672
95 P 11.88 47.84 7357
96 P 11.92 47.73 6955
97 P 11.86 47.88 6815
98 P 11.89 47.89 6924
99 P 11.89 47.78 7035
100 P 11.91 47.82 6831
101 P 11.97 47.70 6564
102 P 12.01 47.53 6841
103 P 12.06 47.55 7134
104 P 12.03 47.63 7231
105 P 12.02 47.71 7056
106 P 11.95 47.64 6836
107 P 11.99 47.64 6860
108 P 11.85 47.81 6873
109 P 11.83 47.86 6787
110 P 11.84 47.81 6433
111 P 11.79 47.86 6517
112 P 11.66 47.86 5976
113 P 11.52 47.98 6095
114 P 11.56 48.01 6133
115 P 11.60 47.91 6089
116 P 11.78 47.77 6144
117 P 11.68 47.79 6442
118 P 11.75 47.77 6273
119 P 11.68 47.80 6536
120 P 11.50 47.82 6296
121 P 11.48 47.83 6281
122 P 11.60 47.89 6382
123 P 11.52 48.02 6222
124 P 11.56 48.03 5882
125 P 11.56 47.96 6247
126 P 11.58 47.92 6387
127 P 11.62 47.69 6222
128 P 11.57 47.86 6706
129 P 11.53 48.01 6690
130 P 11.23 48.31 6869
131 P 11.34 48.32 6884
132 P 11.20 48.38 7032
133 P 11.36 48.36 7004
134 P 11.27 48.30 6835
135 P 11.13 48.26 6292
136 P 11.09 48.20 6765
137 P 11.02 48.30 6560
138 P 11.17 48.23 6509
139 P 11.24 48.30 6353
140 P 11.16 48.12 6810
141 P 11.22 48.16 7189
142 P 11.39 48.21 7282
143 P 11.14 48.15 6949
144 P 11.36 48.40 7758
145 P 11.37 48.31 7861
146 P 11.32 48.34 8160
147 P 11.35 48.55 9213
148 P 11.45 48.37 9966
149 P 11.63 48.08 10508
150 P 11.53 48.09 10537
151 P 11.38 48.25 10392
152 P 11.59 48.18 9771
153 P 11.60 48.26 10179
154 P 11.53 48.25 10270
155 P 11.60 48.42 10439
156 P 11.60 48.46 9760
157 P 11.67 48.56 9525
158 P 11.88 48.62 9404
159 P 11.88 48.60 9400
160 P 11.82 48.75 9407
161 P 11.80 48.68 9513
162 P 11.57 49.08 9028
163 P 11.22 49.49 8483
164 P 10.75 49.99 7697
165 P 10.40 50.53 6868
166 P 10.08 50.47 6936
167 P 10.09 50.41 7452
168 P 10.21 50.46 7415
169 P 10.18 50.42 7859
170 P 10.30 50.13 8267
171 P 10.64 49.99 8142
172 P 10.94 49.43 8336
173 P 11.20 49.53 8218
174 P 11.70 48.74 9419
175 P 12.10 48.52 9496
176 P 12.16 48.39 9136
177 P 12.27 48.45 9053
178 P 12.33 48.32 9003
179 P 12.40 48.12 9571
180 P 12.48 47.94 9486
181 P 12.54 47.85 10322
182 P 12.77 47.72 10336
183 P 13.05 47.56 10126
184 P 13.28 47.46 10315
185 P 13.21 47.33 10603
186 P 13.23 47.15 9975
187 P 13.45 46.99 10215
188 P 13.28 47.10 10372
189 P 13.35 47.23 9375
190 P 13.48 47.27 9064
191 P 13.64 47.03 9089
192 P 13.58 46.89 9973
193 P 13.60 46.65 10142
194 P 14.03 46.58 9572
195 P 14.20 46.35 9126
196 P 14.07 46.29 9976
197 P 14.32 46.16 9790
198 P 14.11 46.33 9677
199 P 14.20 46.21 9629
200 P 14.35 45.68 10397
201 P 14.61 45.37 12131
202 P 14.65 44.94 14090
203 P 14.69 44.87 15480
204 P 14.87 44.85 13673
205 P 14.96 44.77 13815
206 P 15.01 44.73 14088
207 P 14.92 44.77 14371
208 P 14.95 44.80 10121
209 P 14.92 44.88 10677
210 P 14.95 44.90 7732
211 P 15.05 44.83 8236
212 P 15.15 44.87 8067
213 P 15.20 44.79 8553
214 P 15.34 44.63 8581
215 P 15.34 44.59 8774
216 P 15.31 44.68 8950
217 P 15.38 44.78 6657
218 P 15.39 44.69 5369
219 P 15.48 44.61 3393
220 P 15.53 44.69 1877
221 P 15.57 44.78 1659
222 P 15.47 44.78 1415
223 P 15.45 45.06 1180
224 P 15.58 45.01 1078
225 P 15.77 45.02 2198
226 P 15.59 44.82 4168
227 P 15.70 44.62 4686
228 P 15.72 44.53 5005
229 P 15.74 44.57 3034
230 P 15.66 44.56 2452
231 P 15.40 44.90 1534
232 P 15.38 44.77 1700
233 P 15.44 44.90 1696
234 P 15.24 44.96 1483
235 P 15.27 44.81 2202
236 P 15.30 44.93 2199
237 P 15.21 44.83 3474
238 P 15.22 44.79 4115
239 P 15.16 44.80 5294
240 P 15.01 44.86 6732
241 P 14.99 44.87 6159
242 P 14.94 44.85 6029
243 P 14.88 44.92 6601
244 P 14.83 44.94 7106
245 P 14.68 45.08 4434
246 P 14.65 45.10 4192
247 P 16.44 43.99 2680
% Nframe | type | QP | PSNR | size (Bytes) 
25 P 7.53 52.31 4214
26 P 7.18 52.30 7160
27 P 7.30 52.22 6970
28 P 7.45 52.14 6833
29 P 7.41 52.22 7533
30 P 7.19 52.33 6828
31 P 7.48 52.28 4018
32 P 7.44 52.15 7209
33 P 7.58 52.09 7193
34 P 7.70 52.06 8577
35 P 7.69 51.92 8031
36 P 7.87 51.82 8005
37 P 7.68 51.99 8803
38 P 7.25 52.00 5179
39 P 7.46 51.89 9874
40 P 7.02 51.97 9492
41 P 7.46 52.01 8884
42 P 7.07 52.22 8948
43 P 6.94 52.32 8931
44 P 7.29 52.40 9069
45 P 7.30 52.36 9064
46 P 7.28 52.37 9144
47 P 7.19 52.30 9147
48 P 7.11 52.40 9717
49 P 7.41 52.45 5414
50 P 7.19 52.35 9288
51 P 7.44 52.35 9216
52 P 7.66 52.14 8795
53 P 7.90 51.86 9350
54 P 7.31 52.52 11414
55 P 6.87 52.46 5130
56 P 7.69 51.98 8802
57 P 7.60 52.09 8556
58 P 7.54 52.15 9330
59 P 7.44 52.02 8911
60 P 7.57 52.02 8875
61 P 7.37 52.06 9215
62 P 7.71 51.93 9378
63 P 7.32 51.99 9104
64 P 7.35 52.01 8868
65 P 7.42 51.96 8497
66 P 7.80 51.99 8183
67 P 7.47 52.04 8564
68 P 7.86 51.95 8604
69 P 7.82 51.96 8370
70 P 7.68 51.96 8371
71 P 7.61 51.76 8619
72 P 7.64 52.03 9084
73 P 8.10 52.05 4904
74 P 7.81 51.80 8235
75 P 7.85 51.99 8160
76 P 7.97 51.87 7900
77 P 7.96 51.98 8225
78 P 7.69 52.14 7960
79 P 7.81 52.11 4515
80 P 7.84 51.95 7736
81 P 7.93 51.90 7396
82 P 7.95 51.90 8270
83 P 8.05 51.90 7698
84 P 8.10 51.80 7550
85 P 8.02 51.86 7797
86 P 8.10 51.80 7570
87 P 8.27 51.79 7910
88 P 8.18 51.86 8109
89 P 8.25 51.77 7679
90 P 8.25 51.78 7485
91 P 8.28 51.78 8255
92 P 8.24 51.70 8265
93 P 8.25 51.66 8486
94 P 8.19 51.80 8651
95 P 8.15 51.71 8355
96 P 7.88 51.97 9357
97 P 8.10 51.87 5045
98 P 8.11 51.67 8987
99 P 8.32 51.68 9099
100 P 8.34 51.59 8934
101 P 8.18 51.70 9708
102 P 8.06 51.86 9676
103 P 8.39 51.88 5046
104 P 8.38 51.49 8922
105 P 8.27 51.83 9367
106 P 8.02 51.75 8882
107 P 8.06 51.74 9004
108 P 8.41 51.34 8467
109 P 8.41 51.92 11415
110 P 8.26 51.60 9095
111 P 8.54 51.61 9034
112 P 8.72 51.57 8244
113 P 8.72 51.51 8320
114 P 8.70 51.53 8349
115 P 8.67 51.64 8452
116 P 8.65 51.51 8644
117 P 8.84 51.55 8505
118 P 8.70 51.50 8745
119 P 8.66 51.50 8749
120 P 8.73 51.45 8512
121 P 8.80 51.53 8256
122 P 9.04 51.40 7864
123 P 8.85 51.47 8317
124 P 8.83 51.47 7846
125 P 8.87 51.45 4521
126 P 8.92 51.41 7378
127 P 9.07 51.44 7335
128 P 9.02 51.51 7695
129 P 8.95 51.42 7195
130 P 9.10 51.48 7677
131 P 9.05 51.49 4701
132 P 9.06 51.23 7832
133 P 8.92 51.39 8736
134 P 8.82 51.45 7966
135 P 9.02 51.39 7556
136 P 9.11 51.49 7408
137 P 8.84 51.48 7020
138 P 8.88 51.54 6941
139 P 8.83 51.43 7020
140 P 8.82 51.47 7047
141 P 8.91 51.48 7166
142 P 8.68 51.64 8104
143 P 8.72 51.60 5737
144 P 8.70 51.60 7492
145 P 8.83 51.54 6413
146 P 8.72 51.50 6401
147 P 8.84 51.50 7292
148 P 8.79 51.67 6771
149 P 8.73 51.74 4131
150 P 8.84 51.49 6704
151 P 8.83 51.44 6883
152 P 8.90 51.51 7714
153 P 8.72 51.47 7767
154 P 8.73 51.59 7546
155 P 8.91 51.55 4468
156 P 8.92 51.30 7072
157 P 8.75 51.52 8760
158 P 8.77 51.46 7600
159 P 8.80 51.46 7448
160 P 8.69 51.46 7344
161 P 8.92 51.48 7667
162 P 9.02 51.26 6902
163 P 8.75 51.80 10067
164 P 8.60 51.50 7529
165 P 8.75 51.35 6945
166 P 8.66 51.71 8328
167 P 8.44 51.72 4179
168 P 8.43 51.59 8160
169 P 8.45 51.47 8054
170 P 8.54 51.39 8150
171 P 8.60 51.50 9239
172 P 8.62 51.56 8763
173 P 8.79 51.47 5877
174 P 8.60 51.37 8718
175 P 8.69 51.35 8368
176 P 8.67 51.47 9253
177 P 8.53 51.52 8724
178 P 8.44 51.58 8708
179 P 8.32 51.60 4471
180 P 8.51 51.48 7893
181 P 8.47 51.54 8174
182 P 8.68 51.49 7477
183 P 8.71 51.52 7568
184 P 8.60 51.50 7573
185 P 8.52 51.47 8057
186 P 8.49 51.42 8638
187 P 8.60 51.50 8668
188 P 8.63 51.52 8739
189 P 8.67 51.35 7798
190 P 8.63 51.59 8556
191 P 8.75 51.58 4437
192 P 8.38 51.54 7879
193 P 8.55 51.57 7970
194 P 8.69 51.38 7951
195 P 8.50 51.48 8770
196 P 8.37 51.51 8394
197 P 8.28 51.53 5129
198 P 8.49 51.44 7971
199 P 8.52 51.40 7682
200 P 8.67 51.46 8531
201 P 8.94 51.45 7950
202 P 8.82 51.43 8319
203 P 8.56 51.44 6619
204 P 8.91 51.33 8708
205 P 8.75 51.36 8603
206 P 8.97 51.44 7550
207 P 8.94 51.42 7239
208 P 8.92 51.47 7114
209 P 8.89 51.31 6678
210 P 8.75 51.74 9081
211 P 8.90 51.63 6908
212 P 9.01 51.58 7000
213 P 8.78 51.58 7552
214 P 8.43 51.80 8736
215 P 8.56 51.71 3640
216 P 8.65 51.51 7490
217 P 8.75 51.48 7421
218 P 8.72 51.54 7053
219 P 8.93 51.50 7559
220 P 8.85 51.61 7133
221 P 8.93 51.56 3854
222 P 9.17 51.42 7590
223 P 8.81 51.37 8018
224 P 8.80 51.41 8781
225 P 8.80 51.41 8738
226 P 8.73 51.58 9138
227 P 8.73 51.51 4656
228 P 8.71 51.45 9482
229 P 8.63 51.49 8615
230 P 8.64 51.53 8052
231 P 8.60 51.62 7880
232 P 8.69 51.53 7757
233 P 8.73 51.50 7516
234 P 8.55 51.64 7467
235 P 8.82 51.57 7296
236 P 8.99 51.45 7606
237 P 9.13 51.44 7782
238 P 8.80 51.69 9153
239 P 8.82 51.61 4498
240 P 9.03 51.42 8180
241 P 9.05 51.47 8093
242 P 8.88 51.41 7883
243 P 9.05 51.37 8392
244 P 8.86 51.60 7694
245 P 8.91 51.55 3881
246 P 9.12 51.48 7392
247 P 9.10 51.39 7895
248 P 8.83 51.45 7379
249 P 8.52 51.42 7287
250 P 9.03 51.51 7282
251 P 8.99 51.51 3962
252 P 9.10 51.35 7728
253 P 8.80 51.37 7684
254 P 8.86 51.33 7325
255 P 10.65 50.68 5803
% Nframe | type | QP | PSNR | size (Bytes) 
25 P 7.93 51.33 13871
26 P 7.99 51.14 13427
27 P 8.20 50.78 13381
28 P 8.69 50.23 13568
29 P 9.12 49.69 13487
30 P 9.62 49.31 11659
31 P 9.93 48.97 10931
32 P 10.29 48.94 10092
33 P 10.62 48.86 9134
34 P 10.79 48.81 8210
35 P 10.94 48.99 7017
36 P 10.93 48.92 6322
37 P 11.24 48.71 6024
38 P 11.43 48.56 6191
39 P 11.64 48.36 6408
40 P 11.79 48.06 6146
41 P 12.08 47.76 6051
42 P 12.00 47.63 6017
43 P 12.18 47.51 5818
44 P 12.30 47.53 5452
45 P 12.32 47.52 5095
46 P 12.25 47.59 5345
47 P 12.17 47.54 5297
48 P 12.05 47.71 5504
49 P 12.09 47.70 5318
50 P 12.16 47.67 5853
51 P 11.98 47.63 6494
52 P 11.82 47.73 6724
53 P 11.93 47.77 6770
54 P 11.64 47.80 6295
55 P 11.57 47.86 5441
56 P 11.54 47.88 4893
57 P 11.45 48.09 5499
58 P 11.43 48.20 5411
59 P 11.40 48.24 5367
60 P 11.33 48.29 5649
61 P 11.29 48.36 5747
62 P 11.21 48.34 5818
63 P 11.26 48.38 6017
64 P 11.09 48.37 6212
65 P 10.98 48.50 5846
66 P 10.93 48.52 5734
67 P 10.96 48.52 5407
68 P 10.88 48.55 6279
69 P 10.75 48.46 6595
70 P 10.81 48.43 7339
71 P 10.51 48.33 7915
72 P 10.62 48.45 7601
73 P 10.59 48.57 7811
74 P 10.55 48.58 7624
75 P 10.44 48.83 6928
76 P 10.34 48.84 6755
77 P 10.44 48.91 6314
78 P 10.40 48.95 6588
79 P 10.17 49.11 7196
80 P 10.18 49.16 6853
81 P 10.04 49.25 6533
82 P 10.20 49.19 5511
83 P 10.19 49.18 6011
84 P 10.10 49.17 6993
85 P 10.15 49.06 6726
86 P 10.28 48.98 6741
87 P 10.17 49.09 7204
88 P 10.15 49.07 7186
89 P 10.05 49.19 7499
90 P 9.96 49.15 7506
91 P 10.08 49.11 7403
92 P 10.04 49.15 7487
93 P 10.02 49.19 7313
94 P 10.01 49.24 7202
95 P 9.91 49.22 7017
96 P 9.88 49.28 6853
97 P 9.93 49.33 6769
98 P 9.81 49.45 7066
99 P 9.79 49.51 7014
100 P 9.77 49.54 6806
101 P 9.76 49.48 6724
102 P 9.78 49.38 6538
103 P 9.85 49.41 6547
104 P 9.89 49.38 6811
105 P 9.92 49.46 6292
106 P 9.73 49.54 6467
107 P 9.68 49.63 5550
108 P 9.71 49.61 5177
109 P 9.67 49.57 5695
110 P 9.84 49.50 5319
111 P 9.83 49.42 5478
112 P 9.65 49.55 5765
113 P 9.65 49.59 6219
114 P 9.68 49.62 6114
115 P 9.53 49.70 5380
116 P 9.73 49.68 4797
117 P 9.61 49.73 5301
118 P 9.55 49.73 5899
119 P 9.62 49.73 6262
120 P 9.55 49.71 6209
121 P 9.55 49.72 6441
122 P 9.45 49.73 7082
123 P 9.37 49.73 7072
124 P 9.47 49.77 6738
125 P 9.36 49.82 6819
126 P 9.22 49.85 6446
127 P 9.36 49.95 6160
128 P 9.22 49.90 6204
129 P 9.10 49.99 6228
130 P 9.06 50.08 6249
131 P 9.02 50.14 6692
132 P 8.89 50.19 6467
133 P 9.01 50.27 5819
134 P 9.02 50.21 5712
135 P 9.07 50.14 6627
136 P 9.07 50.17 6647
137 P 8.97 50.17 6722
138 P 8.91 50.21 6565
139 P 8.87 50.18 6207
140 P 8.77 50.31 5024
141 P 8.79 50.31 5198
142 P 8.95 50.31 6016
143 P 8.89 50.28 6020
144 P 8.78 50.30 5870
145 P 8.75 50.42 5674
146 P 8.65 50.45 5630
147 P 8.54 50.50 5665
148 P 8.75 50.47 5385
149 P 8.73 50.48 5973
150 P 8.81 50.46 6432
151 P 8.77 50.40 6799
152 P 8.60 50.36 7390
153 P 8.62 50.41 7665
154 P 8.60 50.42 7080
155 P 8.55 50.47 6546
156 P 8.68 50.51 6069
157 P 8.47 50.64 6588
158 P 8.41 50.60 6242
159 P 8.28 50.69 5888
160 P 8.25 50.80 6016
161 P 8.39 50.76 6391
162 P 8.20 50.75 5582
163 P 8.24 50.90 5602
164 P 8.34 50.92 5738
165 P 8.21 50.83 5470
166 P 8.20 50.90 5879
167 P 8.23 50.91 6212
168 P 8.20 50.94 6484
169 P 8.19 50.89 6128
170 P 8.15 51.01 5653
171 P 8.03 51.03 5963
172 P 8.15 51.08 6485
173 P 8.12 51.05 6705
174 P 8.04 50.96 6777
175 P 8.20 51.08 6906
176 P 7.99 50.99 7475
177 P 7.95 51.08 7041
178 P 7.90 51.03 5910
179 P 7.98 51.11 5995
180 P 7.90 51.08 6101
181 P 7.85 51.03 6580
182 P 7.89 51.10 6566
183 P 7.83 51.12 6664
184 P 7.81 51.14 6033
185 P 7.69 51.26 5748
186 P 7.95 51.31 5325
187 P 7.65 51.32 5859
188 P 7.57 51.36 5247
189 P 7.69 51.23 6680
190 P 7.80 51.20 7678
191 P 7.70 51.16 8086
192 P 7.75 51.16 8208
193 P 7.72 51.18 7556
194 P 7.82 51.16 7065
195 P 7.52 51.21 6933
196 P 7.63 51.21 6515
197 P 7.78 51.32 6496
198 P 7.66 51.36 7137
199 P 7.60 51.38 7346
200 P 7.48 51.35 7896
201 P 7.52 51.42 7631
202 P 7.55 51.30 8094
203 P 7.54 51.30 8586
204 P 7.64 51.33 8353
205 P 7.61 51.27 8696
206 P 7.65 51.22 9188
207 P 7.64 51.21 9267
208 P 7.51 51.18 9107
209 P 7.65 51.28 8671
210 P 7.59 51.30 8372
211 P 7.48 51.30 8451
212 P 7.55 51.31 8579
213 P 7.56 51.23 8617
214 P 7.61 51.36 9011
215 P 7.55 51.27 8403
216 P 7.49 51.33 8412
217 P 7.50 51.29 7725
218 P 7.42 51.32 6324
219 P 7.49 51.38 6554
220 P 7.72 51.31 7604
221 P 7.69 51.31 7807
222 P 7.75 51.27 7976
223 P 7.65 51.22 8481
224 P 7.67 51.23 8523
225 P 7.72 51.16 8870
226 P 7.61 51.18 9076
227 P 7.71 51.17 8765
228 P 7.75 51.20 8576
229 P 7.57 51.25 8368
230 P 7.75 51.26 8024
231 P 7.78 51.17 7897
232 P 7.77 51.19 8138
233 P 7.63 51.27 7677
234 P 7.75 51.23 6996
235 P 7.63 51.28 6561
236 P 7.62 51.32 6031
237 P 7.74 51.30 6526
238 P 7.79 51.27 6921
239 P 7.72 51.11 7285
240 P 7.70 51.16 7038
241 P 7.79 51.21 6270
242 P 7.77 51.26 6399
243 P 7.73 51.32 6311
244 P 7.69 51.38 5528
245 P 7.64 51.40 5991
246 P 7.65 51.32 5866
247 P 7.74 51.40 5870
248 P 7.74 51.40 5773
249 P 7.69 51.45 5976
250 P 7.66 51.46 5495
251 P 7.55 51.45 5447
252 P 7.58 51.54 5746
253 P 7.52 51.52 6021
254 P 7.63 51.50 5629
255 P 7.61 51.48 5615
256 P 7.49 51.51 6401
257 P 7.63 51.50 6049
258 P 7.59 51.43 6429
259 P 7.50 51.51 6535
260 P 7.56 51.46 6524
261 P 7.51 51.44 6385
262 P 7.49 51.50 6721
263 P 7.45 51.54 6728
264 P 7.42 51.49 6687
265 P 7.34 51.64 5971
266 P 7.32 51.57 6523
267 P 7.27 51.63 6810
268 P 7.34 51.60 7020
269 P 7.32 51.58 7488
270 P 7.35 51.53 7619
271 P 7.15 51.52 7370
272 P 7.30 51.54 7310
273 P 7.32 51.48 7442
274 P 7.41 51.56 7867
275 P 7.36 51.53 8052
276 P 7.41 51.48 8051
277 P 7.34 51.50 8108
278 P 7.35 51.55 8712
279 P 7.40 51.47 9089
280 P 7.35 51.43 9751
281 P 7.26 51.35 10215
282 P 7.39 51.33 10397
283 P 7.35 51.37 10810
284 P 7.34 51.38 10772
285 P 7.46 51.21 10585
286 P 7.49 51.18 11009
287 P 7.54 51.25 10876
288 P 7.42 51.27 11167
289 P 7.39 51.24 11519
290 P 7.44 51.23 11420
291 P 7.41 51.25 11565
292 P 7.45 51.23 11324
293 P 7.47 51.28 11294
294 P 7.65 51.07 11028
295 P 7.60 51.06 11226
296 P 7.69 51.05 11439
297 P 7.71 51.00 11150
298 P 7.74 51.01 11395
299 P 7.75 51.02 11303
300 P 7.80 50.92 10861
301 P 7.90 50.90 10711
302 P 7.97 50.84 10427
303 P 8.07 50.87 10521
304 P 7.94 50.88 10726
305 P 8.09 50.81 10385
306 P 8.12 50.75 9894
307 P 8.23 50.77 10116
308 P 8.13 50.68 10496
309 P 8.18 50.72 10331
310 P 8.28 50.65 10306
311 P 8.40 50.53 9974
312 P 8.53 50.46 10210
313 P 8.51 50.47 10201
314 P 8.52 50.50 10476
315 P 8.58 50.44 10364
316 P 8.56 50.47 10248
317 P 8.60 50.44 9701
318 P 8.55 50.43 9624
319 P 8.60 50.48 9817
320 P 8.59 50.41 9357
321 P 8.70 50.41 9143
322 P 8.70 50.41 8926
323 P 8.58 50.38 8853
324 P 8.68 50.41 8803
325 P 8.70 50.38 8581
326 P 8.84 50.30 8434
327 P 8.70 50.35 7984
328 P 8.93 50.35 7550
329 P 8.67 50.40 7462
330 P 8.77 50.46 6918
331 P 8.82 50.41 6792
332 P 8.76 50.36 7324
333 P 8.88 50.33 7731
334 P 8.86 50.19 8135
335 P 8.83 50.20 8010
336 P 8.82 50.09 8196
337 P 8.91 50.15 8136
338 P 8.97 50.14 8409
339 P 8.88 50.16 8235
340 P 8.92 50.13 8065
341 P 8.92 50.13 8213
342 P 8.82 50.17 8298
343 P 8.80 50.23 7920
344 P 8.77 50.33 7636
345 P 8.80 50.24 7412
346 P 8.80 50.36 7754
347 P 8.88 50.31 7866
348 P 9.00 50.29 7993
349 P 8.91 50.24 7829
350 P 8.77 50.35 7954
351 P 8.87 50.35 6094
352 P 8.94 50.35 5693
353 P 8.85 50.34 6757
354 P 10.25 49.23 4984
