% Nframe | type | QP | PSNR | size (Bytes) 
0 I 33.86 33.29 1845
1 P 35.70 33.07 50
2 P 36.45 32.89 73
3 P 36.78 32.55 87
4 P 36.23 32.64 166
5 P 36.45 32.44 171
6 P 36.38 32.44 196
7 P 35.59 32.37 214
8 P 37.63 32.33 179
9 P 36.03 32.55 144
10 P 36.44 32.62 123
11 P 35.60 32.61 188
12 P 36.30 31.63 92
13 P 35.65 32.55 276
14 P 32.63 33.47 546
15 P 29.88 34.54 758
16 P 28.75 35.55 799
17 P 27.76 36.18 1063
18 P 26.29 36.67 1361
19 P 26.10 37.13 1348
20 P 25.32 37.73 1313
21 P 24.34 38.23 1092
22 P 24.09 38.81 1496
23 P 23.31 39.31 1839
24 P 22.55 39.76 1898
25 P 22.24 39.94 1858
26 P 22.99 39.87 1475
27 P 23.29 39.87 1440
28 P 23.91 39.93 1439
29 P 23.85 39.91 1541
30 P 24.77 39.67 1651
31 P 25.38 39.39 1548
32 P 25.29 39.41 1393
33 P 24.60 39.47 1306
34 P 25.24 39.22 1534
35 P 25.47 39.06 1461
36 P 26.66 38.74 1233
37 P 26.75 38.64 839
38 P 26.30 38.74 630
39 P 26.71 38.61 970
40 P 25.84 38.50 1050
41 P 26.14 38.34 921
42 P 26.44 38.19 895
43 P 26.48 38.17 838
44 P 27.65 38.11 749
45 P 26.52 38.07 930
46 P 27.81 38.11 904
47 P 28.53 37.87 737
48 P 28.34 37.97 642
49 P 28.29 38.01 586
50 P 28.23 38.18 681
51 P 27.50 38.24 931
52 P 27.67 38.15 927
53 P 27.40 37.99 715
54 P 27.61 38.02 864
55 P 27.33 38.07 865
56 P 27.27 38.04 715
57 P 26.87 38.10 870
58 P 27.10 38.08 943
59 P 26.86 37.88 1166
60 P 26.82 38.22 1581
61 P 26.31 38.11 1634
62 P 25.93 38.23 1576
63 P 26.85 38.38 1468
64 P 25.21 38.26 1338
65 P 26.16 38.32 1175
66 P 25.75 38.19 1235
67 P 25.91 38.31 1241
68 P 25.92 38.37 1107
69 P 25.35 38.43 1304
70 P 25.67 38.22 1281
71 P 25.70 38.16 1267
72 P 26.16 38.13 1239
73 P 26.77 38.03 1002
74 P 26.52 37.93 894
75 P 27.67 37.78 1060
76 P 27.05 37.86 1236
77 P 27.26 38.11 1447
78 P 26.85 38.09 1665
79 P 26.81 37.75 1704
80 P 26.66 37.75 1771
81 P 26.12 37.54 1663
82 P 27.70 37.42 1636
83 P 27.16 37.44 1470
84 P 26.95 37.39 1303
85 P 26.85 37.49 1326
86 P 27.01 37.50 1181
87 P 27.38 37.76 1305
88 P 26.84 37.49 1257
89 P 26.92 37.53 1339
90 P 27.30 37.46 1241
91 P 27.42 37.39 1157
92 P 27.99 37.26 1198
93 P 27.96 37.06 1100
94 P 27.50 37.14 984
95 P 28.85 37.18 931
96 P 28.07 37.02 769
97 P 28.55 37.19 767
98 P 28.68 37.04 751
99 P 28.85 36.88 740
100 P 29.14 36.72 782
101 P 28.43 36.76 737
102 P 28.83 36.77 815
103 P 28.27 36.78 908
104 P 28.86 36.72 1043
105 P 28.83 36.64 1044
106 P 29.15 36.51 805
107 P 29.20 36.62 971
108 P 29.10 36.78 1000
109 P 29.61 36.80 953
110 P 29.16 36.87 994
111 P 28.47 36.86 935
112 P 28.87 37.01 859
113 P 28.09 37.14 826
114 P 28.34 37.17 716
115 P 28.27 37.19 724
116 P 28.40 37.00 777
117 P 28.33 36.92 891
118 P 29.17 36.90 889
119 P 29.24 36.92 967
120 P 28.83 36.81 865
121 P 29.37 36.93 847
122 P 29.20 36.95 820
123 P 29.23 36.86 698
124 P 29.43 36.85 728
125 P 28.88 36.85 790
126 P 29.51 36.93 868
127 P 29.37 37.06 834
128 P 29.49 37.04 932
129 P 27.96 37.34 1042
130 P 27.73 37.55 1070
131 P 28.92 37.78 1174
132 P 27.81 37.67 1107
133 P 28.77 37.47 1054
134 P 28.76 37.44 991
135 P 27.43 37.47 806
136 P 28.25 37.38 876
137 P 28.77 37.37 907
138 P 28.69 37.26 751
139 P 28.35 37.42 724
140 P 28.21 37.52 853
141 P 28.44 37.54 1040
142 P 28.60 37.55 1115
143 P 28.65 37.53 956
144 P 28.35 37.77 1280
145 P 27.53 37.57 1320
146 P 28.65 37.73 1439
147 P 27.87 37.82 1679
148 P 27.92 37.47 1792
149 P 27.46 37.26 1985
150 P 27.15 37.28 2101
151 P 26.55 37.38 1956
152 P 26.92 37.53 1819
153 P 26.46 37.74 1852
154 P 26.28 37.80 1844
155 P 26.42 38.08 1982
156 P 26.34 38.08 1732
157 P 26.92 38.10 1777
158 P 26.78 38.43 1983
159 P 26.65 38.27 1891
160 P 27.04 38.47 1946
161 P 26.75 38.53 1901
162 P 26.56 39.19 1791
163 P 26.05 39.81 1671
164 P 25.94 40.48 1442
165 P 25.54 41.51 1274
166 P 25.39 41.24 1231
167 P 25.88 40.56 1225
168 P 25.71 40.78 1275
169 P 25.88 40.35 1340
170 P 25.57 39.78 1584
171 P 26.26 39.63 1393
172 P 26.37 39.21 1370
173 P 26.98 39.17 1377
174 P 29.08 38.26 1696
175 P 28.15 37.90 1647
176 P 28.26 37.77 1592
177 P 28.55 37.69 1497
178 P 28.40 37.73 1587
179 P 28.38 37.34 1570
180 P 28.45 37.08 1576
181 P 28.93 36.66 1747
182 P 29.11 36.43 1696
183 P 29.23 36.17 1630
184 P 29.73 35.85 1710
185 P 29.42 35.75 1747
186 P 29.57 35.62 1640
187 P 29.84 35.20 1567
188 P 29.50 35.34 1650
189 P 29.56 35.55 1525
190 P 29.92 35.48 1503
191 P 29.76 35.26 1541
192 P 29.98 34.94 1578
193 P 30.36 34.55 1433
194 P 30.35 34.34 1340
195 P 30.63 34.13 1291
196 P 30.81 34.09 1304
197 P 30.84 33.99 1421
198 P 30.65 33.92 1226
199 P 31.09 33.56 1171
200 P 30.93 33.04 1225
201 P 31.23 32.70 1642
202 P 31.47 31.84 1515
203 P 31.58 31.25 1655
204 P 31.77 31.01 1336
205 P 31.87 30.88 1065
206 P 31.66 30.83 1076
207 P 31.87 30.82 958
208 P 31.70 30.84 556
209 P 31.67 30.95 583
210 P 31.84 30.92 375
211 P 31.73 30.91 362
212 P 32.21 30.91 408
213 P 31.81 30.88 503
214 P 31.80 30.81 424
215 P 32.16 30.77 533
216 P 32.45 30.74 427
217 P 32.56 30.80 368
218 P 32.40 30.87 278
219 P 31.90 30.89 162
220 P 32.63 30.97 106
221 P 31.72 30.98 92
222 P 32.05 31.00 118
223 P 32.50 31.07 90
224 P 31.79 31.10 97
225 P 33.14 31.18 57
226 P 32.26 31.21 145
227 P 32.27 31.20 146
228 P 32.18 31.13 169
229 P 31.25 31.22 227
230 P 31.73 31.24 204
231 P 31.50 31.34 143
232 P 31.03 31.36 132
233 P 31.73 31.38 89
234 P 31.30 31.45 165
235 P 32.51 31.41 76
236 P 32.18 31.49 167
237 P 31.03 31.54 210
238 P 30.23 31.56 191
239 P 30.77 31.63 283
240 P 31.18 31.60 271
241 P 30.71 31.62 304
242 P 30.40 31.71 378
243 P 30.79 31.72 318
244 P 30.35 31.83 471
245 P 30.21 31.93 352
246 P 30.27 31.97 281
247 P 31.25 31.79 47
% Nframe | type | QP | PSNR | size (Bytes) 
25 P 25.63 37.04 375
26 P 25.53 37.10 1005
27 P 26.71 37.06 834
28 P 27.33 36.93 830
29 P 27.50 37.06 985
30 P 26.53 37.16 760
31 P 25.45 37.18 198
32 P 27.17 36.96 719
33 P 26.96 36.92 775
34 P 26.92 36.89 1198
35 P 28.09 36.56 885
36 P 28.50 36.31 951
37 P 27.62 36.54 1225
38 P 27.46 36.52 322
39 P 27.15 36.35 1566
40 P 26.58 36.35 1346
41 P 26.53 36.46 1196
42 P 27.09 36.68 1209
43 P 26.15 36.84 1229
44 P 27.42 36.85 1253
45 P 27.07 36.85 1214
46 P 27.65 37.02 1198
47 P 27.42 37.01 1206
48 P 27.04 37.20 1542
49 P 27.31 37.17 391
50 P 26.57 37.28 1328
51 P 27.17 37.12 1158
52 P 27.49 36.89 1094
53 P 28.24 36.75 1352
54 P 26.94 37.37 2314
55 P 26.41 37.28 326
56 P 27.61 36.81 912
57 P 26.52 36.71 1013
58 P 26.90 36.72 1480
59 P 26.64 36.70 1171
60 P 26.94 36.59 1186
61 P 26.98 36.73 1235
62 P 26.48 36.64 1264
63 P 27.35 36.64 1232
64 P 26.64 36.70 1228
65 P 27.08 36.60 1115
66 P 28.09 36.57 1080
67 P 27.98 36.61 1218
68 P 27.91 36.65 1262
69 P 28.26 36.60 1219
70 P 27.91 36.48 1140
71 P 27.81 36.30 1166
72 P 28.02 36.83 1488
73 P 28.25 36.94 398
74 P 28.02 36.46 1064
75 P 27.15 36.62 1120
76 P 28.14 36.42 1007
77 P 27.41 36.60 1353
78 P 26.96 36.81 1041
79 P 27.53 36.81 292
80 P 28.07 36.51 1047
81 P 26.95 36.46 956
82 P 28.33 36.42 1235
83 P 28.34 36.46 922
84 P 28.63 36.38 936
85 P 28.36 36.42 1048
86 P 28.18 36.45 974
87 P 27.14 36.46 1012
88 P 26.85 36.48 1085
89 P 29.13 36.43 896
90 P 27.84 36.43 866
91 P 27.84 36.35 1040
92 P 28.61 36.38 1038
93 P 28.37 36.34 1062
94 P 28.35 36.50 1184
95 P 28.26 36.27 1036
96 P 28.43 36.59 1524
97 P 27.41 36.63 310
98 P 28.76 36.42 1141
99 P 27.81 36.25 1241
100 P 28.40 36.21 1191
101 P 28.77 36.20 1536
102 P 27.43 36.39 1466
103 P 28.47 36.37 405
104 P 27.73 36.05 1255
105 P 27.18 36.42 1545
106 P 27.06 36.25 1140
107 P 28.36 36.30 1250
108 P 28.90 36.06 1111
109 P 28.37 36.77 1973
110 P 28.11 36.73 1111
111 P 28.29 36.74 1151
112 P 28.25 36.74 960
113 P 28.73 36.61 894
114 P 28.36 36.58 853
115 P 28.30 36.70 978
116 P 28.05 36.64 962
117 P 28.18 36.58 973
118 P 28.68 36.53 977
119 P 28.64 36.51 939
120 P 28.48 36.33 799
121 P 28.52 36.45 860
122 P 28.55 36.40 794
123 P 28.82 36.42 886
124 P 28.50 36.56 817
125 P 28.90 36.67 302
126 P 28.39 36.55 682
127 P 28.55 36.61 713
128 P 28.62 36.74 838
129 P 28.53 36.64 703
130 P 28.66 36.72 803
131 P 28.92 36.71 263
132 P 28.62 36.65 841
133 P 28.45 36.52 1033
134 P 29.08 36.60 856
135 P 28.80 36.60 816
136 P 28.02 36.66 749
137 P 28.60 36.82 701
138 P 27.67 36.84 707
139 P 28.24 36.90 677
140 P 27.66 36.87 643
141 P 28.92 36.86 730
142 P 27.52 37.02 952
143 P 27.53 37.00 286
144 P 28.13 36.97 695
145 P 27.89 36.94 617
146 P 27.72 36.85 560
147 P 27.61 36.93 820
148 P 27.81 37.08 757
149 P 27.44 37.11 204
150 P 27.90 37.01 656
151 P 28.12 36.97 650
152 P 27.90 37.00 920
153 P 27.83 36.90 778
154 P 27.75 36.99 875
155 P 27.51 37.00 328
156 P 28.08 36.87 809
157 P 27.73 37.01 1176
158 P 26.74 37.06 930
159 P 27.50 37.03 938
160 P 27.33 36.98 875
161 P 27.47 37.12 977
162 P 27.54 36.95 870
163 P 26.83 37.31 1958
164 P 26.54 37.07 954
165 P 26.91 36.94 928
166 P 27.10 37.15 1352
167 P 26.95 37.17 239
168 P 27.00 37.35 1164
169 P 27.69 37.03 932
170 P 27.29 36.98 1120
171 P 27.30 36.87 1330
172 P 26.99 37.19 1346
173 P 26.96 37.17 408
174 P 27.73 37.03 1115
175 P 27.56 37.07 1187
176 P 27.29 37.10 1475
177 P 27.25 37.08 1166
178 P 27.40 37.17 1229
179 P 26.88 37.26 354
180 P 27.30 37.05 889
181 P 26.71 37.14 1190
182 P 26.79 37.09 892
183 P 27.39 37.05 880
184 P 27.60 37.03 946
185 P 27.24 37.05 1037
186 P 26.99 37.09 1102
187 P 27.33 37.14 1072
188 P 27.08 37.14 1118
189 P 27.22 36.95 839
190 P 27.08 37.06 1182
191 P 26.78 37.23 433
192 P 26.72 37.10 931
193 P 27.23 37.08 979
194 P 27.25 36.98 970
195 P 27.17 37.12 1216
196 P 26.85 37.39 1169
197 P 27.06 37.39 420
198 P 26.90 37.16 944
199 P 26.98 37.30 1022
200 P 27.12 37.37 1309
201 P 27.08 37.19 990
202 P 27.35 37.30 1205
203 P 27.42 37.25 527
204 P 27.04 37.14 1263
205 P 27.06 37.22 1066
206 P 26.91 37.26 940
207 P 26.95 37.15 923
208 P 27.07 37.30 1002
209 P 26.98 37.05 784
210 P 27.35 37.55 1795
211 P 27.03 37.62 892
212 P 26.70 37.64 950
213 P 26.57 37.68 978
214 P 26.52 37.88 1493
215 P 25.72 37.89 263
216 P 26.35 37.70 1109
217 P 25.75 37.49 924
218 P 26.38 37.59 983
219 P 26.54 37.52 1068
220 P 26.34 37.66 881
221 P 26.15 37.71 206
222 P 27.12 37.55 896
223 P 26.50 37.38 1114
224 P 27.15 37.49 1371
225 P 27.18 37.41 1244
226 P 27.38 37.62 1411
227 P 27.42 37.58 375
228 P 26.81 37.43 1508
229 P 26.70 37.44 1077
230 P 26.80 37.44 981
231 P 26.87 37.55 972
232 P 27.10 37.59 1000
233 P 26.84 37.62 861
234 P 27.08 37.62 818
235 P 26.78 37.60 832
236 P 26.40 37.46 912
237 P 26.78 37.53 1062
238 P 26.24 37.68 1510
239 P 26.93 37.67 383
240 P 26.58 37.43 1109
241 P 26.65 37.44 1134
242 P 27.48 37.36 1074
243 P 26.87 37.47 1308
244 P 26.70 37.60 1061
245 P 27.64 37.62 277
246 P 27.02 37.45 947
247 P 27.05 37.55 1226
248 P 27.12 37.56 911
249 P 26.71 37.48 882
250 P 26.76 37.52 882
251 P 27.03 37.58 345
252 P 27.40 37.42 1071
253 P 27.14 37.47 942
254 P 27.25 37.41 949
255 P 27.07 36.95 744
% Nframe | type | QP | PSNR | size (Bytes) 
25 P 24.00 41.66 2232
26 P 23.77 41.50 2113
27 P 25.01 40.73 2101
28 P 26.08 39.54 1925
29 P 26.71 38.36 1776
30 P 28.06 38.01 1167
31 P 27.95 38.10 1303
32 P 28.55 38.16 1361
33 P 28.29 38.03 1186
34 P 28.82 38.01 1009
35 P 28.71 38.11 837
36 P 28.56 38.06 691
37 P 26.97 38.12 698
38 P 28.42 37.78 663
39 P 30.39 37.19 605
40 P 29.90 36.71 536
41 P 31.31 36.46 528
42 P 30.43 36.32 501
43 P 30.72 36.19 436
44 P 31.63 36.17 382
45 P 31.15 36.24 433
46 P 31.68 36.21 435
47 P 31.99 36.34 441
48 P 31.04 36.51 475
49 P 30.90 36.62 490
50 P 31.08 36.60 537
51 P 30.62 36.62 631
52 P 30.35 36.54 687
53 P 29.81 36.57 705
54 P 30.23 36.72 654
55 P 30.31 36.73 500
56 P 29.28 36.90 429
57 P 29.71 37.02 498
58 P 28.69 37.17 489
59 P 28.86 37.32 460
60 P 28.57 37.49 488
61 P 28.78 37.64 489
62 P 28.72 37.55 486
63 P 28.71 37.63 556
64 P 28.64 37.69 509
65 P 28.67 37.57 388
66 P 28.64 37.79 415
67 P 28.41 37.93 368
68 P 28.90 37.99 462
69 P 27.95 37.94 573
70 P 28.08 37.84 643
71 P 28.18 37.79 879
72 P 28.28 37.89 864
73 P 27.85 37.99 901
74 P 26.94 38.07 801
75 P 27.14 38.15 695
76 P 27.11 38.38 611
77 P 26.44 38.60 594
78 P 26.52 38.78 648
79 P 26.09 38.85 627
80 P 26.21 38.92 597
81 P 25.91 38.96 483
82 P 26.07 39.01 348
83 P 27.23 39.05 348
84 P 25.98 39.09 416
85 P 26.76 38.93 473
86 P 26.77 38.92 537
87 P 26.41 39.04 691
88 P 26.78 39.00 701
89 P 26.59 39.09 829
90 P 26.08 39.24 799
91 P 25.68 39.20 756
92 P 26.11 39.23 746
93 P 25.61 39.26 728
94 P 25.75 39.40 749
95 P 25.57 39.51 669
96 P 24.78 39.60 631
97 P 24.73 39.73 661
98 P 24.80 39.87 600
99 P 24.38 39.95 519
100 P 24.47 40.07 555
101 P 24.85 40.06 494
102 P 24.58 40.13 489
103 P 23.91 40.10 462
104 P 24.33 40.04 458
105 P 24.45 40.07 541
106 P 23.78 40.10 528
107 P 24.45 40.20 441
108 P 24.38 40.30 333
109 P 23.75 40.39 420
110 P 24.41 40.48 396
111 P 23.56 40.50 384
112 P 23.35 40.58 413
113 P 23.70 40.51 411
114 P 23.70 40.58 523
115 P 23.49 40.64 442
116 P 23.20 40.76 366
117 P 22.79 40.77 325
118 P 22.61 40.88 477
119 P 23.00 40.96 489
120 P 22.68 40.99 496
121 P 23.37 41.12 530
122 P 23.00 41.11 656
123 P 23.11 41.19 704
124 P 22.53 41.27 716
125 P 22.54 41.32 646
126 P 23.32 41.31 610
127 P 22.96 41.47 636
128 P 22.62 41.55 672
129 P 21.75 41.56 544
130 P 22.11 41.68 574
131 P 22.58 41.84 623
132 P 21.78 41.84 549
133 P 21.20 41.88 481
134 P 21.76 41.91 445
135 P 21.57 41.90 568
136 P 21.97 41.92 528
137 P 21.64 42.03 646
138 P 21.87 42.08 548
139 P 21.82 42.11 523
140 P 21.55 42.17 242
141 P 21.94 42.23 265
142 P 21.43 42.33 396
143 P 21.25 42.41 518
144 P 20.85 42.48 475
145 P 19.98 42.54 402
146 P 20.93 42.64 361
147 P 19.20 42.68 338
148 P 20.27 42.71 409
149 P 21.02 42.77 469
150 P 19.92 42.76 641
151 P 20.08 42.78 648
152 P 20.11 42.78 755
153 P 19.77 42.77 894
154 P 19.46 42.93 912
155 P 20.32 42.98 634
156 P 19.48 43.13 643
157 P 19.60 43.20 516
158 P 18.63 43.35 686
159 P 18.88 43.34 499
160 P 18.69 43.48 581
161 P 18.48 43.52 645
162 P 18.53 43.67 535
163 P 17.90 43.74 490
164 P 18.57 43.76 453
165 P 18.38 43.80 468
166 P 18.71 43.88 522
167 P 18.57 43.80 447
168 P 18.68 43.84 621
169 P 18.15 43.85 581
170 P 18.32 43.90 430
171 P 17.98 44.00 445
172 P 18.46 44.18 518
173 P 18.23 44.16 544
174 P 18.22 44.14 649
175 P 18.02 44.11 730
176 P 17.85 44.20 1019
177 P 17.54 44.25 747
178 P 17.70 44.22 447
179 P 17.00 44.37 499
180 P 17.73 44.35 573
181 P 17.23 44.33 556
182 P 17.37 44.45 673
183 P 17.02 44.50 698
184 P 16.78 44.64 627
185 P 16.28 44.76 504
186 P 16.42 44.81 373
187 P 16.03 44.94 494
188 P 16.89 45.00 454
189 P 16.53 44.81 647
190 P 16.65 44.85 1067
191 P 16.78 44.83 1282
192 P 16.54 44.88 1274
193 P 16.30 44.91 1034
194 P 16.49 44.92 845
195 P 16.19 45.02 728
196 P 15.30 45.06 642
197 P 16.50 45.19 660
198 P 15.25 45.18 785
199 P 15.91 45.23 868
200 P 16.23 45.29 1123
201 P 16.32 45.36 869
202 P 16.12 45.26 1039
203 P 16.39 45.31 1292
204 P 16.61 45.28 1301
205 P 16.35 45.22 1250
206 P 16.17 45.15 1476
207 P 17.12 45.20 1579
208 P 16.60 45.23 1533
209 P 16.68 45.27 1378
210 P 16.60 45.34 1330
211 P 16.81 45.35 1276
212 P 16.76 45.37 1329
213 P 16.59 45.37 1404
214 P 16.31 45.34 1476
215 P 16.17 45.32 1294
216 P 16.35 45.40 1328
217 P 16.42 45.39 984
218 P 15.53 45.51 606
219 P 16.04 45.61 621
220 P 16.99 45.54 812
221 P 16.40 45.58 830
222 P 16.16 45.38 838
223 P 16.75 45.27 1082
224 P 16.96 45.30 1180
225 P 17.28 45.22 1275
226 P 17.57 45.14 1368
227 P 18.17 45.12 1182
228 P 17.45 45.08 1125
229 P 17.23 45.10 1113
230 P 16.76 45.09 1086
231 P 16.05 45.12 1120
232 P 16.51 45.26 1152
233 P 16.97 45.24 826
234 P 16.73 45.24 688
235 P 16.77 45.24 550
236 P 15.86 45.31 487
237 P 16.49 45.23 715
238 P 16.41 45.13 821
239 P 16.30 45.14 954
240 P 16.34 45.10 814
241 P 16.58 45.19 622
242 P 15.47 45.18 526
243 P 16.00 45.20 535
244 P 15.93 45.31 379
245 P 16.30 45.36 405
246 P 15.48 45.35 396
247 P 15.82 45.51 355
248 P 16.01 45.60 344
249 P 15.68 45.66 363
250 P 15.78 45.73 352
251 P 15.38 45.68 294
252 P 15.82 45.68 336
253 P 16.22 45.71 433
254 P 14.95 45.69 397
255 P 16.23 45.69 376
256 P 16.22 45.71 610
257 P 16.28 45.71 407
258 P 16.42 45.74 589
259 P 15.94 45.77 597
260 P 16.31 45.77 675
261 P 16.27 45.81 597
262 P 16.31 45.84 653
263 P 15.82 45.92 701
264 P 15.94 45.96 779
265 P 15.69 46.03 498
266 P 15.12 46.08 669
267 P 14.88 46.06 759
268 P 14.75 46.11 881
269 P 15.08 46.11 988
270 P 15.14 46.00 1093
271 P 15.27 46.02 1098
272 P 14.79 46.12 1084
273 P 14.54 46.17 1164
274 P 14.98 46.18 1196
275 P 14.72 46.16 1202
276 P 15.30 46.24 1389
277 P 14.49 46.28 1401
278 P 15.28 46.34 1599
279 P 15.43 46.24 1701
280 P 15.01 46.22 2131
281 P 14.95 46.20 2243
282 P 15.20 46.17 2494
283 P 15.03 46.15 2648
284 P 14.71 46.18 2743
285 P 15.13 46.06 2621
286 P 14.62 45.97 2700
287 P 15.13 46.02 2721
288 P 15.01 45.97 2960
289 P 15.10 46.05 3132
290 P 15.20 46.02 3108
291 P 15.52 46.00 3127
292 P 15.66 45.86 2932
293 P 15.70 45.80 2778
294 P 15.82 45.65 2743
295 P 15.76 45.49 2701
296 P 15.94 45.33 2898
297 P 15.93 45.14 2643
298 P 16.12 45.02 2677
299 P 16.43 44.95 2558
300 P 16.96 44.85 2403
301 P 17.34 44.56 2248
302 P 17.71 44.48 2148
303 P 17.67 44.35 1956
304 P 18.20 44.29 2082
305 P 17.67 44.20 1854
306 P 18.80 44.12 1830
307 P 18.79 44.02 1699
308 P 18.54 43.91 1806
309 P 19.11 43.90 1712
310 P 18.89 43.67 1615
311 P 19.69 43.67 1593
312 P 19.27 43.59 1734
313 P 19.52 43.53 1798
314 P 19.72 43.51 1832
315 P 19.82 43.39 1857
316 P 19.55 43.32 1745
317 P 19.90 43.29 1596
318 P 19.82 43.16 1452
319 P 20.00 43.22 1455
320 P 19.95 43.15 1301
321 P 20.30 43.05 1318
322 P 20.65 42.98 1254
323 P 20.35 43.04 1373
324 P 20.25 42.90 1190
325 P 20.19 42.89 1259
326 P 20.25 42.89 1276
327 P 20.32 42.90 1049
328 P 20.29 42.93 905
329 P 20.45 42.95 751
330 P 20.26 42.88 582
331 P 20.83 42.76 518
332 P 20.72 42.83 800
333 P 20.69 42.85 930
334 P 20.90 42.62 912
335 P 20.27 42.62 973
336 P 20.72 42.63 1069
337 P 20.60 42.62 1096
338 P 20.92 42.59 1071
339 P 21.00 42.60 1058
340 P 21.00 42.54 1042
341 P 20.67 42.60 1152
342 P 20.51 42.67 1078
343 P 20.95 42.81 1082
344 P 20.52 42.87 1073
345 P 20.42 42.90 955
346 P 20.65 43.00 975
347 P 21.06 42.95 1059
348 P 20.88 42.82 1086
349 P 20.06 42.84 1018
350 P 20.43 42.87 1032
351 P 20.87 42.93 570
352 P 20.46 42.92 452
353 P 21.00 42.88 702
354 P 21.76 42.16 346
