% Nframe | type | QP | PSNR | size (Bytes) 
0 I 39.76 29.65 1028
1 P 40.80 29.48 28
2 P 39.00 29.36 24
3 P 41.78 29.00 34
4 P 42.02 28.82 60
5 P 41.78 28.68 93
6 P 40.71 28.64 85
7 P 42.00 28.43 90
8 P 40.35 28.29 84
9 P 42.98 28.64 68
10 P 40.61 28.98 55
11 P 42.53 29.00 60
12 P 47.83 28.13 43
13 P 41.49 28.97 85
14 P 39.83 29.61 165
15 P 36.78 30.18 262
16 P 34.90 31.06 413
17 P 35.14 31.72 498
18 P 33.60 32.15 652
19 P 33.10 32.54 619
20 P 31.37 32.94 654
21 P 30.91 33.60 481
22 P 30.44 34.06 544
23 P 30.15 34.70 775
24 P 29.04 35.17 904
25 P 29.03 35.48 891
26 P 29.30 35.73 744
27 P 29.45 35.83 627
28 P 30.45 35.98 685
29 P 29.80 35.87 708
30 P 31.17 35.44 648
31 P 30.31 35.40 768
32 P 30.83 35.46 637
33 P 31.06 35.53 612
34 P 31.35 35.34 683
35 P 31.24 35.15 710
36 P 31.41 35.07 619
37 P 31.96 34.86 342
38 P 30.64 35.07 238
39 P 31.98 34.99 352
40 P 32.12 35.04 439
41 P 32.10 34.90 421
42 P 32.05 34.60 386
43 P 32.58 34.75 412
44 P 32.49 34.59 341
45 P 31.98 34.69 406
46 P 32.42 34.47 409
47 P 33.37 34.48 364
48 P 33.10 34.44 285
49 P 31.50 34.50 263
50 P 33.57 34.71 309
51 P 32.08 34.88 475
52 P 32.23 34.82 429
53 P 32.84 34.68 315
54 P 32.01 34.83 474
55 P 32.18 34.75 383
56 P 31.53 34.78 385
57 P 32.02 34.85 438
58 P 32.36 34.94 460
59 P 31.78 34.77 660
60 P 31.93 35.06 844
61 P 30.99 35.16 968
62 P 30.59 34.95 763
63 P 30.89 35.11 841
64 P 31.05 34.97 676
65 P 30.40 35.12 618
66 P 30.49 35.03 656
67 P 30.97 35.12 668
68 P 30.77 35.21 585
69 P 30.42 35.18 643
70 P 31.01 35.06 646
71 P 31.42 35.00 633
72 P 31.13 34.98 659
73 P 31.93 34.85 536
74 P 32.34 34.84 445
75 P 32.73 34.83 534
76 P 31.72 34.86 635
77 P 31.85 34.88 771
78 P 32.01 35.01 929
79 P 31.42 34.79 914
80 P 31.90 34.55 943
81 P 32.20 34.27 855
82 P 32.03 34.22 909
83 P 33.25 34.35 813
84 P 31.68 34.33 757
85 P 32.12 34.40 702
86 P 31.65 34.61 703
87 P 32.19 34.48 671
88 P 31.85 34.42 723
89 P 31.80 34.28 718
90 P 32.17 34.05 636
91 P 33.64 33.94 536
92 P 32.39 33.88 640
93 P 32.99 33.92 642
94 P 33.36 33.86 501
95 P 33.86 33.83 435
96 P 33.49 33.78 380
97 P 33.92 33.83 303
98 P 33.97 33.77 322
99 P 33.87 33.56 284
100 P 34.16 33.51 359
101 P 34.17 33.38 305
102 P 33.35 33.36 375
103 P 33.60 33.47 431
104 P 34.57 33.44 501
105 P 33.67 33.28 496
106 P 33.90 33.20 413
107 P 33.90 33.33 524
108 P 34.12 33.44 467
109 P 33.52 33.29 451
110 P 34.10 33.46 525
111 P 33.15 33.47 509
112 P 33.53 33.43 407
113 P 32.66 33.58 383
114 P 32.35 33.86 396
115 P 32.60 33.89 287
116 P 33.79 33.88 368
117 P 33.38 33.74 414
118 P 32.87 33.58 433
119 P 33.25 33.69 515
120 P 33.28 33.63 426
121 P 33.88 33.55 348
122 P 33.28 33.51 358
123 P 33.19 33.48 335
124 P 34.24 33.62 354
125 P 34.20 33.59 374
126 P 33.55 33.57 373
127 P 33.35 33.49 332
128 P 33.07 33.65 515
129 P 33.16 33.79 473
130 P 32.96 34.10 580
131 P 32.79 34.22 629
132 P 33.35 34.28 605
133 P 33.22 34.24 564
134 P 33.66 34.23 512
135 P 32.46 34.17 388
136 P 33.45 34.09 463
137 P 33.23 34.14 499
138 P 33.08 34.18 376
139 P 32.12 34.22 337
140 P 32.57 34.37 390
141 P 33.99 34.42 483
142 P 32.86 34.34 600
143 P 32.96 34.34 543
144 P 32.22 34.57 681
145 P 33.87 34.55 746
146 P 33.70 34.63 761
147 P 33.29 34.87 975
148 P 33.05 34.39 992
149 P 32.41 34.04 1064
150 P 32.23 34.03 1158
151 P 32.03 34.33 1104
152 P 31.61 34.42 998
153 P 32.20 34.58 995
154 P 31.63 34.47 976
155 P 31.70 34.88 1096
156 P 31.17 34.81 943
157 P 31.40 34.79 948
158 P 31.42 34.96 1032
159 P 31.55 34.98 1049
160 P 31.98 35.02 1062
161 P 30.79 35.26 982
162 P 31.24 35.84 992
163 P 30.65 36.64 962
164 P 30.64 37.26 878
165 P 30.81 38.22 671
166 P 30.18 37.77 665
167 P 29.62 37.35 740
168 P 30.34 37.42 718
169 P 30.27 36.96 774
170 P 30.35 36.34 893
171 P 30.89 36.07 828
172 P 31.57 35.79 788
173 P 31.92 35.72 780
174 P 33.91 34.65 951
175 P 33.15 34.55 867
176 P 33.18 34.32 893
177 P 33.47 34.17 806
178 P 33.57 34.45 879
179 P 33.40 34.00 859
180 P 33.48 33.70 825
181 P 33.58 33.47 986
182 P 34.38 33.09 805
183 P 34.75 33.03 906
184 P 35.04 32.39 865
185 P 34.94 32.10 841
186 P 34.48 31.98 894
187 P 34.86 31.77 833
188 P 34.34 31.75 816
189 P 34.67 31.94 779
190 P 34.56 31.93 759
191 P 34.84 31.54 734
192 P 35.01 31.41 788
193 P 35.62 31.04 642
194 P 35.00 30.73 663
195 P 35.80 30.56 603
196 P 36.00 30.31 538
197 P 36.08 30.19 676
198 P 35.62 30.11 607
199 P 35.97 29.89 542
200 P 36.21 29.36 483
201 P 36.50 28.80 606
202 P 36.51 28.35 759
203 P 37.02 27.83 613
204 P 37.11 27.51 459
205 P 37.17 27.46 454
206 P 37.25 27.46 372
207 P 37.11 27.53 385
208 P 37.58 27.51 133
209 P 37.02 27.63 281
210 P 36.39 27.59 108
211 P 37.20 27.49 76
212 P 37.26 27.45 157
213 P 37.33 27.47 170
214 P 36.20 27.44 170
215 P 38.02 27.34 156
216 P 38.33 27.37 144
217 P 38.25 27.45 141
218 P 37.76 27.59 140
219 P 37.00 27.62 71
220 P 36.97 27.71 65
221 P 37.87 27.75 59
222 P 36.37 27.77 69
223 P 36.67 27.79 25
224 P 35.85 27.80 40
225 P 36.67 27.85 24
226 P 36.40 27.89 42
227 P 37.62 27.91 56
228 P 36.73 27.91 70
229 P 36.38 28.03 122
230 P 36.64 28.00 112
231 P 37.47 28.01 35
232 P 35.18 28.05 70
233 P 34.00 28.04 43
234 P 35.35 28.06 52
235 P 36.22 28.08 63
236 P 36.48 28.17 95
237 P 35.71 28.19 69
238 P 36.23 28.24 98
239 P 35.57 28.27 103
240 P 35.29 28.23 92
241 P 35.98 28.27 134
242 P 35.23 28.34 139
243 P 35.40 28.34 126
244 P 35.07 28.40 184
245 P 35.53 28.45 125
246 P 35.60 28.53 150
247 P 37.76 28.47 23
% Nframe | type | QP | PSNR | size (Bytes) 
25 P 32.87 31.90 291
26 P 31.61 32.12 549
27 P 33.62 32.05 404
28 P 32.87 32.05 474
29 P 33.60 32.28 559
30 P 32.17 32.38 356
31 P 34.01 32.40 51
32 P 33.27 32.26 359
33 P 32.67 32.14 328
34 P 34.02 32.07 603
35 P 33.87 31.84 406
36 P 35.07 31.63 433
37 P 33.98 31.67 584
38 P 33.06 31.60 105
39 P 33.40 31.52 790
40 P 33.20 31.52 609
41 P 33.33 31.62 568
42 P 32.75 31.80 601
43 P 32.27 31.93 620
44 P 33.40 31.91 613
45 P 33.49 31.99 578
46 P 33.71 32.04 525
47 P 33.48 32.09 567
48 P 32.96 32.28 786
49 P 33.52 32.34 186
50 P 32.72 32.37 602
51 P 33.07 32.32 572
52 P 33.60 32.23 531
53 P 33.96 32.02 601
54 P 32.42 32.55 1313
55 P 31.19 32.58 170
56 P 33.97 32.13 372
57 P 33.53 32.03 450
58 P 33.38 31.89 672
59 P 32.69 31.96 542
60 P 33.30 31.71 494
61 P 32.31 32.04 649
62 P 32.60 31.94 555
63 P 32.28 31.83 548
64 P 32.19 31.97 611
65 P 33.08 31.81 496
66 P 33.78 31.87 506
67 P 33.60 31.93 605
68 P 33.75 31.87 579
69 P 33.90 31.78 566
70 P 32.32 31.82 588
71 P 34.12 31.78 575
72 P 34.15 32.17 775
73 P 33.87 32.16 142
74 P 34.34 31.92 566
75 P 33.93 31.94 536
76 P 33.98 31.86 487
77 P 32.57 31.99 690
78 P 33.60 32.08 498
79 P 34.42 32.08 146
80 P 33.92 31.88 529
81 P 33.90 31.70 459
82 P 33.90 31.86 672
83 P 34.41 31.79 404
84 P 34.14 31.80 457
85 P 34.38 31.91 531
86 P 33.39 31.89 506
87 P 33.85 31.84 477
88 P 34.07 31.93 520
89 P 35.32 31.91 438
90 P 34.52 31.91 416
91 P 33.90 31.96 523
92 P 34.26 31.84 497
93 P 34.64 31.87 512
94 P 34.22 31.98 575
95 P 34.06 31.77 503
96 P 34.60 32.17 823
97 P 34.40 32.17 128
98 P 35.29 31.80 522
99 P 33.14 31.83 571
100 P 34.33 31.78 590
101 P 34.03 31.79 810
102 P 33.38 31.91 706
103 P 34.08 31.88 167
104 P 34.46 31.65 632
105 P 34.71 31.92 765
106 P 33.02 31.84 561
107 P 34.03 31.86 609
108 P 34.22 31.57 518
109 P 34.01 32.28 1138
110 P 34.24 32.13 499
111 P 34.26 32.19 591
112 P 33.95 32.15 422
113 P 34.20 32.17 399
114 P 33.90 32.17 408
115 P 34.09 32.33 489
116 P 34.47 32.19 446
117 P 34.54 32.14 464
118 P 33.65 32.14 517
119 P 33.99 32.04 433
120 P 34.15 32.06 417
121 P 34.68 32.05 363
122 P 34.33 32.07 384
123 P 34.24 32.06 418
124 P 34.00 32.26 446
125 P 34.57 32.25 99
126 P 35.30 32.20 284
127 P 34.96 32.21 309
128 P 34.56 32.29 416
129 P 34.08 32.35 388
130 P 34.67 32.35 351
131 P 34.61 32.38 123
132 P 34.51 32.27 377
133 P 33.75 32.14 441
134 P 35.10 32.24 394
135 P 33.87 32.22 369
136 P 33.47 32.29 355
137 P 34.31 32.42 365
138 P 34.20 32.36 314
139 P 33.58 32.40 298
140 P 33.10 32.48 317
141 P 33.67 32.41 322
142 P 32.67 32.58 476
143 P 33.22 32.70 173
144 P 32.64 32.67 339
145 P 33.17 32.62 288
146 P 34.28 32.54 248
147 P 32.99 32.65 399
148 P 32.39 32.77 406
149 P 32.15 32.78 81
150 P 34.00 32.78 329
151 P 33.81 32.67 285
152 P 32.42 32.81 490
153 P 33.44 32.65 345
154 P 32.79 32.80 443
155 P 33.36 32.76 109
156 P 33.02 32.63 372
157 P 32.48 32.76 633
158 P 32.53 32.63 407
159 P 32.44 32.64 460
160 P 32.72 32.71 467
161 P 32.10 32.79 536
162 P 33.01 32.68 435
163 P 32.53 32.93 1169
164 P 32.22 32.82 438
165 P 32.38 32.79 451
166 P 32.10 33.10 779
167 P 31.50 33.11 120
168 P 32.08 33.00 531
169 P 32.23 32.82 486
170 P 32.81 32.85 576
171 P 32.85 32.83 738
172 P 32.63 32.83 638
173 P 32.49 32.88 211
174 P 32.87 32.83 631
175 P 33.20 32.84 559
176 P 32.11 32.92 758
177 P 32.57 32.95 584
178 P 32.49 33.01 566
179 P 32.04 33.08 162
180 P 32.46 33.02 487
181 P 31.94 33.06 610
182 P 31.73 32.84 387
183 P 32.90 32.95 487
184 P 32.24 32.97 448
185 P 32.80 32.98 512
186 P 32.80 32.99 507
187 P 32.42 32.94 480
188 P 32.57 32.92 525
189 P 32.70 32.80 381
190 P 32.50 32.98 677
191 P 32.80 33.05 168
192 P 32.07 33.09 481
193 P 32.54 32.95 425
194 P 32.51 32.91 474
195 P 32.50 33.02 606
196 P 32.45 33.06 537
197 P 32.21 33.12 198
198 P 32.40 33.09 495
199 P 32.39 33.00 462
200 P 32.37 33.04 622
201 P 32.28 33.11 534
202 P 32.72 33.03 527
203 P 32.67 33.03 253
204 P 32.50 33.18 695
205 P 32.65 33.09 504
206 P 32.54 33.11 484
207 P 32.15 33.13 483
208 P 32.74 33.11 457
209 P 31.70 32.93 358
210 P 32.57 33.57 1031
211 P 32.96 33.49 368
212 P 32.34 33.41 505
213 P 31.64 33.47 512
214 P 30.23 33.75 880
215 P 31.80 33.79 112
216 P 31.27 33.60 607
217 P 31.67 33.45 522
218 P 32.75 33.46 514
219 P 32.20 33.41 594
220 P 30.83 33.61 458
221 P 32.64 33.69 116
222 P 31.94 33.54 465
223 P 32.67 33.41 569
224 P 32.66 33.57 717
225 P 32.70 33.58 610
226 P 31.59 33.65 723
227 P 32.73 33.64 151
228 P 32.32 33.61 817
229 P 31.83 33.46 489
230 P 32.98 33.46 394
231 P 32.29 33.52 430
232 P 31.93 33.49 449
233 P 32.67 33.54 458
234 P 32.57 33.54 442
235 P 32.55 33.55 410
236 P 32.61 33.41 442
237 P 31.75 33.45 549
238 P 31.10 33.54 785
239 P 32.28 33.53 159
240 P 32.40 33.40 559
241 P 32.25 33.45 620
242 P 32.55 33.30 585
243 P 32.42 33.37 753
244 P 31.53 33.52 551
245 P 32.08 33.53 134
246 P 32.32 33.34 447
247 P 31.88 33.34 616
248 P 32.65 33.33 410
249 P 32.85 33.26 388
250 P 32.28 33.37 432
251 P 32.04 33.38 155
252 P 32.18 33.30 505
253 P 32.01 33.27 418
254 P 31.95 33.20 439
255 P 34.25 32.84 348
% Nframe | type | QP | PSNR | size (Bytes) 
25 P 30.70 37.35 1005
26 P 31.18 36.98 962
27 P 31.98 35.96 926
28 P 32.75 34.99 858
29 P 33.30 34.11 690
30 P 34.07 33.81 470
31 P 34.84 33.90 536
32 P 35.30 33.79 573
33 P 34.56 33.95 583
34 P 34.13 34.15 509
35 P 34.10 34.14 396
36 P 36.06 34.19 334
37 P 35.34 34.32 366
38 P 35.78 33.91 298
39 P 35.49 33.74 336
40 P 37.07 33.34 251
41 P 36.60 33.01 264
42 P 37.17 32.93 189
43 P 36.19 32.66 160
44 P 37.09 32.79 207
45 P 37.25 32.55 175
46 P 37.12 32.60 185
47 P 37.34 32.62 190
48 P 37.37 32.58 208
49 P 36.67 32.72 226
50 P 36.22 32.86 289
51 P 35.66 32.91 323
52 P 35.69 32.92 315
53 P 36.25 32.93 319
54 P 35.41 33.05 324
55 P 35.52 33.08 265
56 P 35.42 33.23 237
57 P 35.13 33.41 239
58 P 34.14 33.57 244
59 P 35.14 33.63 228
60 P 33.43 33.82 224
61 P 33.63 33.98 261
62 P 33.46 34.03 283
63 P 33.72 34.01 264
64 P 33.70 34.07 250
65 P 33.66 34.04 197
66 P 34.90 34.18 201
67 P 33.42 34.30 187
68 P 32.92 34.40 236
69 P 34.04 34.33 246
70 P 33.60 34.53 335
71 P 33.29 34.38 403
72 P 31.65 34.39 375
73 P 31.96 34.50 419
74 P 32.97 34.49 349
75 P 31.74 34.72 359
76 P 32.15 34.88 285
77 P 31.77 35.03 265
78 P 31.51 35.13 272
79 P 31.46 35.29 320
80 P 31.75 35.36 282
81 P 31.68 35.31 191
82 P 31.95 35.41 148
83 P 31.52 35.50 187
84 P 31.81 35.51 154
85 P 32.44 35.50 200
86 P 31.60 35.47 227
87 P 31.45 35.58 308
88 P 31.87 35.50 315
89 P 31.39 35.68 386
90 P 31.27 35.63 295
91 P 30.80 35.70 351
92 P 30.42 35.73 302
93 P 31.20 35.89 317
94 P 30.60 35.93 289
95 P 30.34 35.95 309
96 P 30.40 36.13 304
97 P 30.53 36.31 298
98 P 29.85 36.42 289
99 P 30.40 36.52 269
100 P 29.24 36.55 257
101 P 29.73 36.77 278
102 P 30.43 36.74 154
103 P 29.49 36.79 209
104 P 29.29 36.82 198
105 P 29.82 36.80 185
106 P 29.24 36.90 248
107 P 29.42 36.94 172
108 P 29.52 37.03 165
109 P 28.47 37.09 168
110 P 29.03 37.14 194
111 P 29.32 37.22 157
112 P 28.42 37.16 136
113 P 27.80 37.30 165
114 P 27.11 37.33 213
115 P 28.23 37.35 182
116 P 28.50 37.41 125
117 P 28.27 37.45 157
118 P 29.27 37.49 140
119 P 28.00 37.60 214
120 P 28.05 37.70 197
121 P 27.61 37.69 227
122 P 28.13 37.81 245
123 P 27.71 37.85 237
124 P 26.90 37.96 315
125 P 27.92 38.09 317
126 P 28.10 38.11 264
127 P 27.65 38.17 222
128 P 27.43 38.24 264
129 P 27.19 38.30 269
130 P 26.59 38.36 276
131 P 27.11 38.47 307
132 P 26.41 38.48 224
133 P 26.98 38.59 241
134 P 25.99 38.68 240
135 P 26.28 38.69 264
136 P 26.55 38.76 244
137 P 26.23 38.79 215
138 P 26.70 38.87 229
139 P 25.34 39.05 277
140 P 25.73 39.17 152
141 P 25.83 39.20 110
142 P 25.58 39.26 174
143 P 25.49 39.27 192
144 P 26.20 39.29 169
145 P 24.89 39.40 204
146 P 25.62 39.47 149
147 P 24.06 39.55 171
148 P 24.41 39.59 118
149 P 22.02 39.53 165
150 P 24.60 39.56 249
151 P 25.29 39.57 320
152 P 24.58 39.62 350
153 P 24.31 39.61 367
154 P 23.88 39.72 357
155 P 23.82 39.72 283
156 P 24.13 39.95 366
157 P 23.04 40.05 262
158 P 22.75 40.21 311
159 P 22.91 40.22 202
160 P 22.95 40.41 368
161 P 22.58 40.43 338
162 P 24.02 40.56 262
163 P 21.82 40.58 248
164 P 22.92 40.65 250
165 P 23.87 40.65 184
166 P 23.96 40.64 152
167 P 23.70 40.72 249
168 P 23.50 40.69 239
169 P 23.79 40.71 220
170 P 22.80 40.85 229
171 P 22.92 40.93 196
172 P 22.65 41.05 265
173 P 22.45 40.99 199
174 P 22.95 41.00 273
175 P 22.48 41.03 306
176 P 22.11 41.15 409
177 P 22.72 41.20 318
178 P 22.31 41.26 258
179 P 22.23 41.41 294
180 P 22.18 41.47 297
181 P 22.20 41.44 239
182 P 22.28 41.55 362
183 P 22.41 41.59 259
184 P 20.96 41.71 295
185 P 21.13 41.79 210
186 P 22.16 41.85 168
187 P 20.25 41.96 242
188 P 20.33 42.02 246
189 P 22.20 41.89 245
190 P 21.65 41.76 432
191 P 21.59 41.84 564
192 P 21.94 41.88 559
193 P 21.60 41.95 519
194 P 21.42 41.90 359
195 P 21.37 42.06 360
196 P 20.99 42.10 297
197 P 21.27 42.15 286
198 P 21.94 42.11 265
199 P 21.25 42.19 374
200 P 21.64 42.17 388
201 P 21.71 42.22 296
202 P 21.65 42.18 374
203 P 21.86 42.16 433
204 P 21.55 42.11 512
205 P 21.44 42.14 558
206 P 21.21 42.14 660
207 P 21.88 42.01 522
208 P 21.40 42.13 782
209 P 21.71 42.20 643
210 P 21.34 42.25 545
211 P 20.74 42.41 581
212 P 21.42 42.41 548
213 P 21.82 42.31 638
214 P 21.37 42.32 653
215 P 20.70 42.48 672
216 P 20.80 42.44 512
217 P 20.28 42.55 550
218 P 20.88 42.56 312
219 P 20.56 42.64 336
220 P 21.52 42.60 326
221 P 21.67 42.69 396
222 P 21.75 42.72 367
223 P 20.78 42.68 561
224 P 20.85 42.52 432
225 P 20.85 42.58 665
226 P 21.30 42.49 672
227 P 21.02 42.49 596
228 P 20.50 42.69 708
229 P 21.11 42.61 563
230 P 20.89 42.64 582
231 P 21.08 42.68 469
232 P 21.26 42.73 526
233 P 20.38 42.81 500
234 P 20.10 42.87 347
235 P 20.27 42.89 318
236 P 19.43 42.94 290
237 P 19.75 42.97 437
238 P 20.56 42.86 387
239 P 21.17 42.80 420
240 P 21.06 42.73 388
241 P 20.89 42.77 291
242 P 21.14 42.77 226
243 P 20.59 42.84 235
244 P 19.45 42.92 106
245 P 21.57 42.96 157
246 P 21.14 42.93 143
247 P 21.30 42.97 125
248 P 20.30 43.04 127
249 P 20.72 43.11 163
250 P 19.40 43.15 153
251 P 20.62 43.19 120
252 P 21.02 43.21 136
253 P 21.01 43.15 138
254 P 20.16 43.17 181
255 P 18.58 43.13 188
256 P 20.64 43.20 296
257 P 20.17 43.25 231
258 P 19.60 43.26 297
259 P 19.90 43.32 293
260 P 19.10 43.28 314
261 P 19.80 43.40 334
262 P 19.50 43.40 321
263 P 19.64 43.43 345
264 P 20.45 43.47 353
265 P 18.14 43.55 214
266 P 18.63 43.55 271
267 P 19.73 43.55 306
268 P 18.01 43.49 287
269 P 19.65 43.48 411
270 P 20.09 43.41 488
271 P 19.19 43.40 359
272 P 18.80 43.49 508
273 P 19.08 43.47 478
274 P 18.24 43.57 667
275 P 19.45 43.50 574
276 P 19.07 43.51 652
277 P 18.88 43.53 582
278 P 18.90 43.61 808
279 P 19.59 43.58 833
280 P 19.33 43.49 1045
281 P 19.44 43.45 1139
282 P 19.38 43.38 1241
283 P 18.81 43.45 1408
284 P 19.70 43.46 1455
285 P 19.44 43.42 1402
286 P 19.32 43.45 1548
287 P 19.95 43.37 1379
288 P 19.02 43.52 1704
289 P 19.02 43.42 1682
290 P 18.52 43.55 1961
291 P 18.83 43.51 1791
292 P 19.15 43.46 1739
293 P 19.17 43.52 1744
294 P 19.44 43.45 1723
295 P 19.51 43.29 1742
296 P 19.17 43.17 1769
297 P 20.04 43.05 1609
298 P 19.88 42.79 1486
299 P 20.10 42.67 1481
300 P 20.19 42.47 1351
301 P 21.04 42.32 1294
302 P 22.00 42.15 1063
303 P 22.19 41.97 1058
304 P 21.92 41.85 1099
305 P 22.46 41.58 948
306 P 22.90 41.54 910
307 P 22.23 41.39 867
308 P 22.83 41.20 799
309 P 23.23 41.25 791
310 P 23.30 40.96 622
311 P 23.40 40.87 720
312 P 23.74 40.68 794
313 P 23.94 40.75 829
314 P 24.03 40.64 881
315 P 24.13 40.63 963
316 P 24.00 40.55 860
317 P 24.47 40.52 772
318 P 23.92 40.34 597
319 P 24.11 40.40 656
320 P 23.78 40.38 649
321 P 23.88 40.28 608
322 P 23.69 40.19 638
323 P 24.71 40.18 613
324 P 24.78 40.24 660
325 P 24.75 40.20 578
326 P 24.68 40.25 588
327 P 24.55 40.21 590
328 P 25.10 40.19 412
329 P 24.47 40.19 303
330 P 24.96 40.17 295
331 P 24.18 40.14 298
332 P 24.76 40.22 455
333 P 25.02 40.26 411
334 P 24.73 40.16 445
335 P 25.11 40.09 383
336 P 24.98 40.01 504
337 P 24.95 40.03 464
338 P 24.81 39.97 468
339 P 24.41 39.89 493
340 P 25.07 39.88 511
341 P 25.49 39.98 552
342 P 24.53 39.95 512
343 P 24.83 39.97 446
344 P 25.09 40.06 499
345 P 24.70 40.02 404
346 P 24.62 40.13 475
347 P 25.00 40.07 445
348 P 24.91 40.11 554
349 P 24.89 40.15 478
350 P 24.83 40.23 531
351 P 24.85 40.34 291
352 P 24.80 40.32 211
353 P 24.82 40.20 321
354 P 24.05 39.73 153
