% Nframe | type | QP | PSNR | size (Bytes) 
0 I 28.53 39.17 20081
1 P 30.97 38.73 781
2 P 31.91 38.63 1592
3 P 32.19 38.65 2326
4 P 31.96 38.78 2957
5 P 31.66 38.79 2831
6 P 32.09 38.83 2798
7 P 31.67 38.75 2316
8 P 32.31 38.36 2271
9 P 32.76 38.11 2430
10 P 32.63 38.31 2547
11 P 32.25 38.56 3169
12 P 36.12 37.37 1077
13 P 36.25 37.11 1659
14 P 33.23 37.41 2791
15 P 32.52 37.95 2614
16 P 30.85 38.80 2915
17 P 29.37 39.31 4790
18 P 28.17 39.60 5958
19 P 27.45 39.62 6731
20 P 26.69 39.35 6992
21 P 26.02 39.71 5598
22 P 25.58 40.25 6851
23 P 25.24 40.52 9997
24 P 24.55 40.90 9793
25 P 24.03 40.90 10921
26 P 24.20 40.99 10416
27 P 23.84 41.38 9302
28 P 23.33 41.55 8840
29 P 23.55 41.31 10562
30 P 23.87 41.16 12116
31 P 24.29 41.17 12019
32 P 23.93 41.27 11388
33 P 24.10 41.35 9794
34 P 24.27 41.18 11030
35 P 24.78 40.78 10768
36 P 25.50 40.62 9669
37 P 25.64 40.43 6761
38 P 26.04 40.55 4730
39 P 25.98 40.63 6116
40 P 25.90 40.58 6287
41 P 26.31 40.43 5427
42 P 26.75 40.29 4999
43 P 26.79 40.20 4737
44 P 26.85 40.15 4502
45 P 27.03 40.17 4577
46 P 28.02 39.94 4298
47 P 28.97 39.51 4307
48 P 29.55 39.42 3865
49 P 29.22 39.65 2674
50 P 29.69 39.88 2940
51 P 28.52 39.89 4331
52 P 28.81 39.68 4739
53 P 29.48 39.70 4368
54 P 29.10 39.66 4742
55 P 28.95 39.54 4847
56 P 28.56 39.54 4800
57 P 28.17 39.55 4830
58 P 27.89 39.85 5330
59 P 28.19 40.07 7023
60 P 27.27 40.24 8472
61 P 27.05 40.18 8199
62 P 26.72 39.96 7717
63 P 26.87 39.86 8252
64 P 26.64 39.79 7320
65 P 26.42 39.78 6527
66 P 26.76 39.86 6729
67 P 26.45 40.02 6677
68 P 26.43 40.12 6013
69 P 26.85 39.98 6532
70 P 26.86 39.89 7028
71 P 26.93 39.93 7085
72 P 26.93 39.78 6947
73 P 27.26 39.46 6120
74 P 27.22 39.43 6134
75 P 27.84 39.67 6695
76 P 27.21 39.85 7944
77 P 26.77 40.19 9519
78 P 26.98 40.44 9889
79 P 27.11 40.40 9589
80 P 27.48 40.06 10464
81 P 27.55 39.79 10783
82 P 27.37 39.52 10478
83 P 26.92 39.52 9288
84 P 27.04 39.68 8377
85 P 26.89 39.76 7697
86 P 26.81 39.86 6883
87 P 26.67 39.95 7122
88 P 27.14 39.89 6975
89 P 27.57 39.73 6922
90 P 27.49 39.57 6909
91 P 28.45 39.47 7227
92 P 27.87 39.49 7337
93 P 28.15 39.37 6807
94 P 28.46 39.40 5124
95 P 28.45 39.26 5088
96 P 29.48 39.21 4441
97 P 29.19 39.26 4171
98 P 28.90 39.18 4744
99 P 29.09 38.89 4734
100 P 28.93 38.70 5137
101 P 28.73 38.72 4934
102 P 29.30 38.78 4447
103 P 29.63 39.10 5680
104 P 29.73 39.09 5926
105 P 29.74 38.85 6712
106 P 29.42 38.98 5784
107 P 29.76 38.90 5261
108 P 29.18 38.89 5420
109 P 28.95 38.87 5600
110 P 28.73 38.99 5637
111 P 29.01 38.97 5541
112 P 28.65 38.98 5186
113 P 29.23 39.01 4678
114 P 28.64 39.14 3995
115 P 29.37 39.28 3940
116 P 29.50 39.34 4363
117 P 29.83 39.28 4764
118 P 29.68 39.33 5255
119 P 29.91 39.13 5773
120 P 30.08 38.97 5422
121 P 30.06 38.99 5664
122 P 29.64 39.00 5717
123 P 30.40 39.11 4510
124 P 29.79 39.28 4173
125 P 30.22 39.23 4459
126 P 30.61 39.07 4646
127 P 30.44 38.91 5431
128 P 30.03 39.24 6531
129 P 29.57 39.50 6725
130 P 29.57 39.83 7558
131 P 29.61 39.87 6902
132 P 29.14 39.77 6725
133 P 28.98 39.42 6768
134 P 29.25 39.37 6042
135 P 30.25 39.41 4954
136 P 29.81 39.36 5877
137 P 29.56 39.34 5429
138 P 29.63 39.22 4685
139 P 29.76 39.38 3391
140 P 29.01 39.42 5153
141 P 29.59 39.52 5952
142 P 29.55 39.64 6391
143 P 29.35 39.98 5686
144 P 29.52 40.13 6755
145 P 29.89 40.23 7468
146 P 28.89 40.30 7691
147 P 27.81 40.21 9523
148 P 27.28 39.83 10909
149 P 27.75 39.57 11369
150 P 27.48 39.67 10862
151 P 27.40 39.95 10108
152 P 26.95 40.19 9418
153 P 26.80 40.52 10284
154 P 26.59 40.64 10334
155 P 26.45 40.90 10281
156 P 26.42 41.13 10927
157 P 26.55 41.43 12956
158 P 26.41 41.80 15006
159 P 26.47 42.01 15018
160 P 26.67 41.99 14692
161 P 26.58 42.37 14711
162 P 26.33 43.09 12843
163 P 26.08 43.78 11383
164 P 25.75 44.52 9822
165 P 25.27 45.23 8680
166 P 25.29 44.98 8361
167 P 25.48 44.89 8484
168 P 25.07 44.97 8520
169 P 25.27 44.38 9536
170 P 25.67 43.80 10715
171 P 26.01 43.66 11189
172 P 26.31 43.35 11392
173 P 26.52 43.24 11519
174 P 28.00 42.32 13240
175 P 27.87 41.78 13847
176 P 28.10 41.29 11884
177 P 28.14 40.83 8862
178 P 28.24 40.43 9580
179 P 28.41 40.08 9790
180 P 28.64 39.77 9570
181 P 28.77 39.33 10111
182 P 29.35 39.08 10240
183 P 29.40 38.83 9731
184 P 29.63 38.34 10096
185 P 29.76 37.97 10445
186 P 30.10 37.58 10720
187 P 30.10 37.31 10372
188 P 30.21 37.30 9325
189 P 30.10 37.54 8088
190 P 30.35 37.43 8628
191 P 30.44 37.12 8730
192 P 30.61 36.74 9512
193 P 30.78 36.45 9751
194 P 30.99 36.32 8508
195 P 31.28 36.05 8323
196 P 31.80 35.64 9546
197 P 31.64 35.42 11094
198 P 31.85 35.30 8452
199 P 32.20 35.09 9382
200 P 32.72 34.68 9792
201 P 32.65 34.16 12553
202 P 32.95 33.51 13478
203 P 33.31 32.73 14900
204 P 33.33 31.97 14787
205 P 33.57 31.41 12257
206 P 33.62 31.29 8105
207 P 34.12 30.56 8917
208 P 34.33 30.53 5147
209 P 34.01 30.67 4317
210 P 34.41 30.63 3594
211 P 34.39 30.62 3177
212 P 34.38 30.83 3256
213 P 34.41 30.84 2954
214 P 34.74 30.79 2542
215 P 34.85 30.72 2532
216 P 34.86 30.63 2532
217 P 35.14 30.54 1994
218 P 34.81 30.46 1890
219 P 35.08 30.45 1488
220 P 35.23 30.51 1037
221 P 35.35 30.54 936
222 P 35.28 30.57 872
223 P 35.66 30.63 729
224 P 35.28 30.62 667
225 P 35.17 30.60 996
226 P 34.81 30.57 1523
227 P 35.69 30.55 1661
228 P 35.09 30.55 1966
229 P 34.71 30.67 1986
230 P 34.38 30.69 2267
231 P 34.57 30.77 1053
232 P 34.29 30.78 1017
233 P 34.51 30.80 1054
234 P 34.47 30.83 931
235 P 34.10 30.80 1506
236 P 34.40 30.84 1235
237 P 34.22 30.79 1719
238 P 34.08 30.79 2019
239 P 33.92 30.81 2227
240 P 34.24 30.85 2664
241 P 33.91 30.89 2954
242 P 33.99 30.91 3028
243 P 33.98 30.91 3151
244 P 33.62 30.99 3592
245 P 33.47 31.07 3087
246 P 33.82 31.07 2389
247 P 35.14 30.74 610
% Nframe | type | QP | PSNR | size (Bytes) 
25 P 23.98 41.10 2776
26 P 23.93 41.31 7052
27 P 24.00 41.33 5961
28 P 24.02 41.38 5934
29 P 23.88 41.51 7472
30 P 23.88 41.63 6192
31 P 23.11 41.69 2460
32 P 24.56 41.57 5785
33 P 23.88 41.53 5943
34 P 23.95 41.58 8698
35 P 25.00 41.50 6973
36 P 24.28 41.30 6716
37 P 23.95 41.38 8556
38 P 23.23 41.35 3848
39 P 23.31 41.29 10098
40 P 23.13 41.32 8077
41 P 23.38 41.33 7477
42 P 23.34 41.38 7300
43 P 22.77 41.45 7808
44 P 24.59 41.52 7746
45 P 24.23 41.56 7602
46 P 24.65 41.49 7101
47 P 24.59 41.46 7105
48 P 25.07 41.56 9027
49 P 22.92 41.53 3433
50 P 24.50 41.49 7123
51 P 24.48 41.44 6697
52 P 25.40 41.26 6561
53 P 26.09 41.12 7680
54 P 24.48 41.24 14583
55 P 25.90 41.18 3353
56 P 26.13 41.01 6442
57 P 25.01 40.93 6113
58 P 25.82 40.92 7927
59 P 26.36 40.92 6765
60 P 26.24 40.87 6656
61 P 26.23 40.92 7107
62 P 25.80 40.89 7551
63 P 25.54 40.92 7134
64 P 25.90 40.97 7106
65 P 26.46 40.96 6644
66 P 25.48 40.82 6247
67 P 25.17 40.83 7051
68 P 27.06 40.87 6917
69 P 26.83 40.85 6897
70 P 25.45 40.77 6971
71 P 25.01 40.68 7082
72 P 24.87 40.85 8894
73 P 25.10 40.84 2776
74 P 25.10 40.66 6950
75 P 25.06 40.72 6569
76 P 24.85 40.66 6110
77 P 25.19 40.69 7424
78 P 25.57 40.76 6348
79 P 25.58 40.75 2323
80 P 25.87 40.59 5789
81 P 25.68 40.61 5324
82 P 25.28 40.61 7150
83 P 25.71 40.65 5486
84 P 26.79 40.58 5476
85 P 25.85 40.63 5909
86 P 26.73 40.63 5449
87 P 27.02 40.62 5469
88 P 26.93 40.64 5888
89 P 27.27 40.64 5000
90 P 26.90 40.63 4974
91 P 26.34 40.64 5639
92 P 26.51 40.67 5867
93 P 25.62 40.64 5878
94 P 27.08 40.68 6145
95 P 25.72 40.59 5757
96 P 25.94 40.86 8782
97 P 25.93 40.83 2257
98 P 25.22 40.70 6551
99 P 26.55 40.72 7182
100 P 26.41 40.64 7096
101 P 26.15 40.67 9297
102 P 26.15 40.72 8579
103 P 26.19 40.77 3368
104 P 25.89 40.60 6638
105 P 24.97 40.79 8752
106 P 24.57 40.81 7258
107 P 25.96 40.83 7379
108 P 26.47 40.67 6834
109 P 26.81 40.95 12848
110 P 26.93 40.88 6945
111 P 26.51 40.85 6872
112 P 26.58 40.84 5936
113 P 26.83 40.74 5721
114 P 26.88 40.81 6253
115 P 26.58 40.86 5801
116 P 26.52 40.84 6316
117 P 26.64 40.76 6382
118 P 26.49 40.76 6634
119 P 26.65 40.69 6012
120 P 26.53 40.64 5824
121 P 26.77 40.62 5657
122 P 26.87 40.56 5358
123 P 26.63 40.61 5883
124 P 25.98 40.70 5698
125 P 26.16 40.70 2082
126 P 26.63 40.67 4810
127 P 26.63 40.67 4753
128 P 26.81 40.74 5604
129 P 26.72 40.74 5064
130 P 26.46 40.81 5682
131 P 26.76 40.83 2567
132 P 27.30 40.64 5587
133 P 26.63 40.70 7193
134 P 26.79 40.76 5689
135 P 26.90 40.73 5701
136 P 26.55 40.71 5511
137 P 26.93 40.77 4885
138 P 27.39 40.82 4865
139 P 26.62 40.84 5093
140 P 26.52 40.89 4845
141 P 26.52 40.83 5058
142 P 26.66 41.00 6598
143 P 26.46 40.97 2917
144 P 26.43 40.92 5117
145 P 26.30 40.86 4309
146 P 26.72 40.84 4429
147 P 26.98 40.80 5522
148 P 26.49 40.86 5026
149 P 26.06 40.93 1718
150 P 26.55 40.82 4422
151 P 26.69 40.85 4855
152 P 26.37 40.88 6321
153 P 26.43 40.80 5440
154 P 26.45 40.87 5937
155 P 26.04 40.91 2607
156 P 26.68 40.78 5186
157 P 26.69 40.84 7593
158 P 26.63 40.84 5642
159 P 26.61 40.81 5628
160 P 26.24 40.80 5835
161 P 26.15 40.83 5860
162 P 26.12 40.84 4935
163 P 26.32 40.90 12306
164 P 25.65 40.79 6481
165 P 26.08 40.75 5774
166 P 25.67 40.93 8221
167 P 25.08 40.94 2347
168 P 26.76 40.86 6422
169 P 25.67 40.79 6324
170 P 25.79 40.75 6767
171 P 26.59 40.75 8536
172 P 27.00 40.83 7518
173 P 26.29 40.78 3846
174 P 26.34 40.73 7342
175 P 26.39 40.69 6969
176 P 26.48 40.83 9188
177 P 25.87 40.81 7187
178 P 25.45 40.90 7586
179 P 24.99 40.92 2685
180 P 25.67 40.81 6211
181 P 25.76 40.86 7390
182 P 25.53 40.82 5879
183 P 26.01 40.86 6025
184 P 25.94 40.86 5856
185 P 25.84 40.85 6390
186 P 25.90 40.81 6726
187 P 25.68 40.88 6588
188 P 25.52 40.86 6864
189 P 25.69 40.82 5821
190 P 25.54 40.88 7875
191 P 24.96 40.90 2426
192 P 25.45 40.78 5754
193 P 25.51 40.78 6247
194 P 26.14 40.80 6081
195 P 26.18 40.80 7435
196 P 25.57 40.92 7328
197 P 25.51 40.90 3000
198 P 26.07 40.81 6123
199 P 25.99 40.76 6154
200 P 26.01 40.84 8232
201 P 25.85 40.79 6985
202 P 25.71 40.82 7348
203 P 25.51 40.75 4206
204 P 25.80 40.74 8258
205 P 25.71 40.69 7571
206 P 25.94 40.75 6056
207 P 25.91 40.71 6040
208 P 26.30 40.80 6143
209 P 26.03 40.67 5303
210 P 26.42 41.20 9741
211 P 25.71 41.14 5098
212 P 25.66 41.16 5319
213 P 25.93 41.14 5528
214 P 25.58 41.34 8317
215 P 25.37 41.32 1983
216 P 25.36 41.18 5616
217 P 25.39 41.19 5934
218 P 25.20 41.12 5243
219 P 25.68 41.14 6865
220 P 25.45 41.27 5623
221 P 25.94 41.34 1666
222 P 25.81 41.21 5233
223 P 25.68 41.19 5938
224 P 25.82 41.16 7336
225 P 26.08 41.16 6646
226 P 26.32 41.21 6938
227 P 25.71 41.20 2613
228 P 26.14 41.11 8132
229 P 25.51 41.10 6395
230 P 25.52 41.14 5713
231 P 25.74 41.11 5649
232 P 25.69 41.14 5559
233 P 25.21 41.18 5089
234 P 25.54 41.18 4682
235 P 25.63 41.16 5115
236 P 25.63 41.18 5297
237 P 25.84 41.06 5215
238 P 25.72 41.13 7860
239 P 25.76 41.14 2654
240 P 25.68 41.03 6269
241 P 26.04 41.04 6247
242 P 25.94 40.98 5457
243 P 25.96 41.06 7366
244 P 25.34 41.18 5753
245 P 26.43 41.15 1722
246 P 26.21 41.12 5145
247 P 25.59 41.11 6506
248 P 25.70 41.09 5177
249 P 25.62 41.06 5274
250 P 25.85 41.11 5326
251 P 26.21 41.10 2100
252 P 25.60 41.01 6340
253 P 26.11 40.98 5572
254 P 26.03 41.03 5308
255 P 28.20 40.68 4210
% Nframe | type | QP | PSNR | size (Bytes) 
25 P 25.39 44.62 9594
26 P 25.20 44.24 9692
27 P 25.54 43.59 10474
28 P 26.56 42.44 10830
29 P 28.06 40.23 11700
30 P 28.76 39.91 7213
31 P 28.45 40.67 7225
32 P 28.62 41.03 7490
33 P 28.42 41.36 6509
34 P 27.83 41.59 5593
35 P 27.88 41.74 4594
36 P 27.92 41.79 4014
37 P 28.18 41.85 3819
38 P 28.82 41.69 3967
39 P 28.60 41.00 4305
40 P 29.81 40.03 4189
41 P 30.42 39.33 3797
42 P 30.56 38.91 3632
43 P 31.51 38.53 3783
44 P 31.43 38.69 3130
45 P 31.27 39.03 2993
46 P 31.02 39.06 3060
47 P 30.83 39.23 2898
48 P 30.56 39.65 3048
49 P 30.68 39.51 3028
50 P 30.46 39.27 3859
51 P 30.82 38.93 4541
52 P 30.60 38.64 4883
53 P 30.57 38.68 5174
54 P 30.38 39.12 4365
55 P 29.92 39.39 3494
56 P 29.71 39.53 2906
57 P 29.74 39.51 3209
58 P 29.31 39.31 3217
59 P 28.94 39.36 3203
60 P 28.98 39.32 3483
61 P 29.05 39.52 3603
62 P 29.09 39.57 3465
63 P 28.82 39.48 4092
64 P 28.99 39.24 4326
65 P 29.02 38.89 4058
66 P 28.67 38.88 3012
67 P 28.90 39.06 2477
68 P 28.65 39.31 3295
69 P 28.84 39.15 4129
70 P 28.30 39.39 4930
71 P 28.52 39.39 6699
72 P 28.43 39.28 6546
73 P 27.92 39.15 6777
74 P 27.68 39.10 6400
75 P 27.80 39.33 5408
76 P 27.61 39.49 4732
77 P 27.34 39.75 4369
78 P 26.99 39.87 4226
79 P 27.20 39.82 4736
80 P 27.15 39.43 4902
81 P 27.19 39.44 3537
82 P 27.58 39.50 3088
83 P 27.23 39.65 2955
84 P 28.11 39.76 3229
85 P 27.89 39.80 3485
86 P 28.20 39.98 4150
87 P 28.17 40.05 4675
88 P 27.98 40.05 5022
89 P 27.34 39.96 5400
90 P 27.59 39.82 6014
91 P 27.99 39.54 6630
92 P 27.48 39.45 6017
93 P 27.20 39.40 5859
94 P 27.11 39.49 5128
95 P 26.87 39.62 4512
96 P 26.62 39.73 4168
97 P 26.39 39.90 3711
98 P 26.15 40.13 3414
99 P 26.41 40.28 3115
100 P 26.33 40.31 3435
101 P 26.63 40.26 3334
102 P 26.47 40.19 3220
103 P 26.32 40.10 2922
104 P 26.65 39.96 3403
105 P 26.34 39.91 3635
106 P 26.27 39.83 3381
107 P 26.38 39.82 2885
108 P 26.74 39.96 2373
109 P 26.55 39.99 2668
110 P 26.55 39.98 2705
111 P 26.59 40.12 2468
112 P 26.10 40.24 2398
113 P 26.19 40.25 2746
114 P 26.37 40.12 3266
115 P 26.11 40.09 3089
116 P 25.99 40.18 3254
117 P 25.87 40.34 2938
118 P 25.53 40.47 2788
119 P 25.51 40.53 2925
120 P 25.36 40.61 2980
121 P 24.96 40.69 3356
122 P 25.16 40.75 3953
123 P 25.04 40.61 4703
124 P 24.92 40.60 5625
125 P 24.96 40.64 6167
126 P 24.96 40.64 5862
127 P 24.50 40.72 5268
128 P 24.20 40.87 4405
129 P 23.85 40.95 4522
130 P 23.74 41.03 4433
131 P 23.39 41.07 5087
132 P 23.48 41.02 4728
133 P 23.36 41.11 4760
134 P 23.31 41.25 4196
135 P 23.36 41.34 3589
136 P 23.53 41.43 3102
137 P 23.46 41.44 3090
138 P 23.46 41.40 2934
139 P 23.79 41.36 3179
140 P 22.86 41.39 2268
141 P 23.07 41.47 2536
142 P 23.35 41.48 3104
143 P 23.54 41.44 3166
144 P 23.61 41.47 4216
145 P 23.15 41.50 3461
146 P 22.79 41.52 3471
147 P 22.92 41.53 3237
148 P 23.04 41.53 3314
149 P 22.77 41.58 3527
150 P 23.15 41.68 3848
151 P 22.48 41.74 3617
152 P 22.34 41.81 4134
153 P 22.31 41.82 4911
154 P 21.98 41.81 4952
155 P 22.16 41.87 4661
156 P 22.04 41.92 3979
157 P 22.16 41.94 4870
158 P 21.82 41.93 5671
159 P 21.92 42.04 4375
160 P 21.70 42.13 4469
161 P 21.84 42.14 5419
162 P 21.64 42.21 3685
163 P 21.35 42.24 4049
164 P 21.16 42.29 4300
165 P 21.03 42.28 4411
166 P 21.17 42.27 4358
167 P 20.89 42.30 4806
168 P 21.10 42.35 4775
169 P 20.88 42.35 4722
170 P 20.87 42.43 4217
171 P 20.75 42.48 4086
172 P 20.78 42.48 4397
173 P 20.75 42.51 4340
174 P 20.85 42.50 4064
175 P 20.71 42.54 4274
176 P 20.85 42.55 6347
177 P 20.63 42.57 5818
178 P 20.58 42.65 4139
179 P 20.62 42.70 3937
180 P 20.55 42.68 4668
181 P 20.35 42.66 5649
182 P 20.38 42.67 5096
183 P 20.34 42.69 5121
184 P 20.34 42.77 4672
185 P 20.31 42.85 4021
186 P 20.17 42.89 3923
187 P 20.00 42.98 4683
188 P 20.20 42.99 3582
189 P 20.16 42.93 4334
190 P 20.26 42.88 6048
191 P 20.13 42.82 7135
192 P 20.10 42.80 7796
193 P 20.16 42.78 7424
194 P 19.99 42.79 6984
195 P 19.86 42.89 7067
196 P 19.95 42.91 5988
197 P 19.92 43.03 5015
198 P 19.73 43.03 5702
199 P 19.90 43.04 6043
200 P 19.62 43.03 7123
201 P 19.81 43.09 6230
202 P 19.76 43.15 5668
203 P 19.77 43.16 5998
204 P 19.74 43.09 6527
205 P 19.98 43.15 5556
206 P 19.92 43.12 6016
207 P 20.06 43.10 6258
208 P 20.05 43.05 7042
209 P 19.97 43.00 7177
210 P 19.93 43.03 6972
211 P 19.80 43.07 6705
212 P 20.03 43.06 6551
213 P 20.04 43.05 7127
214 P 19.89 43.08 7211
215 P 19.92 43.04 7183
216 P 20.01 43.09 6410
217 P 19.85 43.16 6812
218 P 19.80 43.20 4737
219 P 19.76 43.23 4623
220 P 19.63 43.19 5532
221 P 19.80 43.13 5761
222 P 19.81 43.14 6446
223 P 20.01 43.11 5317
224 P 19.87 43.11 5861
225 P 19.88 43.10 6575
226 P 19.73 43.10 6719
227 P 19.85 43.10 6200
228 P 20.09 43.04 6388
229 P 19.93 43.01 6494
230 P 20.07 42.98 6867
231 P 19.91 43.04 6457
232 P 19.85 43.07 6370
233 P 19.90 43.12 6434
234 P 19.73 43.21 6015
235 P 19.87 43.24 4906
236 P 19.78 43.25 4532
237 P 19.67 43.22 5556
238 P 19.95 43.11 6337
239 P 19.84 43.13 7442
240 P 20.05 43.11 6610
241 P 19.60 43.16 4779
242 P 19.85 43.18 4911
243 P 19.84 43.16 5157
244 P 19.75 43.26 4117
245 P 19.64 43.28 3929
246 P 19.74 43.26 4058
247 P 19.72 43.30 4347
248 P 19.76 43.27 4514
249 P 19.77 43.25 4497
250 P 19.92 43.28 3933
251 P 19.68 43.28 3581
252 P 19.71 43.31 3832
253 P 19.83 43.28 5087
254 P 19.64 43.26 4533
255 P 19.75 43.27 3973
256 P 19.92 43.28 4547
257 P 19.68 43.32 4476
258 P 19.87 43.26 5280
259 P 19.76 43.27 4796
260 P 19.80 43.26 4967
261 P 19.79 43.25 4884
262 P 19.66 43.27 5205
263 P 19.97 43.38 4511
264 P 19.88 43.40 4782
265 P 19.51 43.44 3894
266 P 19.75 43.39 4550
267 P 19.65 43.36 6263
268 P 19.61 43.39 5020
269 P 19.60 43.41 6057
270 P 19.76 43.38 6742
271 P 19.58 43.42 6654
272 P 19.47 43.44 6876
273 P 19.63 43.42 6688
274 P 19.49 43.44 7450
275 P 19.40 43.47 7157
276 P 19.55 43.42 7395
277 P 19.46 43.46 7066
278 P 19.49 43.52 8098
279 P 19.33 43.52 8443
280 P 19.22 43.52 10015
281 P 19.12 43.52 10893
282 P 19.24 43.52 11641
283 P 19.12 43.55 12334
284 P 19.19 43.55 12716
285 P 19.42 43.50 12930
286 P 19.33 43.54 12553
287 P 19.34 43.58 12336
288 P 19.43 43.66 14135
289 P 19.31 43.68 15568
290 P 19.38 43.65 15307
291 P 19.53 43.70 14252
292 P 19.56 43.62 14225
293 P 19.69 43.64 13841
294 P 19.51 43.58 14446
295 P 19.82 43.48 13984
296 P 19.73 43.49 14199
297 P 20.00 43.35 14363
298 P 20.06 43.24 14378
299 P 20.16 43.11 14592
300 P 20.19 43.00 13603
301 P 20.38 42.91 13387
302 P 20.52 42.68 12599
303 P 20.56 42.72 12280
304 P 20.61 42.67 12596
305 P 20.72 42.59 12387
306 P 20.99 42.44 12153
307 P 20.86 42.47 10905
308 P 21.13 42.63 10120
309 P 21.61 42.66 7573
310 P 21.62 42.65 6797
311 P 21.75 42.63 7373
312 P 22.17 42.58 7760
313 P 22.09 42.49 8172
314 P 22.17 42.49 8459
315 P 22.15 42.38 9062
316 P 22.16 42.33 9207
317 P 22.75 42.09 8057
318 P 22.38 42.02 6679
319 P 22.76 42.00 6140
320 P 22.72 41.98 5930
321 P 22.91 41.89 6034
322 P 22.98 41.87 6190
323 P 23.09 41.86 5491
324 P 23.21 41.88 5922
325 P 22.86 41.90 5199
326 P 22.92 41.87 5011
327 P 23.30 41.84 4912
328 P 22.93 41.76 5553
329 P 23.48 41.73 5539
330 P 22.97 41.73 4736
331 P 23.34 41.74 4312
332 P 23.10 41.81 4280
333 P 23.15 41.81 4708
334 P 23.36 41.82 4550
335 P 23.15 41.94 5514
336 P 23.35 41.93 5494
337 P 23.15 41.92 4805
338 P 22.84 41.91 5219
339 P 23.02 41.94 5191
340 P 22.71 41.95 5194
341 P 22.73 41.95 5217
342 P 22.92 41.87 5489
343 P 22.81 41.83 5560
344 P 22.89 41.84 5523
345 P 23.00 41.93 5309
346 P 22.77 41.91 5222
347 P 23.38 41.85 6314
348 P 23.04 41.88 6412
349 P 22.86 41.88 6254
350 P 22.80 41.88 6124
351 P 22.73 41.85 4502
352 P 22.69 41.93 4018
353 P 22.77 42.01 4218
354 P 24.09 41.50 2230
