% Nframe | type | QP | PSNR | size (Bytes) 
0 I 37.87 33.61 8641
1 P 42.88 33.28 156
2 P 42.19 33.07 337
3 P 41.08 32.97 556
4 P 41.79 32.99 658
5 P 40.72 33.04 726
6 P 42.37 32.92 666
7 P 41.45 32.80 736
8 P 41.87 32.51 717
9 P 42.05 32.44 740
10 P 41.57 32.65 622
11 P 41.48 32.86 788
12 P 44.84 31.73 372
13 P 46.50 30.49 420
14 P 44.47 31.13 650
15 P 42.75 31.74 562
16 P 41.04 32.52 761
17 P 41.07 33.21 1116
18 P 40.01 33.54 1599
19 P 39.21 33.48 1698
20 P 37.45 33.28 1875
21 P 35.97 33.54 1531
22 P 35.48 34.21 1872
23 P 34.70 34.70 2394
24 P 34.19 35.06 2527
25 P 33.62 35.09 3030
26 P 34.22 35.17 2691
27 P 33.75 35.60 2524
28 P 32.93 35.94 2558
29 P 33.85 35.79 2776
30 P 34.02 35.73 3382
31 P 34.15 35.83 3474
32 P 33.79 35.93 3114
33 P 33.72 35.97 2785
34 P 34.27 35.83 3231
35 P 34.48 35.51 3179
36 P 34.90 35.49 3206
37 P 34.61 35.32 2079
38 P 34.57 35.53 1287
39 P 34.79 35.63 1814
40 P 34.40 35.62 1950
41 P 34.67 35.46 1792
42 P 35.22 35.30 1707
43 P 36.25 35.21 1441
44 P 34.71 35.17 1576
45 P 35.07 35.23 1514
46 P 35.81 35.00 1474
47 P 36.41 34.69 1375
48 P 37.01 34.56 1167
49 P 37.03 34.76 964
50 P 36.29 35.10 1220
51 P 36.66 35.17 1553
52 P 36.84 34.95 1644
53 P 36.29 34.98 1531
54 P 35.94 34.96 1744
55 P 35.53 34.85 1672
56 P 35.29 34.82 1717
57 P 36.27 34.91 1784
58 P 35.17 35.20 1928
59 P 35.57 35.50 2643
60 P 35.25 35.71 3249
61 P 34.35 35.58 3235
62 P 34.92 35.35 2941
63 P 34.82 35.26 2967
64 P 35.01 35.08 2482
65 P 35.34 35.05 2420
66 P 34.61 35.19 2501
67 P 34.97 35.36 2420
68 P 34.62 35.49 2221
69 P 34.34 35.33 2303
70 P 35.34 35.23 2446
71 P 35.65 35.25 2441
72 P 35.88 35.12 2300
73 P 36.06 34.87 1905
74 P 36.19 34.74 1675
75 P 35.97 35.02 2164
76 P 35.53 35.32 2543
77 P 35.69 35.66 3202
78 P 35.42 35.87 3506
79 P 35.38 35.77 3554
80 P 35.11 35.32 3605
81 P 35.87 34.97 3681
82 P 35.32 34.75 3755
83 P 35.12 34.74 3197
84 P 35.57 34.80 2962
85 P 34.92 34.97 2730
86 P 34.83 35.06 2458
87 P 34.88 35.04 2463
88 P 35.02 34.92 2625
89 P 35.77 34.79 2694
90 P 36.16 34.62 2442
91 P 36.91 34.67 2485
92 P 36.33 34.66 2408
93 P 36.63 34.55 2406
94 P 36.92 34.47 1855
95 P 37.27 34.35 1688
96 P 37.12 34.29 1478
97 P 37.65 34.31 1421
98 P 37.34 34.24 1540
99 P 37.84 33.95 1481
100 P 37.33 33.76 1637
101 P 37.58 33.77 1462
102 P 37.71 33.83 1509
103 P 37.00 34.22 1960
104 P 36.78 34.17 2005
105 P 37.62 33.87 2137
106 P 36.89 34.00 2033
107 P 37.36 33.85 1778
108 P 36.69 33.84 1891
109 P 36.63 33.78 1947
110 P 36.78 33.91 2130
111 P 37.41 33.88 1925
112 P 36.45 33.87 1782
113 P 37.53 33.97 1584
114 P 37.12 34.07 1321
115 P 37.52 34.26 1367
116 P 37.84 34.38 1541
117 P 37.83 34.34 1653
118 P 37.26 34.31 1742
119 P 37.72 34.19 1954
120 P 37.43 34.04 1880
121 P 38.10 33.98 1711
122 P 37.27 33.99 1849
123 P 37.85 34.07 1610
124 P 37.40 34.23 1491
125 P 38.21 34.18 1517
126 P 38.12 34.12 1570
127 P 37.94 33.98 1732
128 P 37.58 34.25 2227
129 P 36.86 34.45 2129
130 P 36.66 34.85 2405
131 P 36.49 34.90 2551
132 P 36.70 34.70 2317
133 P 36.94 34.49 2292
134 P 37.70 34.38 2036
135 P 37.22 34.42 1776
136 P 35.82 34.28 1905
137 P 37.63 34.26 1896
138 P 36.83 34.18 1517
139 P 37.22 34.37 1164
140 P 37.87 34.49 1579
141 P 36.49 34.63 1889
142 P 36.83 34.68 2104
143 P 36.56 35.07 2199
144 P 37.19 35.30 2405
145 P 36.49 35.37 2565
146 P 36.46 35.53 2878
147 P 37.30 35.37 3550
148 P 36.35 34.84 3873
149 P 35.78 34.55 4198
150 P 35.28 34.53 4235
151 P 34.98 34.95 3986
152 P 34.68 35.38 3456
153 P 34.81 35.76 3565
154 P 34.55 35.89 3630
155 P 34.65 36.02 3915
156 P 34.07 36.24 4321
157 P 34.22 36.56 5331
158 P 34.21 36.85 6240
159 P 34.12 37.23 6447
160 P 34.30 37.41 6549
161 P 34.54 37.67 6588
162 P 33.97 38.35 6005
163 P 33.91 39.09 5438
164 P 33.59 39.67 5012
165 P 33.06 40.45 4645
166 P 32.94 39.92 4198
167 P 33.88 39.48 4150
168 P 33.55 39.36 4145
169 P 34.15 38.77 4341
170 P 34.38 38.22 4761
171 P 34.04 38.21 5252
172 P 34.60 37.92 5353
173 P 34.97 38.04 5583
174 P 37.54 37.37 6061
175 P 37.01 36.17 5596
176 P 36.98 35.37 4523
177 P 36.78 34.75 2814
178 P 37.35 34.57 3157
179 P 37.97 34.26 3144
180 P 37.72 33.81 3020
181 P 38.26 33.55 3342
182 P 38.44 33.20 3168
183 P 38.73 33.03 3210
184 P 39.45 32.50 3157
185 P 39.44 32.01 2913
186 P 39.63 31.64 2954
187 P 39.91 31.36 3172
188 P 39.77 31.28 2718
189 P 39.46 31.45 2670
190 P 39.47 31.46 2858
191 P 39.57 31.19 2451
192 P 39.71 31.01 2792
193 P 39.94 30.69 2606
194 P 40.15 30.55 2566
195 P 40.49 30.28 2076
196 P 40.88 29.92 2438
197 P 41.12 29.66 2816
198 P 41.11 29.47 2256
199 P 41.70 29.33 2328
200 P 41.61 29.01 2357
201 P 41.70 28.47 2771
202 P 42.18 27.87 2783
203 P 42.34 27.22 3263
204 P 42.60 26.67 3095
205 P 42.80 26.23 2405
206 P 43.37 26.13 1894
207 P 43.35 25.62 2142
208 P 43.84 25.46 1196
209 P 43.97 25.42 1484
210 P 43.59 25.45 1059
211 P 43.75 25.43 890
212 P 43.45 25.54 1267
213 P 43.73 25.55 1391
214 P 43.59 25.52 1309
215 P 43.33 25.50 1168
216 P 43.53 25.48 1069
217 P 43.96 25.44 847
218 P 43.51 25.47 732
219 P 44.06 25.48 466
220 P 44.24 25.53 304
221 P 43.78 25.57 297
222 P 43.31 25.59 210
223 P 42.90 25.65 211
224 P 44.09 25.64 112
225 P 44.06 25.74 105
226 P 43.62 25.80 249
227 P 44.81 25.78 181
228 P 44.36 25.76 346
229 P 44.17 25.82 369
230 P 43.06 25.82 359
231 P 43.19 25.86 218
232 P 42.57 25.88 203
233 P 43.12 25.90 227
234 P 42.69 25.92 179
235 P 43.49 25.91 247
236 P 43.58 25.92 185
237 P 43.45 25.91 342
238 P 42.86 25.91 355
239 P 42.71 25.90 438
240 P 43.11 25.91 609
241 P 42.99 25.96 704
242 P 42.91 26.01 688
243 P 42.89 26.02 762
244 P 42.27 26.08 929
245 P 42.05 26.13 597
246 P 42.27 26.15 527
247 P 44.15 26.03 129
% Nframe | type | QP | PSNR | size (Bytes) 
25 P 36.64 33.52 591
26 P 34.91 33.57 1634
27 P 37.17 33.59 1482
28 P 35.24 33.65 1582
29 P 35.28 33.85 2230
30 P 35.74 33.93 1625
31 P 35.36 33.99 582
32 P 36.39 34.00 1748
33 P 34.10 34.06 1719
34 P 35.45 34.11 2822
35 P 34.35 34.09 2205
36 P 37.36 33.94 1827
37 P 35.98 34.04 2541
38 P 36.16 34.08 969
39 P 33.65 34.06 3374
40 P 32.44 34.10 2522
41 P 33.71 34.17 2466
42 P 34.11 34.22 2310
43 P 32.17 34.35 2692
44 P 34.39 34.39 2436
45 P 34.79 34.45 2407
46 P 36.20 34.48 2254
47 P 36.28 34.44 2163
48 P 35.30 34.63 3111
49 P 35.17 34.60 850
50 P 35.27 34.55 2172
51 P 34.59 34.49 2065
52 P 36.01 34.39 1981
53 P 35.56 34.23 2348
54 P 34.47 34.42 5596
55 P 35.66 34.42 918
56 P 35.47 34.19 1816
57 P 34.95 34.13 1925
58 P 34.68 34.14 2522
59 P 35.41 34.14 2077
60 P 35.90 34.09 1938
61 P 35.42 34.12 2163
62 P 34.40 34.14 2427
63 P 35.59 34.12 2203
64 P 35.13 34.14 2299
65 P 35.81 34.12 2173
66 P 35.58 34.05 1962
67 P 36.40 34.07 2255
68 P 36.72 34.04 2275
69 P 36.62 34.05 2136
70 P 36.43 33.98 2290
71 P 35.78 33.93 2393
72 P 35.87 34.21 3253
73 P 35.18 34.21 762
74 P 36.14 34.03 2319
75 P 36.02 34.08 2286
76 P 35.85 34.06 2058
77 P 36.31 34.07 2514
78 P 36.78 34.15 2152
79 P 37.14 34.15 669
80 P 36.60 34.01 1982
81 P 36.88 34.00 1707
82 P 36.16 34.06 2474
83 P 36.91 34.01 1728
84 P 36.90 33.98 1819
85 P 35.92 34.02 2032
86 P 37.18 33.97 1744
87 P 36.61 34.00 1828
88 P 36.65 33.99 2094
89 P 37.27 34.04 1663
90 P 36.92 34.06 1664
91 P 37.30 33.98 1911
92 P 35.71 34.05 2001
93 P 36.28 34.02 2025
94 P 35.48 34.01 2166
95 P 34.59 33.95 2012
96 P 35.43 34.16 3191
97 P 36.30 34.18 697
98 P 36.03 34.11 2238
99 P 35.90 34.14 2444
100 P 36.05 34.04 2357
101 P 36.10 34.10 3221
102 P 35.97 34.17 2936
103 P 35.51 34.16 864
104 P 37.04 34.07 2297
105 P 34.59 34.23 3049
106 P 34.21 34.23 2520
107 P 35.32 34.21 2574
108 P 35.19 34.08 2332
109 P 36.81 34.39 4732
110 P 37.38 34.26 2147
111 P 36.69 34.26 2329
112 P 36.84 34.26 1884
113 P 36.82 34.23 1761
114 P 37.23 34.18 1781
115 P 36.56 34.27 1964
116 P 36.50 34.25 2111
117 P 36.45 34.17 2059
118 P 37.05 34.11 2019
119 P 36.58 34.02 2025
120 P 37.20 34.07 1906
121 P 36.66 34.00 1748
122 P 36.82 33.99 1646
123 P 36.46 33.95 1890
124 P 36.38 34.12 2039
125 P 36.51 34.11 538
126 P 36.86 34.12 1542
127 P 37.13 34.12 1486
128 P 36.80 34.17 1773
129 P 36.70 34.16 1433
130 P 36.48 34.26 1818
131 P 37.41 34.26 593
132 P 37.43 34.12 1784
133 P 36.98 34.22 2306
134 P 37.33 34.21 1659
135 P 37.11 34.18 1694
136 P 37.46 34.12 1540
137 P 37.07 34.20 1497
138 P 37.81 34.24 1450
139 P 37.33 34.24 1442
140 P 36.33 34.26 1355
141 P 37.01 34.26 1469
142 P 36.16 34.39 1996
143 P 35.81 34.41 691
144 P 36.09 34.34 1527
145 P 37.04 34.33 1308
146 P 36.96 34.27 1275
147 P 37.79 34.21 1674
148 P 36.76 34.31 1544
149 P 36.07 34.38 418
150 P 36.27 34.35 1304
151 P 36.74 34.29 1214
152 P 35.91 34.37 1855
153 P 36.87 34.37 1568
154 P 36.39 34.42 1728
155 P 36.05 34.44 690
156 P 36.56 34.35 1516
157 P 36.64 34.43 2506
158 P 36.22 34.44 1751
159 P 36.30 34.40 1718
160 P 35.91 34.38 1834
161 P 36.01 34.44 2021
162 P 35.71 34.48 1612
163 P 36.40 34.50 4781
164 P 35.79 34.43 2035
165 P 35.79 34.40 1828
166 P 35.88 34.56 2836
167 P 35.39 34.57 603
168 P 35.99 34.50 2116
169 P 36.20 34.46 2053
170 P 35.83 34.40 2146
171 P 35.94 34.44 2996
172 P 36.00 34.50 2414
173 P 35.53 34.49 1099
174 P 36.18 34.43 2371
175 P 36.32 34.39 2166
176 P 35.99 34.50 3072
177 P 36.20 34.47 2266
178 P 35.74 34.58 2534
179 P 34.93 34.59 712
180 P 35.84 34.46 1923
181 P 36.10 34.49 2457
182 P 35.20 34.46 1848
183 P 35.80 34.47 1920
184 P 35.76 34.51 1880
185 P 35.97 34.55 2147
186 P 35.45 34.52 2148
187 P 35.92 34.55 2063
188 P 35.48 34.52 2060
189 P 35.08 34.43 1761
190 P 34.84 34.51 2736
191 P 35.12 34.53 665
192 P 35.47 34.48 1793
193 P 35.21 34.48 2014
194 P 35.69 34.44 1904
195 P 35.43 34.50 2548
196 P 34.94 34.57 2275
197 P 34.83 34.60 862
198 P 35.14 34.53 1912
199 P 35.27 34.47 1879
200 P 35.28 34.53 2664
201 P 35.57 34.47 2198
202 P 35.14 34.47 2312
203 P 35.35 34.48 1172
204 P 35.49 34.50 2668
205 P 35.96 34.43 2269
206 P 35.85 34.48 1864
207 P 35.90 34.44 1799
208 P 35.81 34.45 1865
209 P 35.67 34.41 1609
210 P 36.14 34.88 3743
211 P 35.52 34.85 1594
212 P 36.25 34.85 1822
213 P 35.51 34.81 1816
214 P 34.54 35.03 3150
215 P 35.61 34.98 428
216 P 34.19 34.88 2081
217 P 35.48 34.83 2031
218 P 35.19 34.81 1858
219 P 35.02 34.82 2496
220 P 34.53 34.92 1993
221 P 35.83 34.96 490
222 P 35.77 34.92 1766
223 P 36.09 34.87 1998
224 P 34.95 34.90 2759
225 P 36.01 34.97 2371
226 P 35.91 34.99 2449
227 P 35.26 34.98 694
228 P 35.81 34.95 2991
229 P 34.79 34.90 2203
230 P 35.18 34.89 1911
231 P 35.33 34.90 1859
232 P 35.00 34.86 1860
233 P 34.66 34.89 1775
234 P 34.99 34.89 1633
235 P 35.56 34.94 1819
236 P 34.92 34.93 1726
237 P 35.64 34.78 1806
238 P 34.62 34.88 2912
239 P 34.57 34.87 757
240 P 34.87 34.80 2161
241 P 35.54 34.71 2243
242 P 35.36 34.71 2039
243 P 35.09 34.80 2788
244 P 34.28 34.88 2016
245 P 35.43 34.88 604
246 P 35.73 34.84 1750
247 P 34.80 34.81 2354
248 P 35.25 34.79 1823
249 P 35.32 34.78 1863
250 P 34.91 34.72 1875
251 P 35.82 34.75 714
252 P 34.62 34.69 2216
253 P 35.06 34.64 1863
254 P 35.57 34.64 1824
255 P 37.17 34.37 1523
% Nframe | type | QP | PSNR | size (Bytes) 
25 P 34.07 39.66 4058
26 P 34.57 38.98 3917
27 P 35.33 37.97 3728
28 P 36.29 36.73 3420
29 P 37.82 34.85 2887
30 P 38.86 34.66 1741
31 P 38.81 35.16 2083
32 P 38.24 35.21 2215
33 P 37.34 35.35 2346
34 P 37.79 35.46 1970
35 P 38.44 35.43 1615
36 P 38.33 35.33 1450
37 P 38.62 35.31 1402
38 P 39.23 35.01 1379
39 P 39.82 34.52 1312
40 P 40.70 34.01 1221
41 P 40.87 33.51 1087
42 P 40.91 33.28 966
43 P 40.89 33.09 964
44 P 41.06 33.18 1029
45 P 41.11 33.50 1204
46 P 40.88 33.54 1144
47 P 40.52 33.67 1281
48 P 40.37 33.86 1177
49 P 39.74 33.54 1078
50 P 40.39 33.50 1470
51 P 40.08 33.41 1304
52 P 40.51 33.26 1424
53 P 40.24 33.24 1469
54 P 39.32 33.64 1544
55 P 38.88 33.82 1163
56 P 38.92 33.84 1031
57 P 39.50 33.88 969
58 P 39.02 33.76 1115
59 P 38.89 33.87 975
60 P 38.72 33.88 895
61 P 38.67 34.01 1197
62 P 38.56 34.06 1123
63 P 38.41 33.92 1090
64 P 38.84 33.83 1188
65 P 38.55 33.66 1081
66 P 38.78 33.59 912
67 P 38.75 33.73 823
68 P 38.38 33.92 854
69 P 38.95 33.87 1018
70 P 38.26 34.14 1162
71 P 38.29 34.24 1507
72 P 38.52 34.13 1350
73 P 37.89 34.03 1512
74 P 38.28 33.96 1270
75 P 37.66 34.13 1298
76 P 37.75 34.23 1328
77 P 37.28 34.39 1326
78 P 36.99 34.56 1168
79 P 37.22 34.51 1124
80 P 37.28 34.40 1251
81 P 36.86 34.43 1007
82 P 37.09 34.49 666
83 P 36.79 34.68 701
84 P 36.99 34.83 836
85 P 37.09 34.90 840
86 P 37.06 34.99 939
87 P 37.03 35.18 1108
88 P 36.95 35.24 1175
89 P 36.67 35.22 1169
90 P 36.57 35.09 1212
91 P 36.60 34.92 1365
92 P 36.57 34.81 1355
93 P 36.70 34.73 1322
94 P 36.51 34.76 1407
95 P 35.97 34.81 1286
96 P 36.00 34.95 1198
97 P 35.89 35.07 1133
98 P 34.87 35.27 1177
99 P 35.53 35.42 1032
100 P 35.23 35.44 1135
101 P 35.19 35.45 1015
102 P 35.46 35.44 1117
103 P 35.34 35.44 949
104 P 35.10 35.37 913
105 P 35.17 35.27 890
106 P 35.39 35.20 1018
107 P 35.49 35.19 787
108 P 35.42 35.36 749
109 P 35.24 35.35 715
110 P 34.98 35.32 777
111 P 34.70 35.44 779
112 P 34.88 35.49 788
113 P 34.02 35.56 898
114 P 34.06 35.52 948
115 P 34.09 35.53 777
116 P 33.36 35.66 768
117 P 33.68 35.73 780
118 P 32.88 35.81 783
119 P 33.16 35.91 906
120 P 33.70 35.95 819
121 P 33.19 36.09 1043
122 P 32.95 36.14 997
123 P 33.47 36.09 1153
124 P 32.88 36.06 1166
125 P 33.29 36.15 1344
126 P 33.00 36.17 1099
127 P 32.90 36.24 1115
128 P 32.63 36.26 1141
129 P 32.37 36.32 1257
130 P 32.62 36.40 1218
131 P 32.12 36.45 1238
132 P 32.36 36.45 1155
133 P 32.19 36.49 921
134 P 31.86 36.55 1011
135 P 32.15 36.63 1065
136 P 32.32 36.72 1066
137 P 32.01 36.71 1018
138 P 31.84 36.71 1033
139 P 31.74 36.73 1067
140 P 31.98 36.81 782
141 P 31.58 36.88 665
142 P 31.42 36.92 856
143 P 31.70 36.92 824
144 P 32.01 37.00 1004
145 P 31.12 37.06 965
146 P 31.04 37.07 815
147 P 30.63 37.14 974
148 P 30.88 37.16 709
149 P 31.13 37.18 904
150 P 30.75 37.21 1092
151 P 30.73 37.34 1221
152 P 30.40 37.36 1145
153 P 31.00 37.37 1388
154 P 30.16 37.41 1388
155 P 30.46 37.42 1327
156 P 30.43 37.48 1058
157 P 30.71 37.55 1131
158 P 30.52 37.59 1171
159 P 30.01 37.67 976
160 P 30.29 37.76 1091
161 P 29.52 37.77 1290
162 P 30.04 37.84 852
163 P 29.48 37.87 947
164 P 28.89 37.88 1009
165 P 29.32 37.90 922
166 P 29.74 37.91 981
167 P 30.05 37.93 1055
168 P 29.92 37.99 1123
169 P 29.70 38.02 1112
170 P 29.84 38.08 786
171 P 29.04 38.14 957
172 P 28.89 38.16 905
173 P 28.89 38.21 991
174 P 29.12 38.27 1039
175 P 28.73 38.29 1161
176 P 28.49 38.30 1476
177 P 28.34 38.34 1517
178 P 28.42 38.40 1093
179 P 28.69 38.45 855
180 P 28.52 38.47 1113
181 P 28.62 38.50 1242
182 P 28.59 38.52 1140
183 P 28.16 38.58 1376
184 P 28.31 38.64 1159
185 P 28.26 38.72 978
186 P 28.03 38.79 992
187 P 28.06 38.86 1269
188 P 28.21 38.92 1004
189 P 28.37 38.88 1108
190 P 27.97 38.93 1502
191 P 27.63 38.96 2123
192 P 27.94 38.93 1864
193 P 27.15 38.95 2138
194 P 27.59 39.01 2163
195 P 27.51 39.06 1889
196 P 27.26 39.08 1755
197 P 27.23 39.13 1247
198 P 27.08 39.15 1392
199 P 27.35 39.21 1472
200 P 27.50 39.22 1804
201 P 27.19 39.30 1690
202 P 27.49 39.35 1553
203 P 27.45 39.41 2015
204 P 27.50 39.41 1738
205 P 27.82 39.46 1574
206 P 27.39 39.44 1754
207 P 27.92 39.48 1784
208 P 27.78 39.43 1923
209 P 27.44 39.43 2137
210 P 27.46 39.45 1924
211 P 27.25 39.49 1955
212 P 26.95 39.49 1720
213 P 27.65 39.52 1967
214 P 27.20 39.57 2438
215 P 27.33 39.56 2164
216 P 27.26 39.62 1766
217 P 27.22 39.63 1939
218 P 27.17 39.68 1530
219 P 27.72 39.70 1309
220 P 27.34 39.73 1695
221 P 27.13 39.72 1713
222 P 27.49 39.73 1710
223 P 27.25 39.74 1758
224 P 27.45 39.74 1495
225 P 27.34 39.74 1813
226 P 27.52 39.74 1762
227 P 27.24 39.77 1679
228 P 27.28 39.73 1731
229 P 27.42 39.70 1725
230 P 27.47 39.68 1908
231 P 27.63 39.70 1808
232 P 27.18 39.75 1905
233 P 27.43 39.77 1761
234 P 27.16 39.78 1509
235 P 27.27 39.84 1336
236 P 26.84 39.88 1134
237 P 26.63 39.89 1709
238 P 26.94 39.82 1843
239 P 27.07 39.86 2204
240 P 27.02 39.85 1999
241 P 27.30 39.88 1541
242 P 26.81 39.90 1510
243 P 27.32 39.93 1381
244 P 27.22 39.99 1013
245 P 26.96 40.01 1145
246 P 26.86 40.02 1149
247 P 26.81 40.04 945
248 P 26.64 40.06 1329
249 P 26.95 40.06 1157
250 P 26.60 40.08 830
251 P 27.01 40.10 880
252 P 26.92 40.12 790
253 P 27.08 40.11 1072
254 P 26.63 40.10 986
255 P 27.01 40.10 981
256 P 26.45 40.13 1316
257 P 26.72 40.17 1125
258 P 26.68 40.14 1404
259 P 26.80 40.18 1391
260 P 26.33 40.17 1431
261 P 26.39 40.18 1397
262 P 26.45 40.18 1503
263 P 26.29 40.29 1519
264 P 26.45 40.33 1494
265 P 25.96 40.39 1207
266 P 26.29 40.40 1419
267 P 26.11 40.36 1760
268 P 25.76 40.43 1569
269 P 25.66 40.44 1964
270 P 25.88 40.45 2249
271 P 25.78 40.46 2209
272 P 25.72 40.47 2462
273 P 25.79 40.50 2473
274 P 25.26 40.50 2702
275 P 25.84 40.56 2407
276 P 25.49 40.53 2562
277 P 25.74 40.59 2601
278 P 25.48 40.63 2877
279 P 25.45 40.68 3163
280 P 25.52 40.71 3808
281 P 25.24 40.70 3908
282 P 24.99 40.77 4778
283 P 25.18 40.78 4595
284 P 24.90 40.76 5120
285 P 25.08 40.69 4946
286 P 24.90 40.77 5146
287 P 25.18 40.83 4836
288 P 25.32 40.96 5744
289 P 25.12 40.96 6446
290 P 25.40 40.95 6357
291 P 25.44 40.91 5668
292 P 25.03 40.84 5671
293 P 25.33 40.84 5630
294 P 25.31 40.79 5769
295 P 25.62 40.67 5402
296 P 26.14 40.58 5377
297 P 26.16 40.46 5664
298 P 25.95 40.33 5536
299 P 26.50 40.17 5481
300 P 26.42 40.06 5091
301 P 26.73 39.94 4772
302 P 27.55 39.69 4207
303 P 27.46 39.66 4293
304 P 27.92 39.58 4339
305 P 28.09 39.48 4348
306 P 28.25 39.30 4036
307 P 28.35 39.33 3692
308 P 28.24 39.50 3568
309 P 28.48 39.57 2782
310 P 28.62 39.51 2338
311 P 29.04 39.48 2445
312 P 29.16 39.47 2846
313 P 29.03 39.33 2612
314 P 29.32 39.36 3132
315 P 29.63 39.24 3122
316 P 29.60 39.16 3165
317 P 29.81 38.93 2725
318 P 29.90 38.85 2297
319 P 29.99 38.80 2288
320 P 29.95 38.78 2195
321 P 30.06 38.71 2087
322 P 30.16 38.67 2029
323 P 29.89 38.66 1866
324 P 30.15 38.65 2143
325 P 29.92 38.67 1838
326 P 30.31 38.63 1889
327 P 30.02 38.59 1779
328 P 30.12 38.56 1889
329 P 30.17 38.51 1666
330 P 30.35 38.51 1412
331 P 30.05 38.52 1374
332 P 30.10 38.62 1541
333 P 30.12 38.64 1735
334 P 30.38 38.63 1549
335 P 30.17 38.74 1847
336 P 30.18 38.72 1789
337 P 30.20 38.73 1810
338 P 29.72 38.70 1807
339 P 30.03 38.69 1715
340 P 29.72 38.67 1790
341 P 30.12 38.68 1706
342 P 30.01 38.64 1807
343 P 30.11 38.55 1781
344 P 30.15 38.59 1982
345 P 30.28 38.64 1855
346 P 30.25 38.67 1871
347 P 30.19 38.61 1964
348 P 30.00 38.67 2052
349 P 30.30 38.63 1995
350 P 30.17 38.64 1979
351 P 30.09 38.62 1358
352 P 30.25 38.67 1150
353 P 30.30 38.73 1331
354 P 32.38 38.31 644
