% Nframe | type | QP | PSNR | size (Bytes) 
0 I 32.25 36.45 9553
1 P 35.12 36.09 268
2 P 36.23 35.95 501
3 P 34.73 35.95 740
4 P 35.62 35.93 996
5 P 35.54 35.95 1023
6 P 35.23 35.97 1123
7 P 35.39 35.80 978
8 P 35.98 35.57 919
9 P 36.43 35.45 843
10 P 35.47 35.68 952
11 P 35.67 35.84 1126
12 P 38.29 34.77 396
13 P 38.78 34.56 661
14 P 35.91 34.98 1087
15 P 34.81 35.56 1140
16 P 33.72 36.36 1353
17 P 32.43 37.12 2319
18 P 31.02 37.28 2825
19 P 30.05 37.40 3514
20 P 28.81 37.29 3433
21 P 28.52 37.84 2929
22 P 28.14 38.37 3305
23 P 27.83 38.78 4789
24 P 26.57 39.16 4788
25 P 26.37 39.28 5470
26 P 25.87 39.46 5326
27 P 25.54 39.75 4487
28 P 25.74 40.07 4583
29 P 25.48 39.85 5184
30 P 26.14 39.67 6120
31 P 26.79 39.66 6135
32 P 27.08 39.78 5340
33 P 27.01 39.72 4597
34 P 26.83 39.58 5465
35 P 27.11 39.24 5452
36 P 28.07 39.11 4903
37 P 27.81 38.95 3218
38 P 28.63 39.05 2072
39 P 28.94 39.12 2958
40 P 28.20 38.99 3221
41 P 28.73 38.87 2853
42 P 28.63 38.70 2626
43 P 29.14 38.61 2463
44 P 29.49 38.55 2303
45 P 29.41 38.54 2311
46 P 30.34 38.28 2295
47 P 30.55 37.93 2217
48 P 31.82 37.81 1843
49 P 32.50 38.03 1475
50 P 31.65 38.34 1587
51 P 31.75 38.27 2160
52 P 31.10 38.08 2497
53 P 30.94 38.09 2244
54 P 31.03 38.07 2552
55 P 31.01 37.99 2503
56 P 30.16 37.96 2486
57 P 29.80 38.02 2653
58 P 30.16 38.25 2757
59 P 30.23 38.54 3776
60 P 29.56 38.67 4448
61 P 28.96 38.66 4374
62 P 29.18 38.44 3968
63 P 29.22 38.28 4104
64 P 29.16 38.27 3897
65 P 29.27 38.20 3382
66 P 29.14 38.24 3461
67 P 28.56 38.35 3328
68 P 28.84 38.54 3259
69 P 29.10 38.41 3332
70 P 28.71 38.24 3715
71 P 30.33 38.23 3592
72 P 29.58 38.05 3396
73 P 29.70 37.92 3210
74 P 30.27 37.79 2824
75 P 30.17 38.03 3465
76 P 29.67 38.25 4098
77 P 29.20 38.54 4754
78 P 28.72 38.84 5282
79 P 29.88 38.72 4943
80 P 30.00 38.31 5389
81 P 29.73 38.12 5706
82 P 30.62 37.85 5302
83 P 29.32 37.84 4762
84 P 29.75 38.03 4358
85 P 29.37 38.08 4067
86 P 29.04 38.17 3722
87 P 28.83 38.22 3770
88 P 29.05 38.12 3799
89 P 29.30 38.07 3974
90 P 30.49 37.77 3616
91 P 30.65 37.77 3669
92 P 30.36 37.67 3642
93 P 30.68 37.58 3456
94 P 31.01 37.53 2602
95 P 30.55 37.47 2580
96 P 31.00 37.38 2105
97 P 31.10 37.42 2031
98 P 31.74 37.20 2247
99 P 30.91 37.00 2449
100 P 31.13 36.84 2540
101 P 31.30 36.84 2221
102 P 31.20 36.98 2347
103 P 31.89 37.21 2680
104 P 31.75 37.14 3140
105 P 31.24 36.91 3241
106 P 31.65 37.06 2869
107 P 31.90 36.98 2716
108 P 31.23 36.94 2725
109 P 31.41 36.95 2829
110 P 31.19 37.07 2991
111 P 31.23 37.14 3005
112 P 31.42 37.11 2523
113 P 31.93 37.16 2298
114 P 31.54 37.28 1867
115 P 31.96 37.46 1946
116 P 31.45 37.53 2268
117 P 32.64 37.45 2267
118 P 32.04 37.44 2567
119 P 32.17 37.29 2853
120 P 32.12 37.10 2750
121 P 32.86 37.12 2709
122 P 31.78 37.08 2702
123 P 32.33 37.12 2102
124 P 32.27 37.30 2105
125 P 32.24 37.27 2254
126 P 31.96 37.20 2472
127 P 32.44 37.12 2676
128 P 31.43 37.35 3264
129 P 31.57 37.66 3305
130 P 31.53 37.95 3592
131 P 31.84 38.06 3683
132 P 31.73 37.98 3337
133 P 32.03 37.72 3393
134 P 31.68 37.61 3010
135 P 31.72 37.57 2502
136 P 31.10 37.49 2977
137 P 31.54 37.49 2711
138 P 31.42 37.39 2146
139 P 31.98 37.56 1713
140 P 31.87 37.61 2428
141 P 32.35 37.75 2960
142 P 31.81 37.78 3151
143 P 31.25 38.12 3080
144 P 31.61 38.29 3529
145 P 31.98 38.42 3803
146 P 31.04 38.58 3895
147 P 30.54 38.49 4969
148 P 30.01 37.99 5478
149 P 29.65 37.78 6086
150 P 29.94 37.74 5940
151 P 29.54 38.07 5544
152 P 29.23 38.39 5079
153 P 28.87 38.65 5129
154 P 28.46 38.82 5411
155 P 28.80 39.07 5399
156 P 28.62 39.29 5319
157 P 28.76 39.37 5265
158 P 28.57 39.61 6309
159 P 28.83 39.95 7327
160 P 28.96 40.18 7888
161 P 28.93 40.44 7656
162 P 28.52 41.01 6699
163 P 28.12 41.95 6381
164 P 27.90 42.67 5600
165 P 27.37 43.42 4853
166 P 27.14 42.94 4603
167 P 27.50 42.91 4841
168 P 27.75 42.94 4914
169 P 27.38 42.32 5238
170 P 27.83 41.72 5827
171 P 28.16 41.54 6307
172 P 28.55 41.25 6691
173 P 28.84 41.17 6544
174 P 30.37 40.19 7212
175 P 30.41 39.20 5540
176 P 30.60 39.06 4885
177 P 30.35 38.70 4468
178 P 30.44 38.36 4734
179 P 30.93 37.97 4860
180 P 30.78 37.78 4848
181 P 31.35 37.30 5119
182 P 31.22 37.16 5242
183 P 31.51 36.89 4745
184 P 32.03 36.40 4955
185 P 32.26 35.90 5001
186 P 32.21 35.56 5252
187 P 32.52 35.28 4882
188 P 32.41 35.19 4350
189 P 32.47 35.52 4081
190 P 32.27 35.46 4333
191 P 32.63 35.25 4104
192 P 33.08 34.91 4389
193 P 32.98 34.61 4587
194 P 33.38 34.34 4163
195 P 33.67 34.06 3770
196 P 34.08 33.82 4264
197 P 34.26 33.52 4736
198 P 34.08 33.36 3826
199 P 34.29 33.13 3994
200 P 34.33 32.77 4374
201 P 34.93 32.18 5401
202 P 35.30 31.44 5381
203 P 35.36 30.73 6374
204 P 35.72 29.96 5733
205 P 35.82 29.48 4788
206 P 35.93 29.39 3271
207 P 36.18 28.87 3192
208 P 36.34 28.84 1748
209 P 36.25 28.89 1469
210 P 36.36 28.91 1472
211 P 36.50 28.88 1256
212 P 36.74 29.01 1286
213 P 36.39 29.01 1292
214 P 36.39 28.97 1193
215 P 37.07 28.98 1232
216 P 37.01 28.88 1244
217 P 36.95 28.85 1025
218 P 36.55 28.82 795
219 P 37.34 28.81 575
220 P 37.10 28.86 465
221 P 37.29 28.88 359
222 P 36.50 28.92 438
223 P 36.94 28.99 357
224 P 37.56 28.99 268
225 P 36.45 29.07 377
226 P 36.75 29.04 605
227 P 37.15 29.02 682
228 P 36.95 29.04 776
229 P 36.51 29.15 857
230 P 36.69 29.17 910
231 P 36.81 29.22 395
232 P 36.82 29.22 364
233 P 36.14 29.24 463
234 P 35.84 29.28 506
235 P 35.40 29.26 533
236 P 36.36 29.27 423
237 P 35.68 29.25 751
238 P 36.22 29.27 819
239 P 35.75 29.28 987
240 P 35.61 29.32 1067
241 P 35.57 29.36 1208
242 P 35.53 29.39 1233
243 P 35.70 29.38 1218
244 P 35.28 29.49 1667
245 P 35.31 29.54 1173
246 P 34.99 29.55 920
247 P 38.80 29.31 148
% Nframe | type | QP | PSNR | size (Bytes) 
25 P 28.20 37.89 1295
26 P 26.95 38.08 3306
27 P 27.84 38.14 2905
28 P 27.01 38.21 2789
29 P 28.86 38.40 3568
30 P 26.89 38.52 2829
31 P 28.19 38.55 976
32 P 29.11 38.49 2707
33 P 29.18 38.41 2593
34 P 29.06 38.45 4109
35 P 29.07 38.41 3399
36 P 29.89 38.20 3114
37 P 29.30 38.31 3940
38 P 29.18 38.27 1505
39 P 28.50 38.16 4882
40 P 27.90 38.19 3851
41 P 29.15 38.24 3567
42 P 27.52 38.34 3650
43 P 27.95 38.43 3879
44 P 28.41 38.48 3637
45 P 27.53 38.57 3918
46 P 29.51 38.58 3507
47 P 29.41 38.58 3500
48 P 28.93 38.63 4542
49 P 28.47 38.59 1533
50 P 29.23 38.60 3549
51 P 29.58 38.56 3367
52 P 28.98 38.42 3292
53 P 29.25 38.26 3621
54 P 28.28 38.50 7938
55 P 29.60 38.43 1415
56 P 29.28 38.23 2987
57 P 29.01 38.11 3044
58 P 29.19 38.16 4172
59 P 29.20 38.08 3427
60 P 29.76 38.01 3269
61 P 29.94 38.09 3577
62 P 29.12 38.10 3816
63 P 29.04 38.05 3585
64 P 29.20 38.08 3640
65 P 29.30 38.08 3299
66 P 30.12 37.95 3005
67 P 29.87 37.94 3342
68 P 30.41 37.96 3558
69 P 30.52 37.98 3524
70 P 30.02 37.91 3533
71 P 30.42 37.77 3480
72 P 30.08 38.00 4710
73 P 29.85 38.02 1301
74 P 29.19 37.81 3556
75 P 30.41 37.90 3417
76 P 29.93 37.84 3114
77 P 30.26 37.88 3716
78 P 30.28 37.98 3043
79 P 30.84 37.97 1076
80 P 30.10 37.77 2955
81 P 30.19 37.75 2595
82 P 29.67 37.80 3637
83 P 30.07 37.83 2776
84 P 30.54 37.77 2730
85 P 30.43 37.83 3092
86 P 30.65 37.83 2709
87 P 30.37 37.76 2694
88 P 31.09 37.80 2995
89 P 30.95 37.81 2468
90 P 30.85 37.81 2482
91 P 30.81 37.85 2843
92 P 30.79 37.85 2959
93 P 30.57 37.82 2998
94 P 30.83 37.79 2989
95 P 30.14 37.74 2960
96 P 30.51 37.98 4399
97 P 29.86 38.00 1025
98 P 30.00 37.87 3177
99 P 29.96 37.84 3696
100 P 30.73 37.78 3644
101 P 30.11 37.80 4705
102 P 29.96 37.91 4304
103 P 29.93 37.93 1567
104 P 29.70 37.76 3456
105 P 29.87 37.94 4590
106 P 28.96 37.94 3568
107 P 30.30 37.91 3852
108 P 30.51 37.75 3313
109 P 30.64 38.21 6897
110 P 30.85 38.08 3419
111 P 30.44 38.07 3472
112 P 30.41 38.09 2939
113 P 30.61 38.01 2753
114 P 30.54 37.91 2732
115 P 30.11 38.04 2955
116 P 30.52 38.00 3021
117 P 30.34 37.87 3071
118 P 30.55 37.88 3297
119 P 30.37 37.85 3017
120 P 30.57 37.80 2733
121 P 30.95 37.75 2640
122 P 30.76 37.74 2609
123 P 30.51 37.81 2937
124 P 30.63 37.90 2792
125 P 30.94 37.91 954
126 P 31.04 37.85 2146
127 P 30.72 37.84 2265
128 P 30.61 37.96 2698
129 P 31.39 37.84 2284
130 P 30.66 37.95 2690
131 P 30.65 37.96 1128
132 P 31.06 37.84 2739
133 P 31.00 37.88 3392
134 P 31.04 37.95 2788
135 P 31.24 37.89 2611
136 P 30.99 37.89 2546
137 P 30.91 37.97 2324
138 P 31.20 38.02 2305
139 P 30.61 38.02 2291
140 P 30.20 38.07 2274
141 P 30.01 38.06 2308
142 P 30.25 38.20 3090
143 P 30.16 38.23 1216
144 P 30.27 38.17 2426
145 P 30.11 38.14 1930
146 P 30.50 38.13 2044
147 P 30.90 38.10 2635
148 P 30.04 38.21 2508
149 P 30.12 38.23 706
150 P 30.50 38.13 2024
151 P 30.21 38.08 2061
152 P 30.02 38.16 3091
153 P 30.33 38.16 2714
154 P 30.26 38.19 2732
155 P 29.60 38.17 1192
156 P 30.63 38.06 2541
157 P 30.18 38.12 3816
158 P 30.40 38.14 2834
159 P 30.19 38.14 2872
160 P 29.90 38.09 2902
161 P 30.09 38.15 3034
162 P 30.31 38.12 2415
163 P 30.29 38.21 6627
164 P 29.56 38.11 3242
165 P 30.00 38.09 3012
166 P 29.71 38.30 4336
167 P 29.78 38.30 1026
168 P 29.69 38.15 3225
169 P 29.94 38.13 3194
170 P 29.80 38.10 3388
171 P 29.62 38.11 4299
172 P 30.00 38.25 3913
173 P 29.47 38.18 1545
174 P 29.95 38.10 3660
175 P 30.32 38.04 3441
176 P 30.44 38.13 4586
177 P 30.03 38.14 3755
178 P 29.94 38.27 3833
179 P 29.29 38.31 1204
180 P 29.66 38.18 2929
181 P 29.63 38.21 3693
182 P 29.28 38.13 2748
183 P 29.70 38.13 2871
184 P 30.22 38.18 2968
185 P 29.98 38.16 3279
186 P 29.83 38.12 3394
187 P 29.63 38.17 3339
188 P 29.65 38.13 3302
189 P 29.35 38.07 2838
190 P 29.03 38.18 4202
191 P 29.29 38.25 1263
192 P 29.77 38.12 2783
193 P 29.51 38.13 3086
194 P 29.89 38.10 2962
195 P 29.72 38.17 3997
196 P 29.72 38.22 3441
197 P 29.47 38.21 1384
198 P 29.54 38.12 3093
199 P 29.91 38.10 3009
200 P 29.80 38.17 4072
201 P 29.72 38.14 3456
202 P 29.71 38.18 3621
203 P 29.33 38.12 1843
204 P 29.47 38.12 4326
205 P 29.95 38.06 3609
206 P 29.81 38.14 3022
207 P 30.03 38.11 2918
208 P 30.19 38.17 2907
209 P 30.00 38.09 2636
210 P 30.54 38.56 5073
211 P 29.56 38.51 2536
212 P 29.38 38.53 2825
213 P 30.34 38.49 2750
214 P 28.52 38.73 4381
215 P 29.70 38.71 822
216 P 29.12 38.59 3023
217 P 29.23 38.59 3068
218 P 29.49 38.55 2720
219 P 29.20 38.52 3472
220 P 28.41 38.65 2925
221 P 29.59 38.64 648
222 P 29.55 38.57 2644
223 P 30.33 38.56 2797
224 P 29.34 38.51 3870
225 P 29.80 38.49 3565
226 P 30.26 38.58 3520
227 P 29.71 38.58 1153
228 P 30.30 38.51 4288
229 P 29.51 38.50 3199
230 P 29.46 38.51 2835
231 P 29.16 38.51 2809
232 P 29.42 38.50 2712
233 P 28.92 38.54 2518
234 P 29.19 38.55 2363
235 P 29.11 38.58 2711
236 P 29.35 38.57 2599
237 P 29.12 38.48 2837
238 P 29.13 38.55 4110
239 P 29.58 38.55 1227
240 P 29.17 38.43 3139
241 P 29.80 38.38 3162
242 P 29.58 38.36 2923
243 P 29.34 38.46 3863
244 P 28.95 38.53 2996
245 P 29.63 38.56 967
246 P 29.46 38.51 2597
247 P 29.14 38.46 3234
248 P 29.85 38.47 2541
249 P 29.49 38.43 2681
250 P 28.83 38.45 2730
251 P 29.90 38.43 927
252 P 29.84 38.35 3187
253 P 29.46 38.34 2753
254 P 29.73 38.30 2549
255 P 31.68 37.98 2069
% Nframe | type | QP | PSNR | size (Bytes) 
25 P 27.04 43.03 5400
26 P 27.28 42.53 5290
27 P 27.92 41.79 5925
28 P 28.46 40.52 5582
29 P 30.00 38.39 5515
30 P 31.18 38.20 3362
31 P 30.80 38.89 3666
32 P 30.60 39.09 3693
33 P 30.49 39.41 3231
34 P 30.01 39.57 2863
35 P 31.05 39.71 2373
36 P 30.88 39.71 2005
37 P 30.14 39.70 1893
38 P 30.83 39.46 2033
39 P 31.62 38.95 2162
40 P 32.41 38.01 1898
41 P 33.28 37.43 1748
42 P 33.51 37.08 1620
43 P 33.60 36.67 1636
44 P 33.32 36.82 1378
45 P 33.33 37.22 1503
46 P 33.41 37.14 1339
47 P 33.18 37.37 1549
48 P 33.14 37.66 1487
49 P 32.59 37.55 1564
50 P 32.72 37.45 1995
51 P 33.27 37.16 1999
52 P 32.86 37.02 2228
53 P 32.86 37.04 2244
54 P 32.40 37.26 1981
55 P 32.25 37.47 1649
56 P 31.96 37.69 1454
57 P 31.70 37.62 1438
58 P 31.52 37.44 1399
59 P 31.37 37.55 1554
60 P 31.09 37.60 1674
61 P 30.84 37.71 1587
62 P 30.77 37.77 1670
63 P 31.25 37.70 1944
64 P 31.28 37.50 1789
65 P 30.94 37.26 1697
66 P 30.55 37.32 1433
67 P 31.59 37.44 1048
68 P 31.23 37.66 1590
69 P 30.98 37.59 1779
70 P 30.43 37.76 2120
71 P 29.93 37.70 2847
72 P 30.65 37.69 2964
73 P 30.46 37.63 3048
74 P 30.37 37.59 2761
75 P 30.67 37.71 2344
76 P 29.88 37.90 2232
77 P 29.30 38.04 1936
78 P 29.17 38.21 2102
79 P 28.92 38.15 2003
80 P 28.81 37.91 2040
81 P 28.68 37.96 1506
82 P 29.44 38.03 1344
83 P 29.82 38.14 1293
84 P 29.82 38.20 1334
85 P 29.95 38.25 1495
86 P 29.73 38.38 1692
87 P 29.73 38.49 2044
88 P 29.73 38.50 2273
89 P 29.53 38.40 2293
90 P 29.27 38.26 2609
91 P 29.64 38.10 2896
92 P 28.85 38.02 2606
93 P 29.10 37.97 2498
94 P 28.49 38.07 2414
95 P 28.56 38.22 2194
96 P 28.52 38.33 1971
97 P 28.11 38.51 1981
98 P 28.14 38.67 1810
99 P 27.92 38.80 1653
100 P 27.68 38.89 1769
101 P 28.03 38.90 1625
102 P 28.33 38.88 1528
103 P 27.67 38.80 1547
104 P 27.88 38.72 1686
105 P 28.15 38.66 1581
106 P 28.05 38.61 1553
107 P 28.20 38.63 1497
108 P 28.04 38.75 1034
109 P 27.76 38.78 1246
110 P 27.82 38.82 1316
111 P 27.73 38.92 1179
112 P 27.53 39.03 1152
113 P 27.52 38.99 1314
114 P 27.38 38.95 1550
115 P 27.16 38.92 1393
116 P 27.28 39.02 1388
117 P 27.19 39.14 1232
118 P 27.12 39.23 1259
119 P 26.99 39.29 1379
120 P 26.95 39.38 1506
121 P 27.02 39.44 1708
122 P 26.67 39.46 1629
123 P 26.88 39.43 2101
124 P 26.90 39.41 2256
125 P 26.80 39.50 2839
126 P 26.38 39.50 2431
127 P 26.86 39.57 2235
128 P 26.19 39.68 2064
129 P 26.08 39.70 2035
130 P 25.93 39.78 2001
131 P 26.03 39.79 1994
132 P 25.77 39.77 2185
133 P 25.63 39.84 2032
134 P 25.21 39.95 1977
135 P 25.51 40.06 1861
136 P 25.30 40.14 1561
137 P 25.01 40.19 1649
138 P 24.62 40.20 1554
139 P 25.05 40.19 1791
140 P 24.70 40.26 1329
141 P 25.10 40.33 1130
142 P 24.68 40.35 1638
143 P 24.75 40.38 1576
144 P 24.24 40.35 2053
145 P 24.12 40.43 1665
146 P 24.24 40.48 1583
147 P 24.25 40.55 1792
148 P 23.84 40.54 1586
149 P 24.28 40.55 1868
150 P 23.88 40.60 1898
151 P 24.20 40.67 1642
152 P 23.96 40.75 2073
153 P 23.88 40.76 2446
154 P 23.82 40.82 2828
155 P 23.94 40.87 2411
156 P 23.38 40.95 1925
157 P 23.38 40.96 2356
158 P 23.14 41.01 2668
159 P 23.43 41.05 2007
160 P 23.37 41.20 2245
161 P 23.09 41.17 2333
162 P 22.95 41.27 1735
163 P 22.91 41.27 1813
164 P 22.26 41.32 1899
165 P 22.46 41.28 1891
166 P 22.40 41.27 2048
167 P 22.46 41.30 2106
168 P 22.25 41.36 2251
169 P 22.63 41.34 2016
170 P 22.24 41.41 1810
171 P 22.37 41.46 1466
172 P 22.32 41.43 1920
173 P 22.30 41.44 2244
174 P 22.01 41.46 2213
175 P 21.84 41.49 2343
176 P 21.59 41.52 3457
177 P 21.85 41.56 2792
178 P 21.55 41.66 2138
179 P 21.90 41.68 1741
180 P 21.52 41.68 2096
181 P 21.55 41.65 2628
182 P 21.33 41.73 2665
183 P 21.29 41.83 2892
184 P 21.08 41.92 2309
185 P 21.01 41.99 1692
186 P 21.03 42.03 1394
187 P 21.00 42.11 1932
188 P 20.68 42.16 1664
189 P 20.95 42.01 1836
190 P 21.25 41.96 2741
191 P 21.58 41.90 3396
192 P 21.20 41.95 4074
193 P 21.29 41.98 3938
194 P 21.27 41.97 3504
195 P 20.75 42.00 3242
196 P 20.92 42.02 2753
197 P 20.53 42.13 2464
198 P 20.63 42.14 2718
199 P 20.75 42.16 3103
200 P 20.77 42.15 3734
201 P 20.66 42.17 3109
202 P 20.67 42.21 3036
203 P 20.74 42.25 3473
204 P 20.64 42.23 3310
205 P 20.79 42.25 2921
206 P 20.71 42.26 3121
207 P 20.76 42.27 3506
208 P 20.72 42.18 3431
209 P 20.95 42.12 3821
210 P 20.78 42.18 3782
211 P 20.84 42.21 3500
212 P 20.86 42.22 3541
213 P 20.63 42.15 4025
214 P 20.91 42.16 4419
215 P 21.09 42.13 4162
216 P 20.77 42.16 3426
217 P 20.77 42.23 3755
218 P 20.86 42.30 2247
219 P 20.29 42.30 2156
220 P 20.92 42.26 2767
221 P 20.82 42.25 2866
222 P 20.74 42.19 3046
223 P 21.05 42.18 3275
224 P 21.12 42.23 3142
225 P 21.02 42.17 3285
226 P 21.13 42.13 2962
227 P 20.97 42.07 2806
228 P 21.43 42.05 3398
229 P 21.15 42.00 3555
230 P 21.29 41.98 3839
231 P 21.24 42.02 3295
232 P 20.99 42.13 3591
233 P 20.81 42.17 3195
234 P 20.99 42.20 2757
235 P 20.82 42.25 2200
236 P 20.92 42.27 2087
237 P 20.74 42.29 2611
238 P 21.02 42.14 2884
239 P 20.89 42.13 3572
240 P 21.10 42.16 3216
241 P 20.97 42.21 2296
242 P 20.81 42.18 2183
243 P 20.50 42.19 2312
244 P 20.83 42.25 1491
245 P 20.53 42.26 1654
246 P 20.66 42.33 1706
247 P 20.52 42.34 1560
248 P 20.66 42.29 1803
249 P 20.65 42.31 1852
250 P 20.36 42.36 1489
251 P 20.17 42.36 1347
252 P 20.55 42.37 1342
253 P 20.43 42.34 1777
254 P 20.58 42.37 1903
255 P 20.76 42.39 1615
256 P 20.49 42.37 1915
257 P 20.91 42.44 1661
258 P 20.51 42.38 2304
259 P 20.58 42.42 2232
260 P 20.63 42.43 2398
261 P 20.48 42.43 2424
262 P 20.37 42.42 2499
263 P 20.32 42.52 2120
264 P 20.20 42.60 2505
265 P 20.20 42.68 1874
266 P 20.46 42.64 1985
267 P 20.52 42.61 2660
268 P 20.55 42.63 2567
269 P 20.37 42.64 3384
270 P 20.27 42.67 3674
271 P 20.08 42.68 3329
272 P 20.48 42.71 3385
273 P 20.19 42.70 3529
274 P 20.01 42.70 3763
275 P 20.48 42.73 3849
276 P 20.26 42.70 3787
277 P 20.18 42.72 3596
278 P 19.88 42.75 4218
279 P 20.07 42.77 4759
280 P 20.37 42.77 5272
281 P 19.91 42.78 5733
282 P 20.06 42.77 6149
283 P 20.04 42.78 6791
284 P 19.90 42.78 6859
285 P 20.05 42.69 6584
286 P 20.17 42.76 6892
287 P 20.01 42.85 6810
288 P 20.08 42.97 7774
289 P 20.05 42.95 8384
290 P 19.98 42.89 8231
291 P 20.11 42.89 7711
292 P 20.04 42.80 7520
293 P 20.13 42.82 7477
294 P 20.39 42.72 7558
295 P 20.47 42.60 7423
296 P 20.54 42.54 7271
297 P 20.69 42.42 7500
298 P 20.88 42.35 7588
299 P 20.88 42.22 7573
300 P 21.22 42.12 7026
301 P 21.38 42.05 6903
302 P 21.30 41.86 6360
303 P 21.60 41.87 6381
304 P 21.86 41.77 6225
305 P 22.12 41.66 6098
306 P 22.27 41.51 5984
307 P 22.96 41.54 5458
308 P 22.68 41.67 4988
309 P 22.65 41.71 3824
310 P 22.74 41.65 3360
311 P 23.09 41.60 3709
312 P 23.50 41.56 4017
313 P 23.24 41.46 4224
314 P 23.81 41.47 4478
315 P 23.85 41.37 4606
316 P 23.77 41.28 4459
317 P 24.16 41.11 4106
318 P 24.39 41.08 3528
319 P 24.35 41.04 2933
320 P 24.17 41.01 2946
321 P 24.60 40.95 3251
322 P 24.33 40.89 3078
323 P 24.37 40.89 2771
324 P 24.47 40.85 2911
325 P 24.69 40.87 2590
326 P 24.80 40.84 2429
327 P 24.97 40.79 2515
328 P 24.99 40.77 2697
329 P 24.78 40.73 2460
330 P 24.47 40.77 2221
331 P 24.52 40.77 2002
332 P 24.67 40.82 2123
333 P 25.07 40.81 2277
334 P 24.56 40.81 2434
335 P 24.63 40.88 2774
336 P 24.73 40.86 2755
337 P 24.34 40.90 2785
338 P 24.09 40.91 2782
339 P 24.34 40.91 2645
340 P 24.59 40.88 2595
341 P 24.20 40.89 2776
342 P 24.32 40.87 2833
343 P 24.13 40.86 2846
344 P 24.39 40.86 2908
345 P 23.99 40.95 2975
346 P 24.58 40.97 2624
347 P 24.27 40.95 3342
348 P 24.51 40.98 3149
349 P 24.37 40.97 3101
350 P 24.26 40.94 2979
351 P 24.60 40.89 2000
352 P 24.43 40.95 1865
353 P 24.76 41.00 2125
354 P 25.47 40.49 950
