% Nframe | type | QP | PSNR | size (Bytes) 
0 I 30.12 39.19 30727
1 P 31.59 38.76 1332
2 P 32.69 38.68 2389
3 P 32.69 38.76 3558
4 P 32.72 38.84 4183
5 P 33.20 38.76 4168
6 P 32.01 38.79 4377
7 P 32.46 38.76 3557
8 P 33.22 38.45 3274
9 P 34.00 38.15 3679
10 P 34.14 38.44 4013
11 P 33.16 38.65 4405
12 P 37.69 37.54 1611
13 P 39.25 36.68 1806
14 P 36.71 36.94 3052
15 P 35.14 37.37 2668
16 P 33.80 38.26 3226
17 P 33.64 38.68 5336
18 P 32.33 38.86 6365
19 P 31.30 38.87 7267
20 P 30.60 38.49 7493
21 P 29.77 38.71 5561
22 P 29.49 39.25 7245
23 P 28.46 39.44 11234
24 P 27.36 39.70 11780
25 P 27.27 39.69 12654
26 P 26.84 39.85 12322
27 P 26.72 40.20 10539
28 P 26.72 40.36 10378
29 P 26.60 40.20 12714
30 P 26.83 40.07 14950
31 P 26.90 40.09 14518
32 P 26.71 40.27 14832
33 P 26.75 40.26 12521
34 P 26.64 40.16 14635
35 P 27.38 39.87 14254
36 P 27.37 39.76 12755
37 P 27.56 39.58 9117
38 P 27.97 39.75 6000
39 P 28.16 39.85 7560
40 P 27.99 39.82 7893
41 P 28.38 39.67 6929
42 P 28.64 39.49 6341
43 P 28.88 39.36 6111
44 P 29.09 39.30 5480
45 P 29.21 39.31 5793
46 P 30.23 39.17 5272
47 P 31.81 38.72 4952
48 P 32.12 38.58 4401
49 P 32.22 38.83 3107
50 P 30.61 39.09 3938
51 P 30.80 39.08 5266
52 P 31.20 38.83 5346
53 P 30.97 38.90 5655
54 P 31.07 38.84 5755
55 P 30.83 38.72 5968
56 P 30.17 38.75 6206
57 P 30.48 38.83 6148
58 P 30.67 39.15 6453
59 P 30.00 39.28 8588
60 P 29.86 39.41 11061
61 P 29.28 39.36 10362
62 P 29.68 39.16 9837
63 P 29.43 38.99 10256
64 P 29.35 38.92 9602
65 P 28.87 38.91 8221
66 P 28.91 39.05 8191
67 P 29.07 39.22 8273
68 P 28.75 39.26 7761
69 P 28.92 39.19 8011
70 P 29.41 39.12 9057
71 P 29.38 39.12 8874
72 P 29.34 38.97 8913
73 P 29.69 38.67 7756
74 P 30.02 38.64 7190
75 P 29.83 38.94 8716
76 P 29.49 39.07 10559
77 P 29.22 39.38 12475
78 P 29.02 39.55 12815
79 P 29.07 39.46 12234
80 P 29.56 39.19 13361
81 P 29.30 38.97 13928
82 P 29.50 38.67 13381
83 P 29.24 38.63 12119
84 P 29.16 38.80 11090
85 P 28.95 38.84 10355
86 P 28.96 39.00 9555
87 P 28.99 39.01 9375
88 P 29.30 38.99 9504
89 P 29.42 38.86 9478
90 P 29.86 38.69 8877
91 P 30.51 38.63 9210
92 P 30.51 38.60 9253
93 P 30.20 38.42 8813
94 P 30.49 38.51 6824
95 P 30.69 38.36 6387
96 P 31.05 38.30 5643
97 P 31.40 38.37 5208
98 P 31.21 38.28 5757
99 P 31.25 38.02 6107
100 P 31.14 37.80 6325
101 P 31.22 37.77 5600
102 P 31.72 37.86 5546
103 P 31.32 38.21 6789
104 P 31.88 38.18 7343
105 P 31.91 37.93 8121
106 P 31.63 38.06 7125
107 P 31.92 37.97 6465
108 P 31.22 37.98 6755
109 P 31.45 37.94 6881
110 P 31.05 38.09 6877
111 P 31.53 38.02 6655
112 P 31.48 38.08 6279
113 P 31.44 38.10 5915
114 P 31.44 38.24 4759
115 P 32.07 38.42 4715
116 P 31.83 38.50 5214
117 P 32.33 38.44 5705
118 P 32.27 38.46 6128
119 P 32.64 38.31 6689
120 P 32.34 38.17 6758
121 P 32.66 38.12 6637
122 P 32.06 38.13 6565
123 P 32.29 38.22 5449
124 P 32.75 38.40 4981
125 P 32.55 38.32 5177
126 P 32.62 38.20 5567
127 P 32.60 38.08 6662
128 P 32.46 38.36 7946
129 P 32.11 38.58 8337
130 P 32.34 38.85 9421
131 P 31.77 38.96 8989
132 P 31.36 38.80 8018
133 P 31.69 38.50 8836
134 P 31.81 38.41 7164
135 P 31.85 38.53 6692
136 P 31.62 38.42 7323
137 P 31.66 38.42 6936
138 P 32.19 38.26 5822
139 P 31.70 38.46 4402
140 P 32.02 38.56 5868
141 P 31.76 38.68 7324
142 P 32.17 38.77 7544
143 P 31.47 39.08 7004
144 P 31.90 39.32 8324
145 P 31.44 39.41 9034
146 P 30.87 39.48 10023
147 P 29.87 39.35 12385
148 P 29.78 38.93 13794
149 P 29.82 38.76 15008
150 P 29.48 38.82 15017
151 P 29.41 39.03 13349
152 P 29.44 39.36 12018
153 P 29.33 39.57 12323
154 P 29.44 39.77 12601
155 P 29.05 40.05 13431
156 P 29.11 40.18 12752
157 P 29.29 40.30 12939
158 P 29.12 40.70 16927
159 P 29.11 40.92 17979
160 P 29.18 41.12 18194
161 P 29.27 41.36 18142
162 P 28.95 42.11 16365
163 P 28.71 42.73 14399
164 P 28.30 43.31 13295
165 P 28.06 43.79 11450
166 P 27.84 43.77 11209
167 P 27.96 43.70 11092
168 P 28.04 43.70 11099
169 P 28.09 43.29 11992
170 P 28.26 42.79 13580
171 P 28.43 42.77 14873
172 P 28.88 42.45 15172
173 P 29.29 42.35 15094
174 P 30.76 41.61 16841
175 P 30.41 41.01 16762
176 P 30.67 40.32 12089
177 P 30.90 40.06 11603
178 P 30.81 39.63 12330
179 P 30.90 39.29 12718
180 P 31.43 38.94 11964
181 P 31.53 38.56 12930
182 P 31.89 38.27 12580
183 P 32.29 38.02 12059
184 P 32.36 37.52 12572
185 P 32.63 37.11 12877
186 P 32.65 36.80 13771
187 P 32.81 36.55 12678
188 P 32.87 36.49 11957
189 P 32.81 36.63 10196
190 P 32.89 36.60 10982
191 P 33.05 36.27 10874
192 P 33.27 35.98 11741
193 P 33.61 35.66 11675
194 P 33.62 35.48 10826
195 P 33.81 35.21 10398
196 P 34.32 34.90 12495
197 P 34.45 34.62 13643
198 P 34.60 34.48 10141
199 P 34.68 34.33 11560
200 P 34.84 33.91 12799
201 P 35.25 33.46 15518
202 P 35.52 32.82 16931
203 P 35.78 32.09 18840
204 P 36.09 31.34 18146
205 P 36.18 30.89 16447
206 P 36.39 30.76 11020
207 P 36.79 29.98 13082
208 P 36.96 29.95 7025
209 P 37.03 30.05 5638
210 P 37.23 30.01 4470
211 P 37.04 30.03 4594
212 P 37.02 30.26 4208
213 P 37.18 30.23 3564
214 P 37.36 30.21 3457
215 P 37.17 30.19 3177
216 P 37.45 30.08 3406
217 P 37.71 29.89 3146
218 P 37.93 29.80 2925
219 P 38.12 29.83 2277
220 P 37.84 29.89 1331
221 P 37.93 29.90 1221
222 P 37.59 29.93 1160
223 P 38.14 30.01 1003
224 P 37.74 30.00 897
225 P 38.16 30.01 1100
226 P 38.21 29.99 2134
227 P 37.78 29.99 2472
228 P 37.67 29.99 2764
229 P 37.65 30.10 2570
230 P 37.77 30.13 2646
231 P 37.70 30.18 1209
232 P 37.58 30.20 1282
233 P 37.08 30.22 1329
234 P 37.40 30.26 1145
235 P 37.65 30.21 1814
236 P 37.02 30.23 1644
237 P 37.03 30.18 2299
238 P 36.92 30.20 2813
239 P 36.79 30.23 3220
240 P 36.94 30.27 3723
241 P 36.84 30.28 3842
242 P 36.64 30.33 3945
243 P 36.62 30.34 3926
244 P 36.64 30.41 4494
245 P 36.29 30.45 3445
246 P 36.30 30.44 3050
247 P 37.18 30.08 1079
% Nframe | type | QP | PSNR | size (Bytes) 
25 P 26.91 40.39 3179
26 P 27.06 40.54 7854
27 P 28.52 40.52 6919
28 P 28.26 40.59 6836
29 P 26.35 40.72 8617
30 P 27.31 40.82 7325
31 P 25.54 40.89 3132
32 P 26.98 40.85 7361
33 P 27.62 40.85 7280
34 P 28.14 40.91 10091
35 P 27.18 40.85 8476
36 P 28.62 40.73 8309
37 P 28.33 40.82 10426
38 P 27.95 40.78 4550
39 P 27.11 40.70 12611
40 P 27.18 40.76 10422
41 P 27.04 40.78 9745
42 P 27.54 40.84 9216
43 P 25.91 40.87 9970
44 P 26.09 40.90 9802
45 P 26.68 40.97 9557
46 P 27.88 40.96 8853
47 P 28.32 40.96 8832
48 P 27.98 41.04 11991
49 P 27.73 41.02 4226
50 P 27.79 40.99 8883
51 P 28.18 40.95 8337
52 P 27.97 40.85 8082
53 P 27.48 40.70 9330
54 P 27.14 40.81 18218
55 P 28.18 40.77 4051
56 P 28.10 40.57 8026
57 P 28.67 40.50 7172
58 P 27.83 40.49 10001
59 P 28.41 40.49 8467
60 P 29.10 40.45 8161
61 P 28.72 40.53 8728
62 P 28.42 40.47 9196
63 P 28.59 40.46 8641
64 P 28.64 40.51 8876
65 P 29.05 40.51 8285
66 P 29.64 40.34 7691
67 P 29.67 40.40 8602
68 P 29.45 40.39 8711
69 P 29.61 40.36 8490
70 P 29.08 40.31 8640
71 P 29.20 40.26 8977
72 P 28.46 40.51 12144
73 P 29.13 40.46 3201
74 P 29.11 40.27 8672
75 P 29.17 40.33 8008
76 P 29.07 40.25 7797
77 P 29.44 40.25 9332
78 P 29.43 40.37 8010
79 P 29.49 40.35 3051
80 P 30.12 40.22 7528
81 P 29.87 40.20 6644
82 P 29.72 40.23 9177
83 P 29.88 40.19 6755
84 P 30.62 40.19 6973
85 P 29.96 40.21 7324
86 P 30.29 40.19 6755
87 P 29.80 40.19 6915
88 P 30.36 40.20 7376
89 P 29.80 40.22 6396
90 P 30.56 40.21 6095
91 P 29.43 40.23 7144
92 P 29.41 40.28 7465
93 P 29.05 40.22 7380
94 P 28.98 40.21 7676
95 P 29.27 40.15 7205
96 P 29.10 40.38 10910
97 P 29.58 40.39 2735
98 P 29.43 40.30 7933
99 P 30.02 40.38 9131
100 P 29.38 40.26 9006
101 P 29.36 40.30 11043
102 P 28.79 40.35 11312
103 P 29.47 40.35 4092
104 P 29.54 40.24 8623
105 P 28.17 40.40 10788
106 P 28.96 40.40 9115
107 P 29.10 40.38 9554
108 P 30.00 40.31 8410
109 P 29.91 40.58 16179
110 P 29.68 40.49 8684
111 P 29.99 40.47 8903
112 P 29.56 40.46 7722
113 P 29.50 40.42 7281
114 P 29.74 40.40 7743
115 P 29.48 40.47 7276
116 P 29.11 40.47 8054
117 P 29.70 40.46 8239
118 P 29.84 40.39 8013
119 P 29.62 40.35 8018
120 P 29.62 40.32 7333
121 P 29.73 40.30 7023
122 P 29.96 40.21 6762
123 P 29.40 40.29 7913
124 P 29.42 40.35 7408
125 P 29.45 40.35 2550
126 P 29.82 40.32 5944
127 P 29.59 40.30 5933
128 P 29.82 40.35 7399
129 P 29.89 40.30 6258
130 P 29.40 40.43 7425
131 P 30.33 40.41 2922
132 P 30.20 40.33 7120
133 P 29.78 40.33 8979
134 P 30.31 40.33 7096
135 P 30.36 40.25 6938
136 P 30.35 40.26 6693
137 P 30.71 40.31 5999
138 P 30.82 40.35 5923
139 P 30.34 40.36 6387
140 P 29.83 40.38 6060
141 P 29.59 40.38 6343
142 P 29.69 40.49 8246
143 P 28.92 40.46 3615
144 P 29.91 40.45 6306
145 P 29.73 40.42 5383
146 P 30.15 40.37 5305
147 P 30.10 40.30 6708
148 P 29.93 40.40 6428
149 P 29.41 40.43 1953
150 P 29.70 40.39 5706
151 P 29.85 40.36 5913
152 P 29.59 40.40 7629
153 P 29.43 40.39 7196
154 P 29.56 40.47 7369
155 P 29.41 40.46 3129
156 P 29.79 40.38 6459
157 P 29.58 40.42 9485
158 P 29.54 40.45 7241
159 P 29.61 40.43 7117
160 P 29.44 40.41 7168
161 P 29.32 40.43 7290
162 P 29.16 40.43 6320
163 P 29.28 40.47 15828
164 P 29.10 40.38 8018
165 P 29.31 40.33 7252
166 P 29.00 40.47 10466
167 P 28.89 40.51 2969
168 P 28.92 40.43 7921
169 P 29.02 40.39 7987
170 P 29.20 40.37 8441
171 P 28.93 40.34 10772
172 P 29.22 40.39 9269
173 P 29.14 40.35 4908
174 P 29.42 40.34 9210
175 P 29.67 40.29 8482
176 P 29.54 40.37 11062
177 P 29.59 40.36 9028
178 P 29.14 40.41 9689
179 P 28.65 40.44 3387
180 P 29.08 40.34 7889
181 P 28.84 40.39 9482
182 P 29.23 40.37 7451
183 P 28.77 40.40 7663
184 P 29.25 40.41 7262
185 P 29.18 40.41 8017
186 P 29.08 40.44 8518
187 P 28.72 40.46 8007
188 P 28.78 40.45 8482
189 P 28.81 40.37 7266
190 P 28.80 40.41 10137
191 P 29.02 40.44 2940
192 P 28.92 40.38 7347
193 P 28.75 40.34 7737
194 P 28.88 40.36 7523
195 P 28.92 40.40 9438
196 P 28.61 40.44 8999
197 P 28.74 40.44 3678
198 P 28.87 40.37 7779
199 P 28.90 40.34 7722
200 P 28.82 40.39 10219
201 P 29.01 40.39 8865
202 P 29.02 40.42 9160
203 P 29.00 40.36 5150
204 P 29.21 40.32 10332
205 P 29.11 40.26 10082
206 P 29.49 40.29 7552
207 P 29.34 40.29 7772
208 P 29.48 40.32 7638
209 P 29.47 40.21 6606
210 P 29.38 40.73 11977
211 P 29.04 40.65 6412
212 P 28.95 40.65 6745
213 P 29.39 40.60 6953
214 P 28.63 40.82 10509
215 P 29.07 40.76 2222
216 P 28.98 40.70 7313
217 P 28.70 40.63 7272
218 P 29.09 40.61 6548
219 P 28.88 40.67 8680
220 P 28.64 40.74 7139
221 P 29.28 40.80 1957
222 P 29.17 40.74 6819
223 P 29.34 40.75 7347
224 P 28.99 40.73 9244
225 P 28.97 40.73 8182
226 P 29.42 40.76 8631
227 P 29.19 40.76 3241
228 P 28.86 40.66 10157
229 P 28.73 40.67 7885
230 P 28.75 40.70 7114
231 P 28.76 40.63 7040
232 P 28.71 40.65 6861
233 P 28.61 40.68 6445
234 P 28.84 40.70 5956
235 P 28.85 40.69 6549
236 P 28.65 40.69 6568
237 P 29.07 40.64 6682
238 P 28.73 40.71 9930
239 P 29.24 40.72 3097
240 P 28.72 40.63 7692
241 P 29.03 40.63 7685
242 P 29.31 40.58 6866
243 P 28.98 40.61 9547
244 P 28.94 40.69 7032
245 P 29.20 40.71 2545
246 P 28.64 40.68 6403
247 P 29.23 40.63 8080
248 P 28.86 40.61 6611
249 P 28.99 40.60 6628
250 P 28.49 40.61 7160
251 P 29.29 40.63 2502
252 P 29.07 40.54 8115
253 P 29.43 40.52 7194
254 P 29.06 40.53 6709
255 P 29.48 40.27 5405
% Nframe | type | QP | PSNR | size (Bytes) 
25 P 28.78 43.70 11339
26 P 28.66 43.24 11190
27 P 29.29 42.59 12087
28 P 30.25 41.51 12054
29 P 32.11 39.23 12586
30 P 32.20 39.02 7845
31 P 32.25 39.82 8214
32 P 31.61 40.07 8211
33 P 31.83 40.46 7368
34 P 31.29 40.70 6913
35 P 31.47 40.57 5205
36 P 31.92 40.57 4852
37 P 32.03 40.67 4575
38 P 31.57 40.43 4747
39 P 32.28 39.91 5096
40 P 32.54 39.04 4861
41 P 33.56 38.39 4653
42 P 34.09 38.01 4375
43 P 34.38 37.65 4609
44 P 34.49 37.77 3988
45 P 34.27 38.19 4099
46 P 34.13 38.21 3988
47 P 33.94 38.39 3847
48 P 33.58 38.82 4003
49 P 33.37 38.66 4162
50 P 33.42 38.47 4926
51 P 33.56 38.16 5784
52 P 33.45 37.91 5972
53 P 33.43 37.92 6131
54 P 32.94 38.36 5284
55 P 32.73 38.66 4376
56 P 32.75 38.86 3551
57 P 32.48 38.73 3805
58 P 32.21 38.55 4009
59 P 32.27 38.56 4157
60 P 32.07 38.54 4312
61 P 31.63 38.74 4766
62 P 31.99 38.77 4310
63 P 31.59 38.67 5030
64 P 32.26 38.46 5357
65 P 32.15 38.08 5064
66 P 32.10 38.00 3772
67 P 31.81 38.20 3274
68 P 31.98 38.46 4148
69 P 31.69 38.36 4959
70 P 31.84 38.60 5980
71 P 31.58 38.58 7843
72 P 31.48 38.49 7926
73 P 31.16 38.29 7954
74 P 30.92 38.23 7818
75 P 31.03 38.45 6601
76 P 30.42 38.61 5728
77 P 30.58 38.86 5394
78 P 30.31 38.98 5124
79 P 30.17 38.94 5833
80 P 30.14 38.50 6141
81 P 30.20 38.44 4482
82 P 30.35 38.54 4203
83 P 30.32 38.72 3680
84 P 30.84 38.90 3902
85 P 30.97 38.97 4187
86 P 31.08 39.18 4836
87 P 30.62 39.26 5656
88 P 30.92 39.24 5811
89 P 30.72 39.20 6488
90 P 30.49 39.02 7204
91 P 30.19 38.68 7881
92 P 29.89 38.54 7497
93 P 29.91 38.44 7144
94 P 29.90 38.54 6642
95 P 29.62 38.72 5845
96 P 29.57 38.80 5091
97 P 29.29 38.97 4542
98 P 29.30 39.21 3996
99 P 29.63 39.39 3905
100 P 29.53 39.44 4200
101 P 29.40 39.39 3992
102 P 29.11 39.32 4254
103 P 29.69 39.21 3800
104 P 29.59 39.08 4378
105 P 29.55 38.96 4145
106 P 29.63 38.86 4300
107 P 29.85 38.84 3644
108 P 29.52 39.00 3027
109 P 29.42 39.04 3271
110 P 29.29 39.06 3593
111 P 29.54 39.22 3143
112 P 28.85 39.36 3042
113 P 28.90 39.34 3404
114 P 29.17 39.21 4058
115 P 29.11 39.17 3867
116 P 29.10 39.29 3814
117 P 28.77 39.42 3437
118 P 28.74 39.56 3125
119 P 28.51 39.63 3396
120 P 28.20 39.74 3600
121 P 27.82 39.82 3693
122 P 27.72 39.86 4439
123 P 27.84 39.70 5570
124 P 27.70 39.68 6542
125 P 27.77 39.68 6896
126 P 27.54 39.68 6770
127 P 27.80 39.79 6390
128 P 27.75 39.91 5364
129 P 27.58 40.01 5189
130 P 27.58 40.09 4909
131 P 27.33 40.08 5428
132 P 27.21 40.07 6039
133 P 26.60 40.13 5704
134 P 26.80 40.25 4991
135 P 26.77 40.35 4675
136 P 26.80 40.49 4011
137 P 26.74 40.52 3797
138 P 26.68 40.50 3603
139 P 26.62 40.47 3928
140 P 26.43 40.52 3021
141 P 26.61 40.59 3178
142 P 26.83 40.62 3668
143 P 26.83 40.61 3722
144 P 26.55 40.60 3961
145 P 26.41 40.64 3719
146 P 26.45 40.63 3940
147 P 26.58 40.66 3560
148 P 26.64 40.65 3831
149 P 26.33 40.72 3865
150 P 26.27 40.79 4491
151 P 25.90 40.90 4316
152 P 25.85 40.97 4681
153 P 25.46 40.96 5384
154 P 25.32 40.95 5163
155 P 25.43 41.01 5238
156 P 25.32 41.04 4879
157 P 25.41 41.05 5378
158 P 25.27 41.04 5787
159 P 25.07 41.13 5347
160 P 25.16 41.23 5558
161 P 25.03 41.20 6066
162 P 24.97 41.30 5045
163 P 24.88 41.30 5415
164 P 24.82 41.36 4973
165 P 24.79 41.37 5344
166 P 24.69 41.42 5331
167 P 24.83 41.43 5418
168 P 24.88 41.50 5524
169 P 24.71 41.53 5664
170 P 24.66 41.58 4480
171 P 24.36 41.63 4888
172 P 24.41 41.66 5070
173 P 24.30 41.70 5025
174 P 24.15 41.76 5167
175 P 24.18 41.79 5028
176 P 24.01 41.75 6328
177 P 24.13 41.73 5997
178 P 24.13 41.80 5101
179 P 24.11 41.82 4637
180 P 24.06 41.82 5415
181 P 24.14 41.86 5911
182 P 23.95 41.90 5862
183 P 23.86 41.92 6006
184 P 23.74 41.97 5530
185 P 23.64 42.03 5183
186 P 23.71 42.06 4574
187 P 23.49 42.14 5570
188 P 23.48 42.19 5008
189 P 23.64 42.14 5548
190 P 23.56 42.14 7134
191 P 23.57 42.12 8405
192 P 23.17 42.09 9461
193 P 22.92 42.08 8732
194 P 22.61 42.13 8336
195 P 22.77 42.17 7955
196 P 22.73 42.17 7392
197 P 22.69 42.29 6491
198 P 22.40 42.30 6975
199 P 22.28 42.32 7486
200 P 22.25 42.33 7963
201 P 22.27 42.43 6976
202 P 22.18 42.47 7139
203 P 22.31 42.48 7703
204 P 22.32 42.48 7254
205 P 22.26 42.53 6794
206 P 22.40 42.52 6793
207 P 22.43 42.52 7783
208 P 22.48 42.44 8266
209 P 22.54 42.36 8273
210 P 22.21 42.42 7606
211 P 22.36 42.44 7537
212 P 22.36 42.48 6826
213 P 22.29 42.50 7854
214 P 22.31 42.53 8087
215 P 22.33 42.50 7675
216 P 22.32 42.49 6980
217 P 22.25 42.53 8357
218 P 22.11 42.53 6360
219 P 22.16 42.58 6402
220 P 22.33 42.59 6587
221 P 22.27 42.54 6732
222 P 22.34 42.50 7295
223 P 22.29 42.51 7695
224 P 22.26 42.56 7716
225 P 22.48 42.60 7669
226 P 22.36 42.62 7482
227 P 22.44 42.62 7020
228 P 22.22 42.60 8009
229 P 22.24 42.59 7690
230 P 22.19 42.58 7996
231 P 22.26 42.64 6944
232 P 22.23 42.60 7616
233 P 22.08 42.61 7305
234 P 22.07 42.63 6966
235 P 22.14 42.66 6104
236 P 22.13 42.65 6136
237 P 22.07 42.63 7417
238 P 22.10 42.61 7766
239 P 22.14 42.59 8600
240 P 22.18 42.60 8376
241 P 22.15 42.63 6557
242 P 22.03 42.67 6577
243 P 21.94 42.63 6705
244 P 22.09 42.66 6136
245 P 21.97 42.69 6264
246 P 22.04 42.70 5699
247 P 22.10 42.70 5509
248 P 22.00 42.71 5963
249 P 22.03 42.71 5595
250 P 21.93 42.72 5242
251 P 22.01 42.71 5292
252 P 21.99 42.71 5341
253 P 21.98 42.67 6304
254 P 21.91 42.64 5947
255 P 22.00 42.67 5948
256 P 21.99 42.66 6195
257 P 22.12 42.67 5950
258 P 22.05 42.67 6884
259 P 22.17 42.68 6595
260 P 22.07 42.68 6375
261 P 21.95 42.68 6476
262 P 21.91 42.69 6624
263 P 21.84 42.77 6466
264 P 21.93 42.77 6457
265 P 21.83 42.79 5894
266 P 21.90 42.75 6891
267 P 21.74 42.74 7968
268 P 21.85 42.80 7017
269 P 21.66 42.83 7573
270 P 21.71 42.78 8139
271 P 21.78 42.78 8469
272 P 21.76 42.80 9123
273 P 21.72 42.80 9120
274 P 21.67 42.82 9062
275 P 21.67 42.84 8940
276 P 21.76 42.81 10102
277 P 21.65 42.87 8827
278 P 21.57 42.90 9776
279 P 21.64 42.92 10623
280 P 21.62 42.89 12680
281 P 21.68 42.85 13299
282 P 21.64 42.87 14266
283 P 21.71 42.90 15271
284 P 21.67 42.86 16304
285 P 21.74 42.79 15639
286 P 21.80 42.84 16331
287 P 21.76 42.91 16633
288 P 21.86 42.98 19110
289 P 21.80 43.01 20288
290 P 21.84 43.02 20067
291 P 21.83 43.04 18483
292 P 21.86 42.97 18489
293 P 22.00 42.97 18610
294 P 22.07 42.94 18778
295 P 22.12 42.86 18335
296 P 22.21 42.84 18526
297 P 22.30 42.75 19414
298 P 22.45 42.64 19613
299 P 22.81 42.51 19263
300 P 23.21 42.40 17599
301 P 23.40 42.33 17626
302 P 23.86 42.08 16866
303 P 23.73 42.13 15916
304 P 24.05 42.07 16187
305 P 24.34 41.96 16135
306 P 24.16 41.81 16215
307 P 24.36 41.86 13934
308 P 24.67 42.05 13111
309 P 24.81 42.16 10035
310 P 24.89 42.12 8548
311 P 24.76 42.07 9370
312 P 25.02 42.00 9768
313 P 25.30 41.93 10652
314 P 25.36 41.93 11031
315 P 25.30 41.81 11476
316 P 25.68 41.71 11212
317 P 25.74 41.47 10438
318 P 25.97 41.41 8905
319 P 26.07 41.37 7654
320 P 26.15 41.37 7630
321 P 26.28 41.30 7986
322 P 26.44 41.23 7563
323 P 26.49 41.26 6798
324 P 26.14 41.28 7152
325 P 26.41 41.33 6183
326 P 26.34 41.28 5946
327 P 26.39 41.24 5735
328 P 26.44 41.17 6561
329 P 26.37 41.08 6664
330 P 26.73 41.10 6069
331 P 26.65 41.15 5501
332 P 26.66 41.22 5437
333 P 26.06 41.29 5908
334 P 26.41 41.33 5548
335 P 26.29 41.41 6681
336 P 26.33 41.41 6837
337 P 26.43 41.39 6112
338 P 26.04 41.38 6433
339 P 26.17 41.37 6365
340 P 26.19 41.37 6576
341 P 26.11 41.36 6720
342 P 26.17 41.25 6786
343 P 26.33 41.19 7174
344 P 26.11 41.23 7112
345 P 26.15 41.31 6768
346 P 26.24 41.31 6397
347 P 26.06 41.25 7805
348 P 26.31 41.33 7701
349 P 26.32 41.33 7641
350 P 26.16 41.31 7364
351 P 26.26 41.30 5413
352 P 26.17 41.37 4666
353 P 26.19 41.43 5290
354 P 27.70 40.98 2957
