% Nframe | type | QP | PSNR | size (Bytes) 
0 I 27.93 39.14 14358
1 P 31.36 38.75 540
2 P 31.26 38.61 1092
3 P 31.15 38.54 1593
4 P 31.50 38.68 2085
5 P 30.69 38.70 2038
6 P 31.28 38.67 1966
7 P 30.24 38.57 1771
8 P 31.67 38.21 1655
9 P 31.63 38.06 1856
10 P 31.48 38.21 1926
11 P 31.52 38.40 2423
12 P 35.23 37.18 797
13 P 34.05 37.16 1493
14 P 32.10 37.82 2820
15 P 29.48 38.42 2407
16 P 28.21 39.27 2910
17 P 26.40 39.90 4552
18 P 25.80 40.19 5400
19 P 25.06 40.29 6087
20 P 24.30 40.16 6281
21 P 23.88 40.57 5080
22 P 23.45 41.05 6295
23 P 23.10 41.42 8516
24 P 22.32 41.85 8579
25 P 22.09 41.80 9480
26 P 21.90 41.85 8810
27 P 21.81 42.15 7700
28 P 21.58 42.36 7690
29 P 21.86 42.09 8812
30 P 22.18 41.86 10172
31 P 22.39 41.86 9957
32 P 22.42 42.00 8777
33 P 22.92 42.02 7690
34 P 22.82 41.78 8789
35 P 23.52 41.45 8612
36 P 23.50 41.29 7687
37 P 23.97 41.10 5357
38 P 24.03 41.11 3865
39 P 24.35 41.22 5203
40 P 24.47 41.13 5347
41 P 24.97 40.99 4599
42 P 25.04 40.84 4326
43 P 25.07 40.69 3864
44 P 25.77 40.61 3776
45 P 26.00 40.63 3959
46 P 26.35 40.42 3812
47 P 27.66 40.02 3729
48 P 27.58 39.95 3173
49 P 27.46 40.14 2317
50 P 27.42 40.43 2640
51 P 28.01 40.40 3855
52 P 26.86 40.22 4201
53 P 27.65 40.25 3848
54 P 27.13 40.22 4142
55 P 26.35 40.10 4094
56 P 25.85 40.12 4196
57 P 25.98 40.10 4326
58 P 25.97 40.31 4542
59 P 25.91 40.60 6090
60 P 25.93 40.72 6866
61 P 24.93 40.74 6842
62 P 25.35 40.57 6463
63 P 24.99 40.43 6752
64 P 25.36 40.44 6061
65 P 24.73 40.40 5613
66 P 24.86 40.41 5652
67 P 24.97 40.55 5649
68 P 24.47 40.65 4924
69 P 25.16 40.51 5384
70 P 24.61 40.39 6121
71 P 24.84 40.36 5688
72 P 25.16 40.27 5847
73 P 25.66 40.07 5084
74 P 25.41 40.00 5076
75 P 25.62 40.15 5630
76 P 25.70 40.43 6486
77 P 25.75 40.71 7582
78 P 25.25 40.94 8106
79 P 25.63 40.81 7813
80 P 25.53 40.46 8435
81 P 26.09 40.29 8832
82 P 26.01 40.01 8454
83 P 25.60 39.98 7472
84 P 25.99 40.24 6964
85 P 25.28 40.34 6364
86 P 25.22 40.41 5728
87 P 25.37 40.41 5886
88 P 25.46 40.38 6048
89 P 25.85 40.25 5946
90 P 26.40 40.03 5647
91 P 26.34 39.98 6006
92 P 26.13 39.93 5952
93 P 26.90 39.82 5562
94 P 27.11 39.89 4349
95 P 27.30 39.80 4280
96 P 27.07 39.68 3735
97 P 27.87 39.70 3439
98 P 27.69 39.59 4025
99 P 27.30 39.38 4223
100 P 27.60 39.22 4374
101 P 27.48 39.15 3861
102 P 27.31 39.28 4090
103 P 27.41 39.58 4830
104 P 28.18 39.46 5006
105 P 27.73 39.29 5602
106 P 27.61 39.46 4819
107 P 28.41 39.39 4531
108 P 28.09 39.37 4581
109 P 27.99 39.36 4579
110 P 28.23 39.45 4723
111 P 27.43 39.52 4842
112 P 26.99 39.50 4262
113 P 27.67 39.51 3953
114 P 28.14 39.56 3119
115 P 28.12 39.77 3482
116 P 27.51 39.73 3694
117 P 28.49 39.74 4035
118 P 28.53 39.68 4236
119 P 27.96 39.58 4922
120 P 28.56 39.49 4688
121 P 28.61 39.46 4572
122 P 28.17 39.47 4641
123 P 28.77 39.58 3790
124 P 28.05 39.69 3491
125 P 28.13 39.61 3795
126 P 28.28 39.48 4035
127 P 28.08 39.44 4728
128 P 27.92 39.64 5328
129 P 28.42 40.02 5568
130 P 28.29 40.33 5857
131 P 28.17 40.37 5725
132 P 27.39 40.21 5301
133 P 27.90 40.03 5876
134 P 28.14 39.91 4860
135 P 27.97 39.96 4318
136 P 27.58 39.88 4725
137 P 27.87 39.85 4447
138 P 27.76 39.70 3779
139 P 28.53 39.85 2919
140 P 28.30 39.91 4399
141 P 28.23 40.00 5128
142 P 28.22 40.02 5341
143 P 27.44 40.42 4929
144 P 28.09 40.58 5786
145 P 27.67 40.61 5970
146 P 27.39 40.79 6375
147 P 26.90 40.72 7729
148 P 26.22 40.22 8568
149 P 26.55 40.04 9071
150 P 26.17 40.08 8975
151 P 25.64 40.39 8498
152 P 25.40 40.62 7997
153 P 25.05 40.84 8145
154 P 25.08 41.05 8590
155 P 25.14 41.32 8636
156 P 25.09 41.51 8205
157 P 25.10 41.70 8147
158 P 24.90 41.93 9478
159 P 25.21 42.17 11300
160 P 25.13 42.35 11940
161 P 25.01 42.62 11493
162 P 24.84 43.39 10322
163 P 24.51 44.18 9446
164 P 24.14 44.90 8144
165 P 23.70 45.61 6852
166 P 23.60 45.38 6829
167 P 23.63 45.27 6978
168 P 23.54 45.32 6933
169 P 23.58 44.75 7787
170 P 24.28 44.15 8780
171 P 24.52 44.11 9671
172 P 24.94 43.54 9771
173 P 25.04 43.35 9899
174 P 26.11 42.44 11077
175 P 26.40 41.63 8814
176 P 26.50 41.40 7629
177 P 26.74 41.12 7376
178 P 26.70 40.84 7882
179 P 26.91 40.44 8072
180 P 26.90 40.25 8022
181 P 27.21 39.81 8558
182 P 27.37 39.58 8497
183 P 27.66 39.33 7998
184 P 27.85 38.90 8565
185 P 28.34 38.41 8749
186 P 28.49 38.10 9022
187 P 28.52 37.90 8475
188 P 28.52 37.85 7610
189 P 28.45 38.17 7032
190 P 28.47 38.07 7145
191 P 28.74 37.80 7326
192 P 28.93 37.49 7899
193 P 29.11 37.14 7829
194 P 29.29 37.03 7390
195 P 29.62 36.71 6796
196 P 30.03 36.42 7821
197 P 29.97 36.19 9114
198 P 30.13 36.01 6833
199 P 30.21 35.87 7851
200 P 30.45 35.42 8130
201 P 30.92 34.87 10063
202 P 31.08 34.11 10798
203 P 31.22 33.43 12697
204 P 31.53 32.53 11771
205 P 31.56 32.00 10301
206 P 31.70 31.91 7171
207 P 32.14 31.28 7229
208 P 32.16 31.26 4014
209 P 32.30 31.32 3410
210 P 32.34 31.32 3199
211 P 32.39 31.32 2914
212 P 32.57 31.47 2633
213 P 32.60 31.43 2545
214 P 32.45 31.38 2365
215 P 32.56 31.37 2262
216 P 32.83 31.31 1979
217 P 33.00 31.23 1932
218 P 33.37 31.21 1592
219 P 33.39 31.19 1046
220 P 33.18 31.25 805
221 P 33.01 31.26 729
222 P 33.40 31.29 677
223 P 33.62 31.35 665
224 P 33.11 31.34 521
225 P 32.99 31.33 936
226 P 33.23 31.28 1358
227 P 33.14 31.25 1484
228 P 33.13 31.27 1808
229 P 33.13 31.41 1531
230 P 32.80 31.43 1727
231 P 32.54 31.49 860
232 P 32.46 31.54 1106
233 P 32.54 31.57 843
234 P 32.68 31.62 907
235 P 32.46 31.59 1285
236 P 32.11 31.66 1417
237 P 32.23 31.59 1543
238 P 31.76 31.65 1687
239 P 32.04 31.58 1811
240 P 32.07 31.61 2366
241 P 31.99 31.63 2503
242 P 31.98 31.70 2595
243 P 31.94 31.67 2622
244 P 31.61 31.76 3372
245 P 31.87 31.84 2283
246 P 31.92 31.87 2228
247 P 32.40 31.53 484
% Nframe | type | QP | PSNR | size (Bytes) 
25 P 22.20 41.52 2476
26 P 22.65 41.74 5969
27 P 22.97 41.72 5229
28 P 22.21 41.78 4942
29 P 22.70 41.92 6147
30 P 22.43 41.99 4805
31 P 21.63 42.00 2011
32 P 22.78 41.88 4782
33 P 22.87 41.76 4701
34 P 23.34 41.82 6846
35 P 23.76 41.70 5662
36 P 23.45 41.47 5468
37 P 23.11 41.59 6819
38 P 22.48 41.54 3006
39 P 22.60 41.40 8146
40 P 22.37 41.41 6547
41 P 22.92 41.49 6178
42 P 22.80 41.56 6028
43 P 22.36 41.64 6312
44 P 22.08 41.74 6329
45 P 22.66 41.79 6421
46 P 23.37 41.79 6164
47 P 23.14 41.71 5875
48 P 23.36 41.81 7429
49 P 22.84 41.80 3124
50 P 23.96 41.81 6040
51 P 24.30 41.70 5692
52 P 22.10 41.56 5721
53 P 23.61 41.45 6281
54 P 23.19 41.54 11678
55 P 23.15 41.56 2936
56 P 24.44 41.35 5374
57 P 22.76 41.21 5251
58 P 23.13 41.24 6840
59 P 23.15 41.19 5821
60 P 22.91 41.07 5639
61 P 22.86 41.13 6070
62 P 22.84 41.12 6415
63 P 22.24 41.16 6100
64 P 22.00 41.15 5983
65 P 23.37 41.17 5552
66 P 23.39 41.01 5163
67 P 23.95 41.00 5591
68 P 23.60 41.06 5851
69 P 23.53 41.01 5757
70 P 23.90 40.97 5915
71 P 23.38 40.88 5760
72 P 23.06 41.14 7771
73 P 23.30 41.11 2215
74 P 22.84 40.88 5806
75 P 23.08 40.92 5499
76 P 23.43 40.88 5339
77 P 23.20 40.88 5879
78 P 23.49 41.00 5180
79 P 22.29 41.02 2099
80 P 23.70 40.84 4819
81 P 24.10 40.82 4445
82 P 23.43 40.87 5803
83 P 23.92 40.87 4633
84 P 24.22 40.83 4551
85 P 23.91 40.87 5196
86 P 24.96 40.81 4499
87 P 23.98 40.81 4665
88 P 24.95 40.78 4829
89 P 25.08 40.82 4167
90 P 25.11 40.82 4062
91 P 24.58 40.85 4674
92 P 24.53 40.87 5014
93 P 25.05 40.88 5059
94 P 24.70 40.83 4950
95 P 24.25 40.75 5046
96 P 24.16 41.05 7103
97 P 23.39 41.00 2031
98 P 23.88 40.86 5560
99 P 24.41 40.86 6042
100 P 24.27 40.78 6076
101 P 24.67 40.80 7428
102 P 24.20 40.89 7041
103 P 22.65 40.93 2914
104 P 24.12 40.82 5802
105 P 23.36 40.98 7229
106 P 22.84 41.03 5949
107 P 24.43 40.95 6105
108 P 24.54 40.82 5682
109 P 25.09 41.21 10494
110 P 25.07 41.11 5829
111 P 24.86 41.09 5891
112 P 24.94 41.11 5019
113 P 24.81 41.03 4781
114 P 25.15 40.99 5002
115 P 24.75 41.05 4799
116 P 24.62 41.03 5247
117 P 24.90 40.94 5346
118 P 24.71 40.91 5405
119 P 24.83 40.88 5220
120 P 24.59 40.87 4802
121 P 24.99 40.80 4662
122 P 25.17 40.71 4397
123 P 25.41 40.80 4902
124 P 24.89 40.91 4697
125 P 24.71 40.89 1852
126 P 25.16 40.82 3884
127 P 25.43 40.87 4026
128 P 24.97 40.89 4472
129 P 25.26 40.91 4159
130 P 25.20 40.96 4525
131 P 25.25 40.97 2174
132 P 25.63 40.83 4587
133 P 25.38 40.84 5780
134 P 25.46 40.88 4776
135 P 25.65 40.89 4806
136 P 25.66 40.83 4419
137 P 25.02 40.92 4085
138 P 25.68 41.01 4021
139 P 24.89 41.00 4034
140 P 24.50 41.02 3964
141 P 24.62 41.02 4128
142 P 24.82 41.17 5394
143 P 24.35 41.21 2582
144 P 24.44 41.16 4345
145 P 24.68 41.13 3781
146 P 24.97 41.11 3668
147 P 25.32 41.06 4427
148 P 24.55 41.17 4289
149 P 24.23 41.22 1547
150 P 24.63 41.11 3802
151 P 24.83 41.07 3880
152 P 24.60 41.08 5059
153 P 24.65 41.08 4886
154 P 25.01 41.16 4854
155 P 24.47 41.16 2328
156 P 25.02 41.03 4392
157 P 25.05 41.12 6280
158 P 24.96 41.16 4799
159 P 24.77 41.13 4789
160 P 24.58 41.10 4978
161 P 24.49 41.09 4826
162 P 24.67 41.06 4016
163 P 24.80 41.09 9811
164 P 23.75 41.03 5514
165 P 24.22 41.01 4923
166 P 24.29 41.21 6864
167 P 23.89 41.22 1961
168 P 24.27 41.07 5373
169 P 24.42 41.08 5303
170 P 24.32 41.01 5629
171 P 24.66 41.06 6985
172 P 24.70 41.16 6309
173 P 24.18 41.07 2971
174 P 24.58 41.00 6018
175 P 24.93 40.93 5684
176 P 24.64 41.07 7475
177 P 24.58 41.05 6108
178 P 24.60 41.18 6152
179 P 23.50 41.20 2199
180 P 24.36 41.06 4958
181 P 24.50 41.16 6026
182 P 24.29 41.07 4711
183 P 24.35 41.06 4843
184 P 24.54 41.12 4973
185 P 23.90 41.06 5388
186 P 23.89 41.10 5752
187 P 24.34 41.07 5552
188 P 24.38 41.03 5539
189 P 24.14 40.96 4852
190 P 23.99 41.09 6710
191 P 23.44 41.14 2321
192 P 23.51 40.98 4818
193 P 24.77 41.00 5187
194 P 23.74 40.99 5200
195 P 23.95 41.05 6239
196 P 23.76 41.11 5844
197 P 23.74 41.11 2510
198 P 24.46 41.05 5457
199 P 24.04 40.99 5049
200 P 24.40 41.07 6609
201 P 24.40 41.06 5919
202 P 24.05 41.00 6010
203 P 23.88 40.94 3540
204 P 24.44 40.97 6913
205 P 24.19 40.97 6365
206 P 24.60 41.01 5039
207 P 24.63 41.03 5018
208 P 24.39 41.04 4751
209 P 24.31 40.88 4225
210 P 24.73 41.48 7747
211 P 24.17 41.38 4178
212 P 24.47 41.42 4600
213 P 24.13 41.39 4598
214 P 23.62 41.63 6895
215 P 23.79 41.57 1535
216 P 24.07 41.43 4773
217 P 23.75 41.41 4978
218 P 24.03 41.39 4455
219 P 23.44 41.41 5523
220 P 23.72 41.52 4571
221 P 23.80 41.55 1426
222 P 24.22 41.45 4513
223 P 24.40 41.36 4779
224 P 24.25 41.34 6150
225 P 24.64 41.35 5984
226 P 24.81 41.44 5878
227 P 24.56 41.41 2187
228 P 24.37 41.35 7003
229 P 24.14 41.37 5430
230 P 24.01 41.39 4754
231 P 24.06 41.39 4683
232 P 24.07 41.45 4686
233 P 23.52 41.47 4143
234 P 23.80 41.47 4042
235 P 23.65 41.48 4524
236 P 23.82 41.47 4602
237 P 23.96 41.34 4504
238 P 23.79 41.42 6608
239 P 23.83 41.43 2233
240 P 24.10 41.28 5087
241 P 24.25 41.24 5051
242 P 24.26 41.17 4651
243 P 24.18 41.27 6180
244 P 23.40 41.39 4799
245 P 23.48 41.44 1662
246 P 24.29 41.40 4230
247 P 24.20 41.36 5351
248 P 24.17 41.37 4358
249 P 24.23 41.36 4475
250 P 23.80 41.38 4426
251 P 24.08 41.39 1798
252 P 23.84 41.25 5235
253 P 24.06 41.22 4646
254 P 23.97 41.24 4289
255 P 26.88 40.80 3282
% Nframe | type | QP | PSNR | size (Bytes) 
25 P 22.68 45.06 8397
26 P 22.55 44.69 8545
27 P 22.98 44.05 9377
28 P 24.03 42.93 9498
29 P 25.62 40.83 10198
30 P 26.61 40.49 6426
31 P 26.35 41.10 6487
32 P 26.38 41.43 6290
33 P 26.02 41.73 5451
34 P 26.13 42.00 4809
35 P 25.99 42.06 3907
36 P 25.89 42.13 3240
37 P 25.77 42.20 3183
38 P 25.82 41.96 3405
39 P 27.60 41.28 3651
40 P 28.64 40.28 3294
41 P 29.54 39.64 3240
42 P 29.44 39.27 3001
43 P 29.61 38.82 2983
44 P 29.75 39.01 2481
45 P 29.77 39.32 2406
46 P 29.35 39.41 2539
47 P 29.53 39.56 2435
48 P 28.84 39.94 2429
49 P 28.95 39.79 2555
50 P 28.82 39.62 3223
51 P 28.69 39.23 3616
52 P 28.42 39.07 4141
53 P 28.62 39.08 3995
54 P 28.16 39.44 3745
55 P 28.24 39.66 2912
56 P 27.23 39.88 2593
57 P 27.48 39.84 2592
58 P 27.34 39.72 2829
59 P 27.00 39.81 2720
60 P 27.10 39.84 3046
61 P 26.83 39.94 2948
62 P 27.23 40.05 2885
63 P 27.07 39.96 3266
64 P 27.28 39.71 3475
65 P 27.20 39.43 3200
66 P 27.39 39.49 2578
67 P 27.56 39.65 2003
68 P 26.85 39.88 2813
69 P 27.03 39.67 3386
70 P 26.69 39.89 4342
71 P 26.26 39.86 5537
72 P 26.12 39.82 5606
73 P 25.90 39.72 5625
74 P 26.19 39.77 5549
75 P 25.99 39.89 4406
76 P 25.97 40.05 4064
77 P 25.16 40.28 3641
78 P 25.47 40.41 3620
79 P 25.16 40.33 4007
80 P 25.15 40.06 4105
81 P 24.63 40.10 3350
82 P 25.51 40.17 2398
83 P 25.77 40.28 2579
84 P 26.37 40.33 2787
85 P 26.32 40.33 2932
86 P 26.06 40.49 3565
87 P 26.32 40.51 3939
88 P 25.88 40.51 4240
89 P 25.78 40.42 4620
90 P 26.00 40.28 4995
91 P 25.66 40.08 5396
92 P 25.62 40.06 5184
93 P 25.06 40.01 4468
94 P 25.18 40.06 4228
95 P 24.50 40.25 4024
96 P 24.47 40.35 3462
97 P 24.07 40.53 3450
98 P 24.72 40.69 2898
99 P 24.12 40.85 2878
100 P 24.04 40.89 3003
101 P 24.42 40.81 2770
102 P 23.95 40.82 3039
103 P 23.96 40.74 2804
104 P 24.47 40.65 3243
105 P 24.27 40.60 2766
106 P 24.35 40.55 3096
107 P 24.15 40.58 2704
108 P 24.39 40.69 1938
109 P 24.79 40.71 2435
110 P 24.27 40.71 2251
111 P 23.61 40.80 2223
112 P 24.12 40.85 1945
113 P 24.04 40.86 2465
114 P 23.74 40.84 3154
115 P 23.80 40.84 2737
116 P 23.81 40.92 2522
117 P 23.33 41.04 2480
118 P 23.19 41.13 2233
119 P 22.87 41.19 2545
120 P 22.74 41.24 2662
121 P 22.63 41.32 2913
122 P 22.60 41.34 3477
123 P 22.75 41.26 4174
124 P 22.96 41.21 4638
125 P 22.82 41.29 5020
126 P 22.61 41.31 4684
127 P 22.12 41.36 4064
128 P 22.11 41.42 3478
129 P 21.60 41.54 4321
130 P 21.62 41.63 3563
131 P 21.53 41.69 4147
132 P 21.52 41.71 4302
133 P 21.52 41.72 3631
134 P 21.35 41.79 3258
135 P 21.63 41.85 3190
136 P 21.42 41.91 2748
137 P 21.43 41.95 2863
138 P 21.47 41.92 2859
139 P 21.31 41.92 3477
140 P 20.98 41.97 2230
141 P 21.03 42.07 2194
142 P 20.79 42.02 3061
143 P 20.92 42.01 3249
144 P 21.02 42.02 3810
145 P 20.95 42.12 3159
146 P 20.98 42.16 3171
147 P 21.01 42.20 3168
148 P 20.69 42.21 3191
149 P 20.75 42.14 3137
150 P 21.08 42.23 3823
151 P 20.67 42.27 3300
152 P 21.03 42.36 3790
153 P 20.48 42.32 4103
154 P 20.76 42.37 5129
155 P 20.58 42.41 4114
156 P 20.77 42.53 3335
157 P 20.26 42.55 4373
158 P 20.57 42.54 4571
159 P 20.15 42.63 3707
160 P 20.29 42.83 3877
161 P 20.13 42.78 4039
162 P 20.27 42.89 2738
163 P 20.22 42.94 3192
164 P 19.91 42.95 2944
165 P 20.15 42.92 3235
166 P 20.09 42.86 3270
167 P 19.84 42.85 3789
168 P 19.92 42.91 3947
169 P 19.83 42.91 3862
170 P 19.84 42.97 3215
171 P 20.04 43.06 2979
172 P 19.72 43.02 3570
173 P 19.42 43.01 3800
174 P 19.78 42.99 3693
175 P 19.49 43.03 3913
176 P 19.45 43.12 5652
177 P 19.60 43.18 4892
178 P 19.34 43.25 3267
179 P 19.46 43.26 2822
180 P 19.32 43.26 3848
181 P 19.19 43.23 4622
182 P 19.32 43.29 4117
183 P 19.52 43.31 3963
184 P 18.90 43.43 3717
185 P 19.07 43.51 2676
186 P 19.18 43.55 2510
187 P 18.80 43.64 3179
188 P 18.83 43.66 2456
189 P 18.95 43.51 3482
190 P 19.06 43.42 4923
191 P 19.43 43.37 5635
192 P 19.21 43.37 6518
193 P 19.17 43.39 5990
194 P 19.16 43.39 5614
195 P 18.83 43.47 5356
196 P 18.65 43.51 4695
197 P 18.64 43.62 3611
198 P 18.43 43.65 4751
199 P 18.84 43.64 5044
200 P 18.65 43.64 6303
201 P 18.45 43.66 5355
202 P 18.53 43.68 5590
203 P 18.36 43.71 5460
204 P 18.54 43.69 5599
205 P 18.55 43.68 4935
206 P 18.50 43.70 5234
207 P 18.47 43.68 5521
208 P 18.57 43.62 6376
209 P 18.44 43.58 6727
210 P 18.40 43.62 6234
211 P 18.30 43.71 6152
212 P 18.36 43.67 5601
213 P 18.51 43.57 6469
214 P 18.30 43.65 7629
215 P 18.60 43.59 6683
216 P 18.29 43.67 6202
217 P 18.43 43.78 6038
218 P 18.27 43.82 3677
219 P 18.32 43.88 3760
220 P 18.56 43.78 4749
221 P 18.50 43.71 4648
222 P 18.59 43.65 5174
223 P 18.49 43.68 6091
224 P 18.68 43.64 5219
225 P 18.41 43.62 5838
226 P 18.59 43.60 5599
227 P 18.82 43.57 5171
228 P 18.58 43.56 5866
229 P 18.76 43.47 5875
230 P 18.65 43.47 6373
231 P 18.93 43.50 5542
232 P 18.71 43.60 5459
233 P 18.68 43.62 5274
234 P 18.69 43.67 4333
235 P 18.70 43.70 3452
236 P 18.56 43.72 3178
237 P 18.52 43.71 4239
238 P 18.59 43.59 5154
239 P 18.97 43.59 5941
240 P 18.84 43.59 5084
241 P 18.63 43.65 3594
242 P 18.84 43.64 3807
243 P 18.53 43.65 3989
244 P 18.78 43.75 2745
245 P 18.60 43.78 2738
246 P 18.56 43.79 2660
247 P 18.38 43.81 3083
248 P 18.53 43.80 3379
249 P 18.37 43.81 3300
250 P 18.25 43.83 2371
251 P 18.21 43.85 2550
252 P 18.54 43.87 2330
253 P 18.63 43.81 3417
254 P 18.62 43.80 2805
255 P 18.53 43.83 2849
256 P 18.44 43.83 3263
257 P 18.33 43.87 3133
258 P 18.31 43.83 4327
259 P 18.38 43.83 3506
260 P 18.14 43.84 3936
261 P 18.05 43.85 4077
262 P 18.19 43.86 4317
263 P 18.02 43.99 4028
264 P 17.99 44.02 3605
265 P 17.86 44.10 2900
266 P 17.92 44.09 3933
267 P 17.83 44.05 4817
268 P 17.88 44.07 4559
269 P 17.77 44.07 5551
270 P 17.86 44.09 6232
271 P 17.92 44.10 5347
272 P 17.83 44.14 5512
273 P 17.57 44.13 6011
274 P 17.69 44.14 6397
275 P 17.74 44.16 6491
276 P 17.57 44.13 6412
277 P 17.55 44.19 6197
278 P 17.38 44.18 7112
279 P 17.46 44.14 7931
280 P 17.50 44.19 9107
281 P 17.48 44.16 9042
282 P 17.53 44.20 10135
283 P 17.37 44.17 10205
284 P 17.69 44.13 10413
285 P 17.75 44.10 10811
286 P 17.68 44.18 10518
287 P 17.71 44.23 10157
288 P 17.67 44.28 11368
289 P 17.71 44.26 12401
290 P 17.85 44.26 12420
291 P 17.87 44.28 11652
292 P 17.91 44.18 11203
293 P 18.08 44.20 11193
294 P 18.17 44.05 10985
295 P 18.28 43.96 11143
296 P 18.31 43.87 10743
297 P 18.67 43.77 11229
298 P 18.64 43.72 11401
299 P 18.76 43.65 11413
300 P 18.68 43.54 10722
301 P 19.03 43.48 10696
302 P 19.02 43.35 10369
303 P 19.23 43.35 9889
304 P 19.35 43.30 10121
305 P 19.41 43.22 9897
306 P 19.69 43.07 9568
307 P 19.86 43.08 8918
308 P 19.58 43.20 8340
309 P 19.70 43.22 6345
310 P 19.83 43.16 5677
311 P 19.94 43.15 6487
312 P 20.31 43.12 6749
313 P 20.29 43.03 6951
314 P 20.43 42.96 7316
315 P 20.36 42.89 7536
316 P 20.51 42.83 7405
317 P 20.45 42.72 7303
318 P 20.26 42.68 5726
319 P 20.70 42.63 5002
320 P 20.75 42.62 5071
321 P 20.68 42.52 5418
322 P 20.67 42.44 5329
323 P 20.92 42.42 4733
324 P 20.98 42.39 4909
325 P 20.72 42.45 4677
326 P 20.87 42.43 4435
327 P 20.74 42.39 4362
328 P 21.05 42.34 4765
329 P 21.03 42.26 4411
330 P 20.68 42.28 4031
331 P 20.78 42.28 3707
332 P 20.68 42.32 3948
333 P 21.21 42.32 4210
334 P 20.96 42.34 4256
335 P 20.83 42.37 4776
336 P 20.99 42.42 4866
337 P 20.93 42.43 4560
338 P 20.89 42.40 4380
339 P 20.82 42.40 4842
340 P 20.70 42.40 4559
341 P 20.75 42.45 4839
342 P 20.98 42.39 4722
343 P 20.79 42.34 4838
344 P 20.89 42.37 4829
345 P 21.06 42.46 4967
346 P 21.05 42.47 4588
347 P 20.89 42.41 5716
348 P 20.66 42.45 5530
349 P 21.02 42.44 5400
350 P 20.66 42.45 5431
351 P 20.80 42.43 3909
352 P 20.75 42.46 3257
353 P 20.97 42.51 3726
354 P 21.85 41.90 1740
