% Nframe | type | QP | PSNR | size (Bytes) 
0 I 21.45 42.88 16225
1 P 21.85 42.34 1366
2 P 22.36 42.08 2371
3 P 21.94 42.12 3223
4 P 21.99 42.10 3302
5 P 21.79 42.12 3362
6 P 22.52 42.13 3321
7 P 22.25 41.94 3173
8 P 22.55 41.85 3304
9 P 22.50 41.81 3418
10 P 23.06 41.83 3426
11 P 22.51 41.95 4066
12 P 28.81 40.25 1400
13 P 24.59 41.36 4094
14 P 21.22 42.21 4850
15 P 20.02 42.85 4663
16 P 19.10 43.55 5616
17 P 18.52 44.04 7424
18 P 18.03 44.37 8412
19 P 17.54 44.52 9167
20 P 17.30 44.72 9047
21 P 16.70 44.92 8027
22 P 16.38 45.19 10080
23 P 16.27 45.49 11215
24 P 15.64 45.79 11300
25 P 15.46 45.75 12677
26 P 15.42 45.73 11220
27 P 15.33 45.87 10702
28 P 15.21 45.92 11040
29 P 15.34 45.89 11797
30 P 15.45 45.71 12884
31 P 15.79 45.65 12322
32 P 15.85 45.75 11063
33 P 15.99 45.71 10636
34 P 16.14 45.52 11611
35 P 16.27 45.26 11623
36 P 16.34 45.23 10982
37 P 16.71 45.12 8404
38 P 17.15 45.09 7548
39 P 17.08 45.01 8241
40 P 17.24 45.00 8375
41 P 17.65 44.86 7915
42 P 17.69 44.81 7449
43 P 17.87 44.71 6978
44 P 18.00 44.65 6752
45 P 17.90 44.69 7143
46 P 18.24 44.45 6898
47 P 18.46 44.27 6453
48 P 18.84 44.15 5461
49 P 19.21 44.35 4862
50 P 18.60 44.42 5456
51 P 18.75 44.27 6905
52 P 18.72 44.23 7040
53 P 18.71 44.16 6089
54 P 18.70 44.15 6672
55 P 18.76 44.16 6696
56 P 18.28 44.15 6243
57 P 18.70 44.07 6765
58 P 18.40 44.12 7011
59 P 18.49 44.19 8187
60 P 18.12 44.39 9135
61 P 18.29 44.37 9368
62 P 17.96 44.23 9050
63 P 18.31 44.32 8956
64 P 18.11 44.26 8010
65 P 17.83 44.16 7539
66 P 18.30 44.26 8083
67 P 18.02 44.32 7807
68 P 17.98 44.37 7212
69 P 17.92 44.28 8189
70 P 18.12 44.23 8375
71 P 18.07 44.22 8438
72 P 18.02 44.22 8781
73 P 18.20 44.10 7751
74 P 18.21 44.00 7591
75 P 18.23 44.05 8381
76 P 18.54 44.09 9038
77 P 18.50 44.35 9849
78 P 18.19 44.56 10266
79 P 18.35 44.41 10147
80 P 18.15 44.17 10986
81 P 18.30 44.00 11042
82 P 18.23 43.77 10607
83 P 18.36 43.88 10347
84 P 18.74 44.00 9335
85 P 18.44 44.06 8769
86 P 18.41 44.25 8441
87 P 18.46 44.20 8394
88 P 18.40 44.12 8663
89 P 18.55 43.98 8446
90 P 18.70 43.86 8385
91 P 18.77 43.73 8816
92 P 18.70 43.73 8984
93 P 18.92 43.66 8363
94 P 19.09 43.72 6919
95 P 19.04 43.75 6863
96 P 18.84 43.75 6584
97 P 19.41 43.84 6164
98 P 19.27 43.64 6691
99 P 19.32 43.51 6949
100 P 19.36 43.42 7017
101 P 19.49 43.44 6599
102 P 19.31 43.38 6598
103 P 19.19 43.57 7423
104 P 19.47 43.54 7723
105 P 19.38 43.41 7989
106 P 19.28 43.52 7145
107 P 19.44 43.49 6852
108 P 19.40 43.42 6901
109 P 19.01 43.48 7068
110 P 19.38 43.50 7104
111 P 18.89 43.56 7043
112 P 19.23 43.59 6550
113 P 19.14 43.60 6497
114 P 18.95 43.65 6132
115 P 19.23 43.77 5989
116 P 19.18 43.75 6179
117 P 19.21 43.77 6647
118 P 19.70 43.70 6395
119 P 19.58 43.64 7181
120 P 19.42 43.53 6990
121 P 19.24 43.52 7014
122 P 19.80 43.56 7084
123 P 19.28 43.60 6206
124 P 19.87 43.71 5743
125 P 19.47 43.55 6120
126 P 19.58 43.53 6387
127 P 19.72 43.51 6890
128 P 19.23 43.66 7545
129 P 18.86 43.96 7451
130 P 19.36 44.24 7361
131 P 19.31 44.28 7414
132 P 19.83 44.05 7412
133 P 20.30 43.99 7651
134 P 20.23 43.88 6944
135 P 19.48 43.94 6275
136 P 19.25 43.92 6863
137 P 19.23 43.88 6563
138 P 19.65 43.85 6165
139 P 19.63 43.85 5549
140 P 19.84 43.85 7155
141 P 19.54 43.88 7801
142 P 19.51 43.96 7869
143 P 19.72 44.14 7186
144 P 19.58 44.23 7820
145 P 19.23 44.23 8029
146 P 19.04 44.32 8783
147 P 18.74 44.47 10203
148 P 18.83 44.10 11215
149 P 18.92 43.87 12267
150 P 18.63 43.94 12198
151 P 18.53 44.13 11511
152 P 18.49 44.15 10730
153 P 18.41 44.30 11372
154 P 18.48 44.43 11396
155 P 18.36 44.69 11133
156 P 18.35 44.83 10815
157 P 18.48 44.87 10401
158 P 18.42 45.03 10756
159 P 18.43 45.20 11070
160 P 18.70 45.21 10728
161 P 18.51 45.43 11678
162 P 18.22 46.16 11420
163 P 17.97 46.77 10219
164 P 17.29 47.55 9714
165 P 16.97 48.36 8236
166 P 16.82 48.29 7828
167 P 16.80 48.08 8022
168 P 16.79 48.11 8188
169 P 16.87 47.57 8775
170 P 17.20 47.23 9495
171 P 17.45 47.11 9707
172 P 17.76 46.60 9630
173 P 18.07 46.45 9254
174 P 18.92 45.64 10894
175 P 19.03 45.22 11267
176 P 19.17 45.08 11202
177 P 19.29 45.04 11053
178 P 19.33 44.81 11212
179 P 19.40 44.47 11559
180 P 19.53 44.25 11774
181 P 19.59 43.97 12959
182 P 19.77 43.77 12750
183 P 19.99 43.63 12176
184 P 20.38 43.30 13099
185 P 20.45 43.02 13284
186 P 20.58 42.85 13362
187 P 20.76 42.67 12477
188 P 20.73 42.74 11811
189 P 20.79 42.77 10712
190 P 20.81 42.70 11172
191 P 20.97 42.41 11299
192 P 21.04 42.16 12090
193 P 21.35 41.91 11912
194 P 21.67 41.71 11058
195 P 21.91 41.57 11025
196 P 21.98 41.51 12405
197 P 22.12 41.31 12919
198 P 22.23 41.23 10675
199 P 22.48 40.93 11375
200 P 22.65 40.53 12759
201 P 22.73 39.89 15641
202 P 22.90 39.17 17440
203 P 23.01 38.64 20455
204 P 23.29 37.85 19531
205 P 23.47 37.68 16387
206 P 23.47 37.63 13915
207 P 23.67 37.43 14141
208 P 23.81 37.23 11870
209 P 23.72 37.25 12874
210 P 23.94 37.26 9628
211 P 23.95 37.20 9429
212 P 23.93 37.37 8605
213 P 24.00 37.30 6499
214 P 24.11 37.23 7862
215 P 24.34 37.17 7241
216 P 24.69 37.07 7046
217 P 24.55 36.97 5591
218 P 24.65 36.96 4994
219 P 24.85 36.92 2733
220 P 24.65 37.00 1625
221 P 24.55 37.03 1627
222 P 24.98 37.04 1142
223 P 25.09 37.17 961
224 P 24.88 37.16 1039
225 P 25.11 37.08 2081
226 P 25.06 36.87 3734
227 P 24.98 36.91 3333
228 P 24.93 36.85 4426
229 P 25.08 36.90 2600
230 P 24.80 36.92 2679
231 P 24.50 37.08 1302
232 P 24.54 37.03 1474
233 P 24.24 37.12 1725
234 P 24.32 37.22 1434
235 P 24.69 37.10 2498
236 P 24.37 37.17 2110
237 P 24.50 37.19 4199
238 P 24.47 37.21 3733
239 P 24.32 37.19 4284
240 P 24.37 37.15 5436
241 P 24.24 37.14 5114
242 P 24.22 37.23 5964
243 P 24.19 37.24 5798
244 P 24.03 37.33 6412
245 P 23.81 37.45 4169
246 P 23.88 37.45 4205
247 P 25.78 36.70 1992
% Nframe | type | QP | PSNR | size (Bytes) 
25 P 14.46 47.14 5025
26 P 13.51 47.18 9630
27 P 14.31 47.11 8717
28 P 13.92 46.99 8245
29 P 14.45 47.08 9653
30 P 14.63 47.17 8124
31 P 14.61 47.07 4139
32 P 14.83 46.86 8014
33 P 15.49 46.65 7808
34 P 15.32 46.66 10200
35 P 15.74 46.50 8719
36 P 15.51 46.27 9008
37 P 15.52 46.42 10022
38 P 15.12 46.37 5019
39 P 15.54 46.14 11218
40 P 15.45 46.20 9738
41 P 15.57 46.26 9086
42 P 15.38 46.31 8986
43 P 14.92 46.39 9227
44 P 16.26 46.35 9304
45 P 15.99 46.40 9651
46 P 15.64 46.38 9367
47 P 15.60 46.39 9076
48 P 15.56 46.43 10514
49 P 15.82 46.36 4789
50 P 16.30 46.30 8829
51 P 16.19 46.30 8687
52 P 16.13 46.14 8474
53 P 16.32 45.87 9356
54 P 15.71 46.26 14559
55 P 15.56 46.22 4723
56 P 15.70 45.92 8672
57 P 15.62 45.76 8240
58 P 15.39 45.79 9808
59 P 15.43 45.75 9321
60 P 15.33 45.63 9004
61 P 15.52 45.67 9321
62 P 15.43 45.66 9879
63 P 15.01 45.61 9150
64 P 15.35 45.63 8781
65 P 15.56 45.70 8375
66 P 15.38 45.65 7995
67 P 15.61 45.64 8486
68 P 15.32 45.57 8546
69 P 15.90 45.53 8311
70 P 15.37 45.47 8597
71 P 17.55 45.36 8649
72 P 15.61 45.74 10206
73 P 16.95 45.71 4161
74 P 16.91 45.42 8055
75 P 17.75 45.56 7993
76 P 16.48 45.47 7677
77 P 16.33 45.44 8385
78 P 16.20 45.71 7627
79 P 17.56 45.69 3413
80 P 17.09 45.46 7393
81 P 17.74 45.44 6758
82 P 16.51 45.50 8237
83 P 17.16 45.46 6934
84 P 16.57 45.47 7091
85 P 16.67 45.41 7406
86 P 17.60 45.44 7167
87 P 17.52 45.38 7083
88 P 18.02 45.43 7484
89 P 17.81 45.45 6703
90 P 17.72 45.42 6647
91 P 17.88 45.40 7627
92 P 17.70 45.36 7849
93 P 17.75 45.30 7972
94 P 17.12 45.34 7949
95 P 18.02 45.28 7452
96 P 17.11 45.66 9943
97 P 17.83 45.65 3820
98 P 16.81 45.46 8435
99 P 18.41 45.47 9018
100 P 17.63 45.31 8804
101 P 18.04 45.47 10230
102 P 16.35 45.56 9882
103 P 17.12 45.52 4512
104 P 17.68 45.28 8413
105 P 16.61 45.47 9913
106 P 16.52 45.49 8637
107 P 16.93 45.49 8565
108 P 17.38 45.21 8064
109 P 17.76 45.74 13063
110 P 17.42 45.55 8264
111 P 17.55 45.56 8368
112 P 17.55 45.53 7405
113 P 17.85 45.40 7354
114 P 18.05 45.39 7764
115 P 18.40 45.55 7576
116 P 18.19 45.46 7907
117 P 17.52 45.35 7988
118 P 18.24 45.36 8490
119 P 18.70 45.40 8106
120 P 17.76 45.36 7616
121 P 17.42 45.32 7314
122 P 17.93 45.35 7051
123 P 18.54 45.42 7699
124 P 17.93 45.51 7406
125 P 17.93 45.55 3550
126 P 18.41 45.45 6493
127 P 18.52 45.41 6559
128 P 17.59 45.45 7129
129 P 17.60 45.44 6454
130 P 17.37 45.56 7258
131 P 17.98 45.55 3546
132 P 17.64 45.38 7327
133 P 17.52 45.41 8797
134 P 17.85 45.45 7508
135 P 17.62 45.42 7284
136 P 17.74 45.42 7057
137 P 17.26 45.53 6527
138 P 17.38 45.59 6362
139 P 17.55 45.56 6631
140 P 17.77 45.52 6205
141 P 17.50 45.52 6682
142 P 17.33 45.72 8260
143 P 17.55 45.67 4570
144 P 17.61 45.64 7009
145 P 17.21 45.63 6097
146 P 17.19 45.54 5849
147 P 17.33 45.55 6861
148 P 17.29 45.67 6336
149 P 16.99 45.73 3063
150 P 17.42 45.59 6153
151 P 17.27 45.56 6369
152 P 17.38 45.58 7517
153 P 17.60 45.50 7081
154 P 17.46 45.61 7216
155 P 17.55 45.64 3702
156 P 17.56 45.46 6468
157 P 17.16 45.59 9131
158 P 17.70 45.56 7382
159 P 17.88 45.56 7231
160 P 17.70 45.56 7450
161 P 17.03 45.65 7614
162 P 17.46 45.48 6121
163 P 16.70 45.66 12506
164 P 16.45 45.49 8058
165 P 16.97 45.48 7117
166 P 16.39 45.74 9402
167 P 16.44 45.75 3378
168 P 16.57 45.58 8052
169 P 17.09 45.51 7948
170 P 17.27 45.38 7952
171 P 17.33 45.47 9681
172 P 17.04 45.60 8899
173 P 16.62 45.49 5413
174 P 17.18 45.43 8612
175 P 16.90 45.40 8684
176 P 16.77 45.44 10265
177 P 16.83 45.54 9049
178 P 16.60 45.71 9453
179 P 17.01 45.72 3754
180 P 16.89 45.52 7601
181 P 16.71 45.54 8488
182 P 16.80 45.49 7249
183 P 16.86 45.53 7603
184 P 17.67 45.48 7345
185 P 17.52 45.53 8228
186 P 17.77 45.50 8431
187 P 17.56 45.45 8317
188 P 17.52 45.49 8631
189 P 17.58 45.38 7470
190 P 17.22 45.54 9520
191 P 16.61 45.62 3660
192 P 17.05 45.43 7466
193 P 16.97 45.44 7790
194 P 17.55 45.40 7663
195 P 17.30 45.52 9185
196 P 17.11 45.68 8810
197 P 16.88 45.65 4340
198 P 17.25 45.49 7851
199 P 17.33 45.43 7465
200 P 17.55 45.59 9208
201 P 17.16 45.53 8370
202 P 17.24 45.59 8883
203 P 16.73 45.56 6191
204 P 16.95 45.56 9832
205 P 17.29 45.47 9211
206 P 17.52 45.51 7516
207 P 17.42 45.52 7394
208 P 17.90 45.60 7202
209 P 17.55 45.37 6473
210 P 17.71 46.04 10009
211 P 17.30 45.93 6230
212 P 17.15 45.89 6599
213 P 17.05 45.85 7031
214 P 16.88 46.17 9366
215 P 16.96 46.11 2893
216 P 17.38 45.91 7194
217 P 16.78 45.90 7306
218 P 17.16 45.82 6549
219 P 17.63 45.86 7861
220 P 17.14 45.96 6996
221 P 17.15 45.98 2834
222 P 17.26 45.81 7059
223 P 17.04 45.75 7537
224 P 17.10 45.78 9073
225 P 17.69 45.75 8713
226 P 16.68 45.86 9091
227 P 16.90 45.84 3785
228 P 16.75 45.80 10059
229 P 16.89 45.86 8192
230 P 16.80 45.84 7162
231 P 16.95 45.84 7010
232 P 16.85 45.80 6814
233 P 16.47 45.94 6968
234 P 16.81 45.96 6447
235 P 16.93 45.90 6513
236 P 17.27 45.90 6944
237 P 17.30 45.75 7012
238 P 17.75 45.83 9048
239 P 17.07 45.88 3900
240 P 17.30 45.75 7917
241 P 17.62 45.73 7457
242 P 17.19 45.68 6877
243 P 17.29 45.76 8635
244 P 16.88 45.94 7404
245 P 17.24 45.88 2773
246 P 17.02 45.84 6785
247 P 16.73 45.85 7779
248 P 17.16 45.78 6563
249 P 17.23 45.79 6741
250 P 16.70 45.83 7177
251 P 16.58 45.81 3263
252 P 16.91 45.68 7732
253 P 17.03 45.69 7458
254 P 17.25 45.67 6717
255 P 18.13 45.13 4991
% Nframe | type | QP | PSNR | size (Bytes) 
25 P 15.25 47.54 12301
26 P 15.32 47.32 12431
27 P 15.70 46.84 13010
28 P 16.35 46.01 13298
29 P 16.90 44.67 14892
30 P 17.91 44.26 11118
31 P 18.41 44.37 10456
32 P 18.60 44.53 9647
33 P 18.63 44.72 8409
34 P 18.71 45.00 7026
35 P 18.46 45.16 5833
36 P 18.57 45.27 4929
37 P 19.10 45.44 5039
38 P 18.93 45.22 4988
39 P 19.23 44.65 5426
40 P 19.53 43.89 5465
41 P 19.91 43.38 5290
42 P 20.33 42.98 5105
43 P 20.66 42.71 5343
44 P 20.73 42.78 4171
45 P 20.85 43.04 4481
46 P 20.52 43.18 4321
47 P 20.68 43.25 4060
48 P 20.44 43.46 4151
49 P 20.15 43.44 4323
50 P 20.39 43.38 5275
51 P 20.33 43.10 6382
52 P 19.90 43.06 6875
53 P 19.94 43.14 6973
54 P 19.88 43.30 5992
55 P 19.78 43.53 4770
56 P 19.24 43.69 4323
57 P 19.15 43.70 4508
58 P 18.90 43.62 4690
59 P 18.82 43.79 4725
60 P 18.65 43.83 4874
61 P 18.43 44.02 5214
62 P 18.27 44.10 5123
63 P 18.25 43.98 5637
64 P 18.39 43.81 5967
65 P 18.57 43.63 5437
66 P 18.38 43.73 4680
67 P 18.48 43.74 4264
68 P 18.44 43.90 5957
69 P 18.07 43.81 6408
70 P 17.83 43.90 7675
71 P 17.82 43.76 9054
72 P 17.98 43.84 9006
73 P 17.58 43.95 9159
74 P 17.73 43.97 8544
75 P 17.57 44.16 7448
76 P 17.48 44.29 6754
77 P 17.40 44.43 6155
78 P 17.25 44.47 6466
79 P 17.04 44.53 7271
80 P 17.25 44.40 7144
81 P 17.26 44.37 5509
82 P 17.21 44.48 5121
83 P 17.35 44.45 5375
84 P 17.65 44.43 6116
85 P 17.69 44.36 5964
86 P 17.74 44.38 6738
87 P 17.58 44.34 7029
88 P 17.38 44.24 7118
89 P 17.22 44.28 7628
90 P 17.21 44.26 8063
91 P 17.41 44.30 8691
92 P 17.26 44.24 7733
93 P 17.24 44.27 7478
94 P 16.98 44.29 6966
95 P 16.98 44.45 6800
96 P 16.97 44.44 6001
97 P 16.82 44.53 5951
98 P 16.82 44.71 4872
99 P 16.80 44.75 5194
100 P 16.78 44.71 5818
101 P 16.75 44.71 5940
102 P 16.99 44.74 5123
103 P 16.93 44.76 4332
104 P 16.80 44.63 5017
105 P 17.04 44.50 6088
106 P 17.09 44.53 5692
107 P 16.91 44.56 4302
108 P 16.79 44.68 3840
109 P 16.64 44.66 4448
110 P 17.00 44.58 4249
111 P 16.79 44.62 4744
112 P 16.62 44.65 4338
113 P 16.68 44.65 5032
114 P 16.41 44.81 6147
115 P 16.50 44.75 4647
116 P 16.37 44.82 4312
117 P 16.33 44.83 4400
118 P 16.30 44.85 4639
119 P 16.24 45.01 5402
120 P 16.13 45.02 5368
121 P 16.08 44.98 5530
122 P 16.04 45.05 6184
123 P 15.95 45.05 7215
124 P 15.88 45.07 7382
125 P 15.83 45.18 7166
126 P 15.82 45.16 6496
127 P 15.83 45.18 6267
128 P 15.61 45.22 6462
129 P 15.60 45.27 6545
130 P 15.60 45.33 5670
131 P 15.40 45.41 5758
132 P 15.27 45.46 6251
133 P 15.44 45.43 4709
134 P 15.39 45.48 5240
135 P 15.33 45.48 5718
136 P 15.38 45.50 6047
137 P 15.29 45.45 5585
138 P 15.29 45.48 5948
139 P 15.29 45.59 6056
140 P 15.08 45.58 3535
141 P 15.14 45.70 3578
142 P 14.97 45.67 4962
143 P 15.13 45.72 6096
144 P 15.09 45.74 6119
145 P 14.87 45.80 5067
146 P 14.88 45.90 5338
147 P 14.93 45.89 4745
148 P 14.87 45.91 4663
149 P 14.95 45.84 5413
150 P 14.84 45.83 6373
151 P 15.00 45.79 6414
152 P 14.79 45.90 7003
153 P 14.55 45.97 7747
154 P 14.56 45.93 7583
155 P 14.53 46.01 6063
156 P 14.37 46.09 5467
157 P 14.33 46.13 6395
158 P 14.32 46.15 6743
159 P 14.21 46.17 5078
160 P 14.24 46.32 5439
161 P 14.18 46.31 5844
162 P 14.29 46.33 3902
163 P 14.16 46.40 4193
164 P 14.20 46.41 4196
165 P 14.30 46.33 4426
166 P 13.92 46.30 5210
167 P 14.28 46.31 5401
168 P 14.21 46.39 5843
169 P 14.20 46.45 5729
170 P 14.04 46.39 4305
171 P 13.87 46.46 4519
172 P 13.99 46.52 5990
173 P 13.94 46.52 6483
174 P 14.10 46.48 6400
175 P 13.93 46.52 6775
176 P 13.76 46.61 8170
177 P 13.72 46.68 6443
178 P 13.64 46.71 4578
179 P 13.52 46.77 4261
180 P 13.46 46.81 5772
181 P 13.61 46.73 6213
182 P 13.47 46.78 5476
183 P 13.50 46.79 5533
184 P 13.48 46.92 5003
185 P 13.46 46.98 3705
186 P 13.27 46.98 3654
187 P 13.16 47.06 4309
188 P 13.40 47.09 3628
189 P 13.46 46.89 5505
190 P 13.57 46.85 7508
191 P 13.46 46.87 8840
192 P 13.36 46.85 9040
193 P 13.31 46.87 7806
194 P 13.32 46.85 7411
195 P 13.14 46.96 6901
196 P 13.18 47.03 6173
197 P 13.05 47.11 5796
198 P 12.94 47.15 6681
199 P 12.88 47.12 7379
200 P 12.85 47.21 8801
201 P 12.88 47.19 7465
202 P 12.80 47.15 8758
203 P 12.98 47.20 9285
204 P 12.94 47.14 9336
205 P 13.10 47.16 9657
206 P 12.96 47.15 9961
207 P 12.88 47.19 10571
208 P 12.88 47.18 10568
209 P 12.81 47.19 10506
210 P 12.79 47.24 9881
211 P 12.78 47.25 9828
212 P 12.83 47.24 9409
213 P 12.83 47.16 10751
214 P 12.83 47.17 11085
215 P 12.96 47.16 10283
216 P 13.00 47.24 9394
217 P 12.85 47.22 8249
218 P 12.74 47.27 5434
219 P 12.90 47.29 5147
220 P 13.13 47.25 7504
221 P 12.98 47.16 8371
222 P 13.17 47.08 8483
223 P 13.22 47.05 8588
224 P 13.33 47.01 9027
225 P 13.32 46.90 10310
226 P 13.35 46.84 10177
227 P 13.43 46.83 9055
228 P 13.32 46.84 9025
229 P 13.32 46.83 9018
230 P 13.39 46.85 8628
231 P 13.28 46.84 8001
232 P 13.23 46.96 8689
233 P 13.25 46.96 7433
234 P 13.30 47.00 6438
235 P 13.24 47.00 5329
236 P 13.29 47.05 4856
237 P 13.28 47.01 5681
238 P 13.28 46.92 6741
239 P 13.25 46.91 8148
240 P 13.32 46.85 6180
241 P 13.29 46.90 4931
242 P 13.39 46.94 5697
243 P 13.25 46.95 5572
244 P 13.26 47.05 3977
245 P 13.21 47.05 4217
246 P 13.34 47.09 3922
247 P 13.27 47.12 4154
248 P 13.15 47.08 4733
249 P 13.16 47.07 4448
250 P 13.07 47.11 3745
251 P 13.07 47.17 4056
252 P 13.06 47.23 4295
253 P 13.23 47.21 4817
254 P 13.13 47.15 4409
255 P 13.14 47.17 4454
256 P 13.11 47.22 5056
257 P 13.18 47.23 4201
258 P 13.14 47.24 5889
259 P 12.96 47.24 5342
260 P 13.11 47.25 5452
261 P 13.01 47.27 5935
262 P 12.74 47.26 6260
263 P 12.83 47.32 5602
264 P 12.86 47.33 4870
265 P 12.57 47.48 4850
266 P 12.80 47.43 5300
267 P 12.66 47.47 6933
268 P 12.63 47.49 7007
269 P 12.65 47.48 8323
270 P 12.46 47.48 9175
271 P 12.47 47.46 7680
272 P 12.53 47.52 7938
273 P 12.52 47.51 8865
274 P 12.49 47.50 9174
275 P 12.49 47.48 9287
276 P 12.43 47.53 9929
277 P 12.34 47.53 9463
278 P 12.34 47.53 10315
279 P 12.30 47.52 12237
280 P 12.44 47.49 12577
281 P 12.38 47.49 13125
282 P 12.57 47.48 13013
283 P 12.46 47.45 13555
284 P 12.44 47.44 13547
285 P 12.48 47.40 14069
286 P 12.51 47.39 13928
287 P 12.49 47.38 13830
288 P 12.66 47.36 13980
289 P 12.66 47.38 15182
290 P 12.72 47.37 14879
291 P 12.72 47.33 14369
292 P 12.80 47.28 14247
293 P 12.82 47.26 13797
294 P 13.01 47.21 13593
295 P 13.13 47.08 13783
296 P 13.12 47.03 13803
297 P 13.21 46.94 13817
298 P 13.23 46.94 14055
299 P 13.37 46.84 13260
300 P 13.43 46.82 13139
301 P 13.42 46.76 13004
302 P 13.66 46.68 12614
303 P 13.77 46.61 12089
304 P 13.73 46.58 12478
305 P 13.86 46.54 12022
306 P 13.97 46.47 11328
307 P 14.01 46.42 10994
308 P 14.07 46.52 10433
309 P 14.22 46.53 9094
310 P 14.15 46.51 8972
311 P 14.24 46.48 9019
312 P 14.35 46.50 10532
313 P 14.38 46.43 10278
314 P 14.46 46.38 10257
315 P 14.48 46.30 10870
316 P 14.42 46.29 10752
317 P 14.55 46.21 9711
318 P 14.64 46.13 8095
319 P 14.67 46.07 8791
320 P 14.69 46.04 8951
321 P 14.72 46.04 9107
322 P 14.67 46.03 8936
323 P 14.75 45.99 8786
324 P 14.68 46.03 8653
325 P 14.96 46.00 7810
326 P 14.88 45.97 8025
327 P 14.77 46.02 7712
328 P 14.84 45.97 7845
329 P 14.79 45.94 7190
330 P 14.85 45.88 6379
331 P 14.79 45.91 6260
332 P 14.96 45.90 6693
333 P 14.68 45.92 7662
334 P 14.79 45.90 8014
335 P 14.76 45.87 8279
336 P 14.80 45.92 8272
337 P 14.99 45.89 7676
338 P 14.90 45.92 8083
339 P 14.99 45.96 8010
340 P 14.98 45.89 7801
341 P 14.95 45.93 8279
342 P 14.91 45.91 8104
343 P 15.02 45.92 7811
344 P 14.96 45.95 7822
345 P 14.92 45.99 7978
346 P 14.81 45.99 7517
347 P 14.89 45.98 8411
348 P 14.85 45.95 8498
349 P 14.95 45.98 8238
350 P 14.84 46.02 8099
351 P 14.66 46.00 5923
352 P 14.85 46.08 5615
353 P 14.86 46.04 6280
354 P 15.79 45.16 4071
