% Nframe | type | QP | PSNR | size (Bytes) 
0 I 32.01 38.22 25911
1 P 34.63 37.81 1048
2 P 34.75 37.67 1752
3 P 35.20 37.70 2508
4 P 34.79 37.79 3191
5 P 35.49 37.76 3169
6 P 34.63 37.81 3353
7 P 34.53 37.68 2636
8 P 35.23 37.40 2582
9 P 35.74 37.08 2583
10 P 35.51 37.39 2967
11 P 34.91 37.61 3279
12 P 38.68 36.47 1217
13 P 40.83 35.48 1328
14 P 39.32 35.80 2072
15 P 37.07 36.22 1864
16 P 36.31 37.13 2380
17 P 35.68 37.61 3796
18 P 35.26 37.84 4766
19 P 33.60 37.76 5385
20 P 33.14 37.38 5462
21 P 32.29 37.62 4296
22 P 31.51 38.17 5403
23 P 30.45 38.44 8299
24 P 29.46 38.67 8619
25 P 29.06 38.67 9698
26 P 28.80 38.82 9575
27 P 28.28 39.19 8482
28 P 28.02 39.43 8491
29 P 28.39 39.31 10214
30 P 28.66 39.21 12123
31 P 28.70 39.21 11340
32 P 28.31 39.41 11864
33 P 28.31 39.40 10059
34 P 28.10 39.35 12021
35 P 28.79 39.06 11673
36 P 28.96 38.96 10436
37 P 29.04 38.80 7519
38 P 29.54 38.97 4869
39 P 29.88 39.07 6143
40 P 29.70 38.99 6309
41 P 29.85 38.88 5940
42 P 29.84 38.70 5169
43 P 30.47 38.57 4927
44 P 30.38 38.47 4450
45 P 31.35 38.43 4509
46 P 31.77 38.26 4228
47 P 32.70 37.86 4107
48 P 33.72 37.74 3637
49 P 33.31 37.96 2601
50 P 32.90 38.18 3140
51 P 32.73 38.16 4212
52 P 32.11 37.99 4620
53 P 32.89 38.00 4338
54 P 32.77 37.96 4909
55 P 32.22 37.84 4857
56 P 31.93 37.82 4808
57 P 31.67 37.92 4955
58 P 31.78 38.25 5260
59 P 32.29 38.38 6966
60 P 31.39 38.62 9176
61 P 30.73 38.53 8504
62 P 31.02 38.30 8037
63 P 30.92 38.18 8404
64 P 30.84 38.09 7569
65 P 30.86 38.05 6608
66 P 30.74 38.17 6621
67 P 30.22 38.34 6953
68 P 30.58 38.42 6295
69 P 30.76 38.37 6686
70 P 30.89 38.27 7285
71 P 30.90 38.32 7189
72 P 31.14 38.12 6925
73 P 31.50 37.84 6246
74 P 31.88 37.80 5714
75 P 32.07 38.08 6766
76 P 31.50 38.27 8006
77 P 30.83 38.52 10006
78 P 30.80 38.70 10418
79 P 30.95 38.56 10012
80 P 31.07 38.31 10843
81 P 30.90 38.07 11251
82 P 30.90 37.79 11065
83 P 31.22 37.75 9589
84 P 30.81 37.88 8871
85 P 30.91 37.94 8304
86 P 30.40 38.07 7547
87 P 30.32 38.08 7719
88 P 30.92 38.07 7778
89 P 31.34 37.88 7378
90 P 32.01 37.74 7290
91 P 32.39 37.72 7386
92 P 32.08 37.65 7415
93 P 32.12 37.48 6914
94 P 32.56 37.52 5407
95 P 32.67 37.41 5317
96 P 33.06 37.35 4392
97 P 32.95 37.42 4190
98 P 32.95 37.35 4719
99 P 32.77 37.09 4942
100 P 32.80 36.84 4958
101 P 32.66 36.82 4462
102 P 33.24 36.92 4419
103 P 33.17 37.24 5450
104 P 33.65 37.21 5734
105 P 33.25 36.97 6449
106 P 33.80 37.10 5682
107 P 33.30 37.05 5504
108 P 33.01 37.05 5385
109 P 32.51 37.03 5523
110 P 33.07 37.09 5468
111 P 32.63 37.09 5680
112 P 33.29 37.12 4992
113 P 33.00 37.16 4862
114 P 33.18 37.27 3771
115 P 33.15 37.46 3912
116 P 33.92 37.54 4162
117 P 34.09 37.51 4679
118 P 34.02 37.47 4768
119 P 34.16 37.36 5418
120 P 34.71 37.21 5361
121 P 34.09 37.19 5451
122 P 34.21 37.21 5343
123 P 34.23 37.32 4406
124 P 34.69 37.45 4002
125 P 33.28 37.42 4448
126 P 34.68 37.29 4455
127 P 33.56 37.12 5278
128 P 33.47 37.41 6355
129 P 33.88 37.60 6548
130 P 34.17 37.90 7417
131 P 33.38 38.02 7344
132 P 33.03 37.82 6563
133 P 33.56 37.57 7034
134 P 33.81 37.51 5897
135 P 33.41 37.58 5368
136 P 33.46 37.45 5680
137 P 33.52 37.47 5605
138 P 33.92 37.31 4586
139 P 34.09 37.55 3458
140 P 33.85 37.61 4661
141 P 33.51 37.76 5794
142 P 33.45 37.81 6049
143 P 33.09 38.17 5696
144 P 33.62 38.37 6577
145 P 33.37 38.45 7365
146 P 32.59 38.59 8150
147 P 32.37 38.44 9857
148 P 31.67 38.00 11327
149 P 31.36 37.82 12260
150 P 31.55 37.86 12402
151 P 31.08 38.09 11466
152 P 31.04 38.35 10118
153 P 31.08 38.66 10240
154 P 31.06 38.81 10458
155 P 30.74 39.18 11046
156 P 30.66 39.31 10286
157 P 30.69 39.58 11128
158 P 30.49 39.87 13930
159 P 30.67 40.17 15246
160 P 30.68 40.34 15791
161 P 30.79 40.46 15508
162 P 30.61 41.44 14655
163 P 30.34 41.87 12537
164 P 30.07 42.58 12029
165 P 29.79 42.95 10320
166 P 29.67 42.74 10081
167 P 30.12 42.69 9819
168 P 30.13 42.71 9860
169 P 29.71 42.26 10368
170 P 30.02 41.81 11346
171 P 30.19 41.85 13057
172 P 30.51 41.54 13235
173 P 31.17 41.41 13197
174 P 32.86 40.67 14550
175 P 32.17 39.98 14481
176 P 32.35 39.10 9754
177 P 32.90 38.90 9768
178 P 32.46 38.51 9706
179 P 33.12 38.06 10069
180 P 33.42 37.83 9900
181 P 33.75 37.38 10158
182 P 33.84 37.11 10058
183 P 34.19 36.90 10148
184 P 34.60 36.42 10064
185 P 34.53 36.02 10216
186 P 34.72 35.58 10307
187 P 35.12 35.31 10224
188 P 34.97 35.24 9030
189 P 34.69 35.43 8115
190 P 34.79 35.41 8886
191 P 35.05 35.16 8613
192 P 35.37 34.83 8867
193 P 35.52 34.53 9085
194 P 35.60 34.31 8284
195 P 35.78 34.00 7928
196 P 36.26 33.68 9016
197 P 36.52 33.41 9972
198 P 36.38 33.23 7738
199 P 36.84 33.00 8061
200 P 36.90 32.68 9461
201 P 37.28 32.16 11491
202 P 37.56 31.56 12202
203 P 38.02 30.92 14041
204 P 38.12 30.17 12526
205 P 38.11 29.70 11662
206 P 38.30 29.60 8134
207 P 38.83 28.84 8502
208 P 39.01 28.77 4965
209 P 39.16 28.83 4173
210 P 39.16 28.79 3492
211 P 39.06 28.85 3389
212 P 39.06 29.02 3557
213 P 38.99 28.99 3647
214 P 39.05 28.99 3276
215 P 38.97 28.99 2847
216 P 39.26 28.84 3132
217 P 39.21 28.70 3001
218 P 39.43 28.66 2423
219 P 39.75 28.67 1666
220 P 39.77 28.73 1191
221 P 39.82 28.76 969
222 P 39.65 28.78 897
223 P 39.87 28.86 807
224 P 39.93 28.86 630
225 P 39.33 28.91 782
226 P 39.95 28.88 1471
227 P 39.35 28.84 1893
228 P 39.94 28.85 2014
229 P 39.79 28.94 1829
230 P 39.69 28.96 1867
231 P 39.24 29.02 857
232 P 39.31 29.03 952
233 P 38.82 29.06 1032
234 P 39.11 29.08 743
235 P 39.10 29.05 1337
236 P 39.36 29.08 1174
237 P 39.36 29.04 1824
238 P 39.02 29.03 1921
239 P 38.85 29.07 2593
240 P 38.92 29.10 3008
241 P 38.74 29.12 2934
242 P 38.70 29.18 3333
243 P 38.52 29.19 3235
244 P 38.35 29.27 3841
245 P 38.18 29.31 2643
246 P 38.22 29.32 2402
247 P 39.59 29.02 664
% Nframe | type | QP | PSNR | size (Bytes) 
25 P 29.50 38.94 2145
26 P 28.50 39.11 6177
27 P 30.66 39.11 5350
28 P 29.62 39.19 5354
29 P 29.09 39.32 6661
30 P 29.07 39.43 5569
31 P 27.61 39.49 2344
32 P 28.69 39.48 5867
33 P 29.62 39.48 5762
34 P 29.53 39.58 7874
35 P 29.54 39.50 6715
36 P 30.69 39.37 6521
37 P 30.09 39.48 8413
38 P 29.68 39.47 3395
39 P 29.54 39.43 9947
40 P 29.52 39.45 8049
41 P 29.39 39.49 7598
42 P 29.37 39.58 7484
43 P 27.63 39.59 7843
44 P 29.34 39.61 7510
45 P 29.42 39.70 7384
46 P 30.28 39.71 7085
47 P 29.86 39.68 6922
48 P 30.18 39.80 9484
49 P 29.81 39.76 2994
50 P 29.51 39.74 7018
51 P 30.44 39.71 6555
52 P 29.86 39.61 6547
53 P 30.61 39.46 7341
54 P 29.13 39.55 15215
55 P 29.94 39.55 3206
56 P 29.97 39.32 6145
57 P 30.29 39.26 5883
58 P 29.49 39.23 8007
59 P 30.26 39.24 6809
60 P 30.90 39.22 6584
61 P 30.39 39.28 6878
62 P 30.34 39.23 7624
63 P 30.56 39.25 7154
64 P 30.84 39.28 6823
65 P 30.71 39.28 6570
66 P 31.37 39.15 6169
67 P 30.91 39.18 6752
68 P 31.40 39.15 6967
69 P 31.20 39.15 6858
70 P 30.83 39.13 7076
71 P 31.68 39.03 7161
72 P 30.36 39.28 9752
73 P 31.32 39.26 2460
74 P 30.39 39.06 7080
75 P 31.11 39.13 6485
76 P 31.04 39.02 6100
77 P 31.48 39.04 7558
78 P 31.29 39.14 6342
79 P 31.49 39.14 2397
80 P 31.77 38.99 5984
81 P 31.72 38.97 5361
82 P 31.60 39.01 7406
83 P 31.95 38.95 5370
84 P 32.16 38.96 5634
85 P 31.90 38.99 6013
86 P 31.86 38.96 5363
87 P 31.94 38.97 5566
88 P 32.26 38.97 5960
89 P 31.49 38.96 5031
90 P 31.96 38.99 5095
91 P 31.47 38.98 5835
92 P 31.37 39.05 6066
93 P 31.14 39.01 6066
94 P 30.82 39.02 6142
95 P 30.88 38.97 5811
96 P 30.46 39.19 8915
97 P 31.75 39.21 2284
98 P 31.06 39.14 6557
99 P 31.65 39.15 7085
100 P 31.53 39.07 7146
101 P 30.77 39.11 9120
102 P 30.79 39.15 8938
103 P 31.50 39.19 3170
104 P 31.44 39.09 6717
105 P 30.36 39.21 8757
106 P 30.47 39.18 7392
107 P 31.27 39.15 7713
108 P 31.70 39.10 6903
109 P 31.77 39.37 13281
110 P 31.45 39.27 6883
111 P 31.38 39.24 7149
112 P 31.53 39.23 6048
113 P 31.68 39.20 5846
114 P 31.36 39.18 6104
115 P 31.36 39.25 5864
116 P 31.16 39.21 6288
117 P 31.14 39.19 6588
118 P 31.05 39.11 6412
119 P 31.26 39.11 6399
120 P 31.14 39.07 5778
121 P 31.64 39.05 5623
122 P 31.61 39.00 5374
123 P 31.41 39.06 6256
124 P 31.84 39.11 5831
125 P 31.37 39.13 2011
126 P 31.76 39.10 4674
127 P 31.98 39.06 4709
128 P 31.46 39.08 5642
129 P 31.72 39.06 5093
130 P 31.19 39.17 5765
131 P 32.24 39.16 2288
132 P 32.41 39.08 5718
133 P 31.80 39.09 7048
134 P 32.62 39.12 5610
135 P 32.18 39.06 5540
136 P 32.17 39.03 5182
137 P 32.06 39.08 4749
138 P 32.75 39.12 4741
139 P 31.89 39.13 5085
140 P 31.79 39.14 4771
141 P 31.87 39.14 4937
142 P 31.68 39.26 6568
143 P 31.24 39.26 2799
144 P 31.06 39.23 5087
145 P 31.62 39.19 4260
146 P 31.64 39.14 4128
147 P 31.75 39.12 5435
148 P 31.68 39.18 4927
149 P 31.06 39.24 1632
150 P 31.65 39.18 4406
151 P 31.62 39.17 4657
152 P 31.60 39.21 5758
153 P 31.35 39.20 5450
154 P 31.26 39.26 5660
155 P 31.12 39.23 2224
156 P 31.63 39.15 5121
157 P 31.30 39.20 7472
158 P 31.30 39.23 5709
159 P 31.36 39.21 5566
160 P 30.95 39.19 5712
161 P 30.85 39.18 5893
162 P 30.82 39.19 5002
163 P 31.06 39.28 13142
164 P 30.36 39.19 6532
165 P 30.82 39.12 5730
166 P 31.05 39.30 8411
167 P 30.72 39.32 2064
168 P 30.94 39.22 6311
169 P 31.17 39.20 6325
170 P 31.33 39.18 6755
171 P 30.97 39.14 8538
172 P 30.77 39.18 7424
173 P 30.80 39.17 3833
174 P 31.35 39.15 7251
175 P 31.47 39.09 6784
176 P 30.95 39.18 9102
177 P 31.15 39.19 7209
178 P 30.88 39.25 7775
179 P 30.24 39.24 2532
180 P 30.94 39.16 6294
181 P 30.75 39.17 7607
182 P 30.96 39.15 5930
183 P 30.90 39.18 6013
184 P 30.92 39.19 5817
185 P 30.88 39.24 6502
186 P 30.81 39.24 6602
187 P 30.62 39.24 6348
188 P 30.46 39.21 6611
189 P 30.79 39.17 5885
190 P 30.58 39.23 8162
191 P 30.70 39.28 2250
192 P 30.81 39.17 5796
193 P 30.75 39.17 6255
194 P 30.55 39.16 5975
195 P 30.63 39.19 7743
196 P 30.40 39.28 7356
197 P 30.52 39.26 2747
198 P 30.33 39.16 6036
199 P 30.86 39.15 6136
200 P 30.86 39.21 8305
201 P 30.49 39.18 6909
202 P 30.87 39.19 7237
203 P 30.47 39.18 4256
204 P 30.94 39.14 8163
205 P 31.12 39.07 7917
206 P 31.41 39.13 6090
207 P 30.93 39.09 6108
208 P 31.25 39.13 6089
209 P 31.10 39.01 5135
210 P 31.09 39.55 9876
211 P 30.92 39.46 4901
212 P 30.81 39.47 5387
213 P 30.89 39.46 5653
214 P 30.44 39.65 8538
215 P 31.00 39.62 1734
216 P 30.51 39.49 5850
217 P 30.22 39.49 5932
218 P 31.00 39.45 5349
219 P 30.18 39.49 7074
220 P 30.28 39.55 5749
221 P 31.07 39.60 1541
222 P 30.53 39.55 5519
223 P 30.45 39.53 6105
224 P 30.68 39.54 7692
225 P 30.98 39.55 6745
226 P 31.08 39.58 7037
227 P 31.35 39.54 2456
228 P 30.97 39.51 8103
229 P 30.68 39.51 6352
230 P 30.56 39.53 5878
231 P 30.37 39.49 5589
232 P 30.41 39.49 5444
233 P 30.52 39.54 5268
234 P 30.51 39.54 4767
235 P 30.44 39.54 5137
236 P 30.62 39.52 5263
237 P 30.22 39.44 5357
238 P 30.33 39.54 8024
239 P 30.95 39.54 2389
240 P 30.65 39.44 6217
241 P 30.69 39.41 6320
242 P 30.89 39.37 5573
243 P 30.69 39.44 7720
244 P 30.30 39.52 5802
245 P 31.52 39.53 1961
246 P 30.86 39.49 5218
247 P 30.46 39.45 6617
248 P 30.35 39.44 5292
249 P 30.85 39.41 5276
250 P 30.75 39.42 5632
251 P 31.01 39.43 2066
252 P 30.64 39.35 6507
253 P 31.09 39.35 5727
254 P 30.87 39.34 5203
255 P 32.10 39.06 4331
% Nframe | type | QP | PSNR | size (Bytes) 
25 P 30.65 42.43 9997
26 P 30.88 41.96 9410
27 P 31.10 41.36 10113
28 P 32.04 40.36 9883
29 P 33.80 38.18 9777
30 P 34.29 37.90 5902
31 P 33.20 38.67 6627
32 P 33.24 38.91 6660
33 P 33.56 39.14 6086
34 P 33.56 39.34 5558
35 P 33.09 39.20 4445
36 P 33.09 39.29 4166
37 P 33.67 39.20 3881
38 P 33.83 39.06 3966
39 P 34.43 38.52 3980
40 P 35.40 37.77 3635
41 P 35.80 37.24 3688
42 P 35.80 36.91 3431
43 P 36.19 36.56 3526
44 P 36.02 36.75 3327
45 P 36.04 37.03 3149
46 P 36.02 37.05 3247
47 P 35.80 37.26 3120
48 P 35.48 37.65 3288
49 P 35.48 37.50 3411
50 P 35.49 37.38 4015
51 P 35.62 37.10 4228
52 P 35.64 36.93 4717
53 P 35.53 36.87 4549
54 P 35.02 37.27 4280
55 P 34.60 37.51 3251
56 P 34.35 37.73 2899
57 P 34.44 37.66 3054
58 P 34.07 37.44 2802
59 P 34.28 37.44 2970
60 P 33.83 37.42 3301
61 P 33.98 37.58 3437
62 P 33.73 37.61 3334
63 P 34.06 37.50 3819
64 P 34.14 37.31 4177
65 P 34.19 37.00 3821
66 P 34.06 36.94 3040
67 P 34.17 37.10 2527
68 P 33.88 37.36 3205
69 P 34.09 37.26 3686
70 P 33.89 37.49 4444
71 P 33.49 37.49 5841
72 P 33.49 37.42 5866
73 P 33.30 37.23 5822
74 P 33.29 37.16 5546
75 P 32.69 37.33 4974
76 P 32.73 37.46 4326
77 P 32.71 37.64 3839
78 P 32.59 37.76 3782
79 P 32.20 37.76 4285
80 P 32.02 37.35 4182
81 P 32.09 37.30 3262
82 P 32.70 37.38 2820
83 P 32.56 37.54 2787
84 P 32.52 37.72 2981
85 P 32.48 37.80 3128
86 P 32.74 38.02 3689
87 P 32.67 38.15 4247
88 P 32.35 38.17 4316
89 P 32.47 38.08 4696
90 P 32.20 37.95 5148
91 P 32.26 37.62 5785
92 P 31.97 37.49 5644
93 P 32.12 37.42 5064
94 P 31.70 37.48 4821
95 P 31.23 37.64 4720
96 P 31.77 37.72 3821
97 P 31.02 37.84 3743
98 P 30.44 38.12 3706
99 P 31.05 38.28 3227
100 P 31.16 38.35 3477
101 P 30.65 38.32 3542
102 P 31.13 38.26 3270
103 P 31.32 38.22 3438
104 P 30.92 38.11 3572
105 P 31.15 38.02 3299
106 P 31.03 37.92 3517
107 P 31.07 37.90 3107
108 P 31.21 38.04 2562
109 P 31.23 38.07 2839
110 P 31.02 38.10 2983
111 P 30.86 38.23 2436
112 P 30.50 38.39 2489
113 P 30.55 38.38 2910
114 P 30.31 38.28 3239
115 P 29.86 38.25 3205
116 P 29.65 38.33 3026
117 P 29.50 38.51 2938
118 P 29.61 38.62 2694
119 P 29.40 38.70 2907
120 P 29.26 38.77 2854
121 P 29.24 38.86 3093
122 P 29.30 38.89 3329
123 P 29.84 38.77 4070
124 P 29.75 38.76 4936
125 P 29.50 38.80 5342
126 P 29.34 38.76 4944
127 P 28.98 38.88 4887
128 P 29.10 38.97 4198
129 P 28.95 39.04 4143
130 P 28.60 39.11 3707
131 P 28.66 39.12 4027
132 P 28.57 39.10 4462
133 P 28.74 39.15 3927
134 P 28.56 39.26 3831
135 P 28.41 39.35 3803
136 P 28.40 39.48 3306
137 P 28.58 39.51 2931
138 P 28.40 39.49 2847
139 P 28.51 39.47 2892
140 P 28.17 39.51 2321
141 P 28.19 39.59 2618
142 P 28.15 39.65 2667
143 P 28.25 39.64 2783
144 P 27.94 39.63 2998
145 P 27.69 39.69 2968
146 P 27.92 39.69 2982
147 P 27.79 39.71 2874
148 P 27.62 39.73 2916
149 P 27.64 39.78 3200
150 P 27.33 39.84 3659
151 P 27.34 39.96 3457
152 P 27.58 40.02 3825
153 P 27.50 39.99 3878
154 P 27.16 40.00 4351
155 P 27.10 40.04 4073
156 P 27.09 40.10 3800
157 P 26.48 40.13 4385
158 P 26.57 40.16 4614
159 P 26.29 40.23 4071
160 P 26.27 40.34 4214
161 P 26.19 40.34 4726
162 P 26.53 40.40 3490
163 P 26.27 40.39 3958
164 P 26.25 40.45 3705
165 P 26.60 40.45 3907
166 P 26.31 40.49 3686
167 P 26.57 40.51 3965
168 P 26.71 40.57 3931
169 P 26.07 40.56 3947
170 P 26.23 40.63 3481
171 P 26.38 40.67 3426
172 P 26.28 40.71 3559
173 P 26.26 40.74 3712
174 P 26.23 40.78 3781
175 P 25.78 40.83 3853
176 P 25.99 40.81 4549
177 P 25.75 40.78 4640
178 P 25.53 40.85 3731
179 P 25.19 40.86 3546
180 P 25.52 40.89 4267
181 P 25.42 40.90 4328
182 P 25.35 40.94 4317
183 P 25.25 40.95 4486
184 P 25.11 41.01 4457
185 P 25.07 41.06 3782
186 P 25.50 41.11 3537
187 P 24.76 41.19 4268
188 P 24.92 41.23 3734
189 P 25.21 41.20 4276
190 P 25.08 41.21 5380
191 P 25.06 41.17 6348
192 P 25.01 41.16 7259
193 P 24.72 41.18 6890
194 P 24.75 41.24 6532
195 P 24.53 41.29 5701
196 P 24.54 41.30 5669
197 P 24.56 41.38 4741
198 P 24.51 41.39 5248
199 P 24.56 41.43 5430
200 P 24.30 41.44 5460
201 P 24.65 41.52 4954
202 P 24.09 41.57 5323
203 P 24.41 41.58 5824
204 P 24.23 41.58 5674
205 P 24.43 41.66 5211
206 P 24.28 41.69 5320
207 P 24.16 41.65 5973
208 P 24.46 41.61 6185
209 P 24.30 41.54 6396
210 P 24.08 41.61 5803
211 P 24.35 41.63 5807
212 P 24.29 41.66 5030
213 P 24.22 41.68 5892
214 P 24.23 41.72 6236
215 P 24.23 41.72 6149
216 P 24.30 41.71 5369
217 P 24.06 41.72 6043
218 P 24.05 41.74 4701
219 P 24.20 41.79 4678
220 P 24.25 41.83 5139
221 P 24.27 41.78 5302
222 P 24.28 41.74 5320
223 P 24.13 41.76 5830
224 P 24.09 41.80 5612
225 P 24.06 41.83 5652
226 P 24.04 41.85 5818
227 P 24.15 41.86 5452
228 P 24.20 41.83 5851
229 P 24.45 41.85 5759
230 P 23.94 41.85 5994
231 P 24.04 41.90 5477
232 P 23.72 41.90 6099
233 P 24.04 41.91 5592
234 P 23.86 41.94 5566
235 P 24.33 41.96 4593
236 P 23.85 41.97 4418
237 P 23.83 41.97 5931
238 P 23.97 41.94 5900
239 P 24.25 41.96 6494
240 P 24.04 41.95 6402
241 P 24.01 41.99 5084
242 P 23.90 42.01 4987
243 P 24.05 41.99 4980
244 P 23.63 42.01 4736
245 P 24.22 42.04 4585
246 P 23.83 42.06 4313
247 P 23.84 42.07 4327
248 P 23.98 42.07 4230
249 P 23.71 42.10 4624
250 P 23.81 42.09 3678
251 P 23.63 42.10 3926
252 P 23.80 42.11 4020
253 P 23.89 42.08 4755
254 P 24.05 42.06 4454
255 P 23.75 42.09 4593
256 P 23.59 42.11 4842
257 P 23.81 42.10 4456
258 P 23.67 42.10 5180
259 P 23.71 42.11 5079
260 P 23.42 42.12 5207
261 P 23.60 42.10 5136
262 P 23.24 42.15 5370
263 P 23.22 42.23 5231
264 P 23.16 42.25 5368
265 P 22.85 42.27 4662
266 P 22.98 42.23 5619
267 P 22.66 42.22 6495
268 P 22.51 42.29 6106
269 P 22.54 42.32 6270
270 P 22.45 42.30 7025
271 P 22.59 42.29 6998
272 P 22.43 42.31 7660
273 P 22.45 42.30 7597
274 P 22.38 42.32 7909
275 P 22.55 42.33 7650
276 P 22.37 42.27 8350
277 P 22.31 42.34 7495
278 P 22.20 42.39 8426
279 P 22.42 42.40 8773
280 P 22.38 42.34 10195
281 P 22.41 42.36 12089
282 P 22.48 42.38 12575
283 P 22.39 42.39 13183
284 P 22.45 42.34 13838
285 P 22.66 42.29 13597
286 P 22.56 42.35 14240
287 P 22.77 42.39 14117
288 P 22.92 42.45 16355
289 P 22.73 42.49 17536
290 P 22.86 42.48 17019
291 P 23.04 42.51 15727
292 P 23.18 42.45 15955
293 P 23.25 42.41 15415
294 P 23.48 42.39 15894
295 P 23.79 42.30 15123
296 P 23.96 42.26 15198
297 P 23.93 42.15 15657
298 P 24.04 42.04 15924
299 P 24.54 41.87 15444
300 P 24.42 41.78 14727
301 P 24.92 41.69 14265
302 P 24.96 41.43 13304
303 P 25.10 41.45 12885
304 P 25.27 41.40 13260
305 P 25.50 41.28 13035
306 P 25.65 41.12 12914
307 P 25.83 41.19 11339
308 P 25.91 41.39 10588
309 P 26.14 41.49 8054
310 P 25.93 41.43 6753
311 P 26.27 41.38 7476
312 P 26.49 41.32 8015
313 P 26.69 41.25 8487
314 P 26.98 41.26 9244
315 P 26.81 41.15 9424
316 P 27.00 41.06 9205
317 P 27.16 40.83 8452
318 P 27.39 40.76 6932
319 P 27.48 40.73 6318
320 P 27.52 40.71 6175
321 P 27.84 40.65 6576
322 P 27.71 40.58 6099
323 P 27.78 40.61 5561
324 P 27.68 40.61 5790
325 P 27.81 40.67 5143
326 P 27.60 40.62 4836
327 P 27.94 40.58 4624
328 P 28.19 40.50 5167
329 P 27.94 40.42 4916
330 P 27.88 40.43 4712
331 P 27.95 40.48 4562
332 P 27.89 40.54 4623
333 P 27.77 40.58 4458
334 P 27.93 40.60 4604
335 P 27.94 40.69 5143
336 P 27.65 40.70 5398
337 P 27.65 40.70 5115
338 P 27.77 40.69 5471
339 P 27.64 40.66 5089
340 P 27.84 40.64 5087
341 P 27.74 40.67 5559
342 P 27.62 40.59 5725
343 P 27.56 40.52 5838
344 P 27.67 40.52 5768
345 P 27.73 40.60 5441
346 P 27.72 40.60 5260
347 P 27.61 40.56 6376
348 P 27.76 40.64 6298
349 P 27.71 40.64 6194
350 P 27.55 40.63 5810
351 P 27.85 40.60 4483
352 P 27.80 40.67 3530
353 P 27.51 40.74 4232
354 P 29.26 40.31 2443
