% Nframe | type | QP | PSNR | size (Bytes) 
0 I 26.39 39.99 16754
1 P 28.48 39.56 879
2 P 29.64 39.43 1484
3 P 29.77 39.41 2107
4 P 29.71 39.48 2513
5 P 28.97 39.61 2668
6 P 29.29 39.62 2514
7 P 29.40 39.44 2217
8 P 29.94 39.14 2141
9 P 30.04 38.97 2478
10 P 30.13 39.17 2608
11 P 29.39 39.33 3088
12 P 34.58 38.10 1009
13 P 32.13 38.16 2181
14 P 30.20 38.72 3494
15 P 27.73 39.39 3151
16 P 25.71 40.20 3680
17 P 24.84 40.76 5634
18 P 24.14 41.10 6634
19 P 23.38 41.15 7389
20 P 22.91 41.05 7707
21 P 22.22 41.40 6425
22 P 21.58 41.86 8154
23 P 21.67 42.18 10421
24 P 21.14 42.59 9995
25 P 20.86 42.51 11143
26 P 20.54 42.55 10518
27 P 20.39 42.83 9456
28 P 20.20 43.00 9130
29 P 20.38 42.78 10690
30 P 20.71 42.52 11901
31 P 21.05 42.54 11661
32 P 21.04 42.64 10402
33 P 21.22 42.68 9024
34 P 21.45 42.41 10159
35 P 21.95 42.07 9848
36 P 22.00 41.96 9255
37 P 22.58 41.78 6294
38 P 23.13 41.82 5004
39 P 23.23 41.86 6263
40 P 23.06 41.78 6335
41 P 23.48 41.58 5666
42 P 23.98 41.45 5289
43 P 23.77 41.36 4726
44 P 24.37 41.36 4676
45 P 23.98 41.34 4695
46 P 24.37 41.12 4648
47 P 25.57 40.76 4664
48 P 26.43 40.65 3903
49 P 25.98 40.92 2914
50 P 25.42 41.13 3163
51 P 26.14 41.09 4641
52 P 25.40 40.88 4965
53 P 25.58 40.91 4546
54 P 24.94 40.91 4951
55 P 24.91 40.82 5022
56 P 24.72 40.82 5013
57 P 24.81 40.79 5147
58 P 24.57 41.00 5503
59 P 24.21 41.16 7101
60 P 24.54 41.37 8090
61 P 23.60 41.38 7910
62 P 23.67 41.21 7591
63 P 23.63 41.09 7910
64 P 23.72 41.06 7138
65 P 23.24 41.04 6421
66 P 23.50 41.13 6812
67 P 23.40 41.26 6575
68 P 23.30 41.33 5893
69 P 23.45 41.20 6594
70 P 23.61 41.11 7140
71 P 23.80 41.12 6968
72 P 24.03 40.98 6767
73 P 24.15 40.79 6237
74 P 24.11 40.70 5951
75 P 24.39 40.83 6986
76 P 24.07 41.09 7763
77 P 24.10 41.41 8724
78 P 23.94 41.64 9292
79 P 23.94 41.52 8876
80 P 24.41 41.20 9773
81 P 24.27 41.03 10306
82 P 24.55 40.74 9648
83 P 24.03 40.72 8753
84 P 24.81 40.93 8127
85 P 24.20 41.05 7251
86 P 23.99 41.16 6698
87 P 24.01 41.17 6916
88 P 24.01 41.09 6996
89 P 24.00 40.96 7017
90 P 24.57 40.81 6924
91 P 24.80 40.68 7055
92 P 24.62 40.70 7194
93 P 25.02 40.61 6701
94 P 25.07 40.64 5261
95 P 25.33 40.52 5058
96 P 25.51 40.42 4711
97 P 25.41 40.46 4313
98 P 25.93 40.34 4801
99 P 25.52 40.08 5183
100 P 25.58 39.98 5297
101 P 25.84 39.96 4722
102 P 26.07 40.07 4738
103 P 25.63 40.38 5721
104 P 26.47 40.35 6158
105 P 26.24 40.12 6489
106 P 25.87 40.22 5671
107 P 26.86 40.14 5324
108 P 26.39 40.15 5454
109 P 25.69 40.19 5564
110 P 25.69 40.25 5746
111 P 25.61 40.29 5742
112 P 25.35 40.27 5020
113 P 25.96 40.33 4903
114 P 26.51 40.42 4085
115 P 26.05 40.57 4138
116 P 26.10 40.52 4645
117 P 26.44 40.50 4929
118 P 26.89 40.51 5204
119 P 26.73 40.34 5722
120 P 26.60 40.22 5548
121 P 26.93 40.22 5523
122 P 26.80 40.26 5572
123 P 27.09 40.35 4572
124 P 27.21 40.47 4259
125 P 26.89 40.39 4555
126 P 26.97 40.32 5006
127 P 26.47 40.26 5747
128 P 26.66 40.47 6312
129 P 26.37 40.75 6428
130 P 26.41 41.08 6876
131 P 25.91 41.16 6853
132 P 26.55 41.01 6398
133 P 26.98 40.79 6729
134 P 26.54 40.74 5991
135 P 25.95 40.75 5197
136 P 26.49 40.62 5676
137 P 26.51 40.62 5374
138 P 26.39 40.49 4666
139 P 26.22 40.63 3687
140 P 27.07 40.66 5286
141 P 26.95 40.79 6191
142 P 26.96 40.81 6342
143 P 26.22 41.14 5967
144 P 26.37 41.28 6789
145 P 26.63 41.33 7017
146 P 25.91 41.55 7509
147 P 25.65 41.52 9055
148 P 25.41 40.96 9848
149 P 25.43 40.82 10592
150 P 24.53 40.87 10553
151 P 24.26 41.13 10132
152 P 23.86 41.35 9196
153 P 23.75 41.64 9802
154 P 23.98 41.79 10009
155 P 23.85 42.03 9904
156 P 23.72 42.17 9380
157 P 23.74 42.37 9364
158 P 23.74 42.60 10990
159 P 23.89 42.95 13345
160 P 24.06 43.07 13545
161 P 23.85 43.29 13324
162 P 23.62 44.04 11819
163 P 23.36 44.85 10830
164 P 22.92 45.58 9600
165 P 22.43 46.24 7807
166 P 22.52 46.09 7924
167 P 22.28 46.06 8015
168 P 22.29 46.08 8014
169 P 22.24 45.57 9036
170 P 22.82 44.95 10126
171 P 23.14 44.85 11013
172 P 23.47 44.34 11340
173 P 23.75 44.19 11520
174 P 25.19 43.33 12891
175 P 25.14 42.52 10216
176 P 25.27 42.29 9006
177 P 25.30 41.97 8675
178 P 25.26 41.69 9353
179 P 25.28 41.30 9499
180 P 25.55 41.04 9349
181 P 25.79 40.69 10265
182 P 25.99 40.46 10194
183 P 26.13 40.25 9589
184 P 26.47 39.76 10093
185 P 26.75 39.35 10584
186 P 27.00 39.07 10826
187 P 27.02 38.81 9921
188 P 27.08 38.79 9295
189 P 27.05 39.05 8569
190 P 27.01 38.94 8636
191 P 27.34 38.63 8879
192 P 27.52 38.35 9595
193 P 27.71 38.02 9541
194 P 27.94 37.86 8713
195 P 28.36 37.66 8524
196 P 28.49 37.42 10003
197 P 28.61 37.18 10818
198 P 28.64 36.99 8521
199 P 28.74 36.78 9575
200 P 29.20 36.45 10201
201 P 29.35 35.89 12447
202 P 29.54 35.11 13298
203 P 29.74 34.39 15649
204 P 30.07 33.49 15262
205 P 30.21 32.97 13032
206 P 30.27 32.87 9028
207 P 30.56 32.27 10273
208 P 30.82 32.25 5422
209 P 30.71 32.33 4971
210 P 31.05 32.30 4108
211 P 30.99 32.25 3949
212 P 30.80 32.43 3620
213 P 30.93 32.39 3479
214 P 31.37 32.29 3167
215 P 31.18 32.30 3108
216 P 31.52 32.21 2757
217 P 31.69 32.14 2530
218 P 31.75 32.09 1941
219 P 31.88 32.09 1349
220 P 31.88 32.15 1038
221 P 31.60 32.16 1032
222 P 32.25 32.18 772
223 P 31.96 32.23 858
224 P 31.50 32.21 768
225 P 32.16 32.19 1135
226 P 31.76 32.17 1733
227 P 32.12 32.10 2022
228 P 31.64 32.14 2324
229 P 31.57 32.28 2231
230 P 31.30 32.29 2248
231 P 31.23 32.38 1198
232 P 31.17 32.39 1112
233 P 31.32 32.44 1284
234 P 31.21 32.51 1221
235 P 30.98 32.44 1581
236 P 30.91 32.48 1506
237 P 30.79 32.44 2020
238 P 30.77 32.47 2109
239 P 30.87 32.43 2611
240 P 30.63 32.46 3399
241 P 30.67 32.48 3319
242 P 30.68 32.54 3437
243 P 30.47 32.54 3859
244 P 30.39 32.60 4181
245 P 30.29 32.69 2991
246 P 30.35 32.70 2767
247 P 32.41 32.29 690
% Nframe | type | QP | PSNR | size (Bytes) 
25 P 20.56 42.83 3653
26 P 20.00 43.04 8248
27 P 20.58 43.00 6929
28 P 20.46 43.07 6814
29 P 20.20 43.12 7640
30 P 19.81 43.22 6618
31 P 19.11 43.22 2968
32 P 20.06 43.06 6330
33 P 21.00 42.94 6236
34 P 20.90 42.91 8547
35 P 21.14 42.83 7436
36 P 21.92 42.60 6810
37 P 21.24 42.73 8736
38 P 20.95 42.64 3676
39 P 20.69 42.47 9484
40 P 20.61 42.48 7853
41 P 21.51 42.53 7345
42 P 20.59 42.57 6875
43 P 20.73 42.70 7978
44 P 20.77 42.71 7793
45 P 21.31 42.77 7905
46 P 21.93 42.69 7004
47 P 21.93 42.65 6971
48 P 21.55 42.72 8547
49 P 21.24 42.72 3690
50 P 22.17 42.68 6950
51 P 21.96 42.59 6682
52 P 21.83 42.47 6671
53 P 22.10 42.31 7201
54 P 21.41 42.51 13266
55 P 22.18 42.43 3354
56 P 23.12 42.24 6264
57 P 22.53 42.11 6026
58 P 22.45 42.14 7917
59 P 22.33 42.06 6784
60 P 22.42 42.00 6832
61 P 22.69 42.03 6884
62 P 22.30 42.01 7491
63 P 21.76 42.07 7120
64 P 21.67 42.09 7147
65 P 22.60 42.10 6507
66 P 23.17 41.96 6077
67 P 23.37 41.95 6445
68 P 23.32 41.95 6697
69 P 23.39 41.93 6784
70 P 22.88 41.88 6822
71 P 23.93 41.80 6724
72 P 22.88 42.07 8768
73 P 23.38 42.07 2880
74 P 22.70 41.76 6613
75 P 22.59 41.85 6416
76 P 22.26 41.77 6081
77 P 22.39 41.77 6927
78 P 23.26 41.98 6130
79 P 23.32 41.98 2490
80 P 23.06 41.80 5810
81 P 23.52 41.78 5231
82 P 23.29 41.81 6691
83 P 23.80 41.82 5252
84 P 23.30 41.75 5438
85 P 22.61 41.81 6025
86 P 24.51 41.82 5488
87 P 24.32 41.77 5355
88 P 24.17 41.82 5831
89 P 24.10 41.76 4840
90 P 23.94 41.81 4842
91 P 23.60 41.83 5516
92 P 24.29 41.83 5872
93 P 24.11 41.85 5908
94 P 23.98 41.80 5907
95 P 23.93 41.73 5792
96 P 23.74 42.05 8259
97 P 23.01 42.03 2635
98 P 22.77 41.84 6411
99 P 23.72 41.91 7289
100 P 24.13 41.82 7160
101 P 24.19 41.80 8804
102 P 23.48 41.95 8465
103 P 22.50 42.00 3521
104 P 23.44 41.83 6851
105 P 22.75 42.02 8450
106 P 22.74 42.05 6964
107 P 23.79 42.01 7237
108 P 23.84 41.83 6715
109 P 24.29 42.21 12281
110 P 24.23 42.11 6912
111 P 24.43 42.08 6939
112 P 24.26 42.11 6070
113 P 23.62 42.00 5751
114 P 23.80 41.99 5941
115 P 24.05 42.09 5870
116 P 24.43 42.01 6298
117 P 24.08 42.01 6565
118 P 24.15 41.98 6769
119 P 23.98 41.90 6167
120 P 24.13 41.87 5858
121 P 23.85 41.82 5634
122 P 23.60 41.80 5458
123 P 24.62 41.87 5988
124 P 24.08 42.00 5804
125 P 23.96 41.96 2240
126 P 24.34 41.91 4789
127 P 24.18 41.95 5046
128 P 24.32 41.99 5547
129 P 24.47 42.04 5052
130 P 24.03 42.07 5550
131 P 24.17 42.02 2600
132 P 24.64 41.88 5586
133 P 24.66 41.91 7022
134 P 24.64 41.93 5890
135 P 24.47 41.92 5802
136 P 24.92 41.94 5591
137 P 24.78 42.00 4807
138 P 24.97 42.06 4945
139 P 24.71 42.07 4894
140 P 24.28 42.10 4726
141 P 24.16 42.12 5111
142 P 24.23 42.24 6515
143 P 23.17 42.23 3249
144 P 24.06 42.19 5297
145 P 24.33 42.15 4484
146 P 24.26 42.08 4391
147 P 24.76 42.06 5384
148 P 24.46 42.17 5220
149 P 23.67 42.23 1933
150 P 24.32 42.15 4699
151 P 24.04 42.10 4681
152 P 24.32 42.18 6307
153 P 23.11 42.11 5836
154 P 24.24 42.13 5781
155 P 23.48 42.13 2867
156 P 24.48 42.04 5213
157 P 24.14 42.12 7620
158 P 24.38 42.13 5860
159 P 24.10 42.08 5641
160 P 23.88 42.04 5845
161 P 23.70 42.12 5880
162 P 23.81 42.04 4914
163 P 23.86 42.14 11486
164 P 23.55 42.00 6550
165 P 23.50 42.03 5887
166 P 23.58 42.23 8123
167 P 22.69 42.27 2433
168 P 23.61 42.13 6615
169 P 23.48 42.07 6203
170 P 23.61 42.01 6587
171 P 24.04 42.08 8293
172 P 23.71 42.17 7566
173 P 23.81 42.05 3537
174 P 23.93 41.98 7212
175 P 24.17 41.93 6970
176 P 24.06 42.06 8738
177 P 23.82 42.06 7214
178 P 23.35 42.16 7507
179 P 22.79 42.18 2785
180 P 23.80 42.06 6037
181 P 23.58 42.09 7142
182 P 23.63 42.05 5494
183 P 23.61 42.05 5929
184 P 23.42 42.08 5993
185 P 23.33 42.05 6343
186 P 23.74 42.09 6890
187 P 23.47 42.09 6742
188 P 23.43 42.06 6901
189 P 23.69 42.02 5940
190 P 23.51 42.10 7703
191 P 22.85 42.18 2814
192 P 23.45 42.05 5901
193 P 23.64 42.06 6175
194 P 23.62 42.02 6067
195 P 23.39 42.04 7333
196 P 23.34 42.12 7012
197 P 23.05 42.12 3183
198 P 23.77 42.04 6247
199 P 23.72 42.02 6135
200 P 23.82 42.06 7852
201 P 23.78 42.00 6838
202 P 23.62 42.05 7425
203 P 23.70 41.99 4518
204 P 23.91 42.01 8351
205 P 23.99 41.97 7653
206 P 23.92 42.04 6105
207 P 23.73 42.11 6180
208 P 24.24 42.07 5658
209 P 24.29 41.91 5080
210 P 24.17 42.56 9297
211 P 23.74 42.46 5096
212 P 23.92 42.47 5384
213 P 23.83 42.39 5531
214 P 23.19 42.62 8196
215 P 22.98 42.59 2060
216 P 23.55 42.46 5772
217 P 23.70 42.43 5738
218 P 23.75 42.40 5186
219 P 23.33 42.39 6537
220 P 23.27 42.57 5694
221 P 22.86 42.58 1888
222 P 23.18 42.41 5322
223 P 23.33 42.32 5695
224 P 23.76 42.35 7497
225 P 23.85 42.36 7029
226 P 24.16 42.45 7096
227 P 23.57 42.41 2762
228 P 23.75 42.33 8319
229 P 23.68 42.35 6485
230 P 23.38 42.42 5957
231 P 23.30 42.37 5566
232 P 23.79 42.39 5443
233 P 23.38 42.45 5144
234 P 23.24 42.46 4902
235 P 23.32 42.46 5270
236 P 23.14 42.41 5550
237 P 23.59 42.30 5570
238 P 23.36 42.37 7920
239 P 22.78 42.40 2878
240 P 23.42 42.28 6238
241 P 23.93 42.23 6107
242 P 23.82 42.20 5432
243 P 23.93 42.31 7085
244 P 23.11 42.43 5703
245 P 23.26 42.50 2124
246 P 23.40 42.41 4916
247 P 23.34 42.36 6215
248 P 23.25 42.34 5123
249 P 23.77 42.31 5309
250 P 23.57 42.38 5402
251 P 23.01 42.34 2107
252 P 23.36 42.17 6130
253 P 23.74 42.20 5701
254 P 23.84 42.25 5192
255 P 23.49 41.85 3996
% Nframe | type | QP | PSNR | size (Bytes) 
25 P 21.15 45.60 9908
26 P 21.33 45.30 9796
27 P 21.71 44.68 10897
28 P 22.40 43.62 11304
29 P 23.66 41.51 12154
30 P 24.70 41.12 7792
31 P 25.01 41.82 7648
32 P 24.96 42.15 7385
33 P 24.68 42.36 6355
34 P 24.67 42.62 5584
35 P 24.63 42.78 4567
36 P 24.63 42.91 3918
37 P 24.87 42.90 3716
38 P 25.34 42.67 3965
39 P 25.61 41.95 4281
40 P 26.35 41.05 4247
41 P 27.38 40.40 3907
42 P 27.97 40.04 3771
43 P 27.89 39.62 3893
44 P 28.32 39.77 3106
45 P 28.24 40.12 3087
46 P 27.68 40.17 3019
47 P 27.94 40.33 2953
48 P 27.80 40.76 2994
49 P 27.59 40.60 3170
50 P 26.80 40.40 3992
51 P 27.16 39.99 4545
52 P 27.13 39.84 5061
53 P 26.67 39.89 5086
54 P 26.11 40.20 4540
55 P 26.18 40.44 3528
56 P 25.72 40.67 3265
57 P 26.07 40.59 3089
58 P 25.82 40.41 3436
59 P 26.32 40.54 3427
60 P 25.60 40.61 3747
61 P 25.64 40.76 3799
62 P 25.25 40.83 3558
63 P 24.92 40.70 4098
64 P 25.93 40.49 4438
65 P 25.13 40.23 4165
66 P 25.26 40.25 3155
67 P 25.07 40.42 2746
68 P 24.72 40.58 3483
69 P 25.10 40.47 4621
70 P 25.06 40.60 5226
71 P 24.73 40.57 6945
72 P 24.86 40.52 6933
73 P 24.55 40.49 7253
74 P 24.40 40.49 6745
75 P 24.15 40.64 5553
76 P 24.04 40.85 5191
77 P 24.09 41.08 4568
78 P 24.07 41.21 4535
79 P 23.38 41.16 4989
80 P 23.38 40.86 5181
81 P 23.54 40.86 3689
82 P 23.73 40.94 3277
83 P 23.87 41.02 3401
84 P 24.34 41.07 3637
85 P 24.15 41.08 3922
86 P 24.27 41.16 4482
87 P 24.32 41.21 5075
88 P 24.30 41.22 5394
89 P 24.07 41.12 5616
90 P 24.20 40.95 6110
91 P 24.14 40.78 6789
92 P 23.63 40.76 6517
93 P 23.46 40.68 5376
94 P 23.30 40.78 5394
95 P 23.32 40.96 4721
96 P 23.04 41.08 4445
97 P 23.02 41.22 3875
98 P 23.02 41.36 3637
99 P 23.25 41.51 3498
100 P 22.82 41.53 3647
101 P 22.90 41.51 3717
102 P 22.86 41.44 3431
103 P 22.73 41.36 3324
104 P 23.07 41.25 3922
105 P 22.79 41.23 3538
106 P 22.93 41.13 3884
107 P 22.91 41.14 3011
108 P 22.88 41.26 2517
109 P 22.83 41.24 2698
110 P 22.77 41.28 2990
111 P 22.60 41.37 2813
112 P 22.73 41.47 2625
113 P 22.67 41.49 3128
114 P 22.21 41.40 3547
115 P 22.09 41.41 3547
116 P 22.43 41.51 3260
117 P 21.81 41.60 3092
118 P 21.91 41.73 2825
119 P 21.59 41.79 3186
120 P 21.46 41.86 3244
121 P 21.39 41.89 3566
122 P 21.35 41.93 4411
123 P 21.45 41.86 5204
124 P 21.42 41.86 5812
125 P 21.23 41.94 6413
126 P 21.39 41.97 5949
127 P 20.84 41.96 4930
128 P 20.90 42.07 4496
129 P 20.50 42.18 5043
130 P 20.70 42.26 4146
131 P 20.41 42.36 5500
132 P 20.31 42.39 5291
133 P 20.60 42.46 4675
134 P 20.66 42.52 4212
135 P 20.65 42.52 3793
136 P 20.74 42.61 3238
137 P 20.74 42.57 3234
138 P 20.48 42.53 3611
139 P 20.57 42.52 4117
140 P 20.41 42.57 2863
141 P 20.43 42.70 2592
142 P 20.31 42.63 3442
143 P 20.22 42.59 3861
144 P 20.32 42.68 4910
145 P 20.64 42.74 3741
146 P 20.27 42.79 3825
147 P 20.62 42.79 3486
148 P 19.98 42.80 3964
149 P 19.88 42.76 4233
150 P 19.98 42.83 4303
151 P 19.54 42.88 3926
152 P 19.77 42.97 4623
153 P 19.36 42.96 5113
154 P 19.54 42.95 6371
155 P 19.72 43.06 5145
156 P 19.42 43.16 4303
157 P 19.49 43.18 5389
158 P 19.41 43.20 5838
159 P 19.36 43.25 4301
160 P 19.27 43.40 4328
161 P 19.24 43.38 5001
162 P 19.08 43.47 3220
163 P 18.97 43.51 3564
164 P 19.01 43.55 3786
165 P 19.14 43.51 3901
166 P 18.84 43.46 4262
167 P 19.11 43.46 4263
168 P 19.12 43.50 4847
169 P 19.03 43.48 4456
170 P 18.88 43.56 3843
171 P 18.80 43.63 3588
172 P 18.75 43.60 4461
173 P 18.76 43.55 4547
174 P 18.97 43.58 4610
175 P 18.95 43.59 4764
176 P 18.66 43.66 6261
177 P 18.68 43.73 6088
178 P 18.33 43.81 3883
179 P 18.24 43.89 3984
180 P 18.49 43.84 4111
181 P 18.33 43.82 5708
182 P 18.31 43.88 4935
183 P 18.46 43.93 4891
184 P 17.95 44.02 4357
185 P 18.01 44.13 3496
186 P 17.96 44.17 3059
187 P 17.99 44.23 3763
188 P 18.05 44.27 3068
189 P 18.27 44.12 4142
190 P 18.15 44.04 6018
191 P 18.22 43.99 7352
192 P 17.96 43.97 7930
193 P 18.25 44.05 7576
194 P 18.00 44.07 7129
195 P 17.98 44.09 5852
196 P 17.52 44.11 5799
197 P 17.54 44.25 4804
198 P 17.56 44.27 6002
199 P 17.55 44.27 6323
200 P 17.41 44.25 7481
201 P 17.20 44.24 6688
202 P 17.31 44.29 6842
203 P 17.36 44.31 6885
204 P 17.43 44.24 6892
205 P 17.49 44.30 6685
206 P 17.63 44.32 6675
207 P 17.41 44.27 7322
208 P 17.56 44.23 7720
209 P 17.55 44.25 8546
210 P 17.30 44.23 7603
211 P 17.35 44.31 7371
212 P 17.47 44.24 6819
213 P 17.43 44.22 8376
214 P 17.56 44.20 8517
215 P 17.71 44.14 7939
216 P 17.70 44.24 7647
217 P 17.53 44.32 7613
218 P 17.41 44.39 4584
219 P 17.78 44.40 4024
220 P 17.74 44.32 5910
221 P 17.77 44.28 6002
222 P 17.85 44.23 6344
223 P 17.71 44.19 6736
224 P 17.77 44.18 6643
225 P 17.83 44.15 6950
226 P 17.77 44.19 6866
227 P 17.91 44.08 5853
228 P 17.96 44.06 6483
229 P 17.95 44.04 7182
230 P 18.14 43.99 7532
231 P 17.79 43.99 6369
232 P 17.77 44.12 6762
233 P 17.87 44.16 6080
234 P 17.69 44.23 5716
235 P 17.79 44.23 3940
236 P 17.80 44.27 3943
237 P 17.78 44.22 4760
238 P 17.89 44.10 6025
239 P 17.95 44.14 7433
240 P 18.10 44.18 5874
241 P 18.03 44.20 3968
242 P 17.88 44.18 4633
243 P 17.87 44.16 4451
244 P 17.83 44.27 3213
245 P 17.88 44.30 3512
246 P 17.99 44.32 3387
247 P 17.96 44.32 3737
248 P 17.87 44.32 4331
249 P 18.01 44.31 3899
250 P 17.75 44.35 3221
251 P 17.82 44.35 2893
252 P 17.74 44.43 3102
253 P 17.95 44.37 4400
254 P 17.58 44.38 3907
255 P 17.88 44.42 3421
256 P 17.69 44.39 4040
257 P 17.67 44.42 3571
258 P 17.65 44.37 4826
259 P 17.50 44.41 4610
260 P 17.48 44.40 4854
261 P 17.33 44.41 5223
262 P 17.25 44.42 5285
263 P 17.21 44.51 4536
264 P 17.07 44.57 4905
265 P 17.09 44.67 4112
266 P 17.06 44.63 4959
267 P 16.92 44.60 6078
268 P 17.00 44.61 5642
269 P 16.83 44.61 7061
270 P 16.90 44.65 7604
271 P 16.82 44.62 6394
272 P 16.85 44.68 6886
273 P 16.80 44.64 7254
274 P 16.75 44.63 7747
275 P 16.84 44.62 7356
276 P 16.83 44.64 8057
277 P 16.83 44.67 7408
278 P 16.65 44.72 8741
279 P 16.75 44.64 9296
280 P 16.84 44.69 10448
281 P 16.78 44.63 10475
282 P 16.83 44.67 11775
283 P 16.81 44.67 12104
284 P 16.85 44.63 12315
285 P 16.88 44.60 12787
286 P 16.99 44.64 12174
287 P 16.93 44.67 11797
288 P 17.00 44.74 13380
289 P 16.96 44.72 14648
290 P 17.02 44.69 14013
291 P 17.10 44.65 13152
292 P 17.15 44.64 13064
293 P 17.19 44.63 12703
294 P 17.35 44.55 13308
295 P 17.37 44.43 13019
296 P 17.58 44.35 12464
297 P 17.77 44.28 12935
298 P 17.90 44.19 12738
299 P 18.08 44.09 12846
300 P 18.06 44.03 12321
301 P 18.42 43.93 11779
302 P 18.34 43.81 11570
303 P 18.48 43.83 11375
304 P 18.57 43.74 11370
305 P 18.68 43.65 11043
306 P 19.16 43.52 10824
307 P 18.90 43.59 10589
308 P 18.86 43.66 9150
309 P 18.97 43.70 7455
310 P 19.28 43.63 6369
311 P 19.37 43.62 7500
312 P 19.22 43.58 7645
313 P 19.44 43.51 8236
314 P 19.32 43.47 8617
315 P 19.55 43.35 8729
316 P 19.62 43.34 8686
317 P 19.66 43.22 8127
318 P 19.88 43.15 6644
319 P 19.71 43.12 5536
320 P 19.96 43.14 6035
321 P 20.09 43.02 6316
322 P 20.00 42.95 6254
323 P 20.20 42.93 5829
324 P 20.27 42.91 5746
325 P 20.02 42.96 5438
326 P 20.20 42.93 5406
327 P 20.26 42.90 5192
328 P 20.15 42.86 5612
329 P 20.31 42.87 5703
330 P 20.17 42.83 4564
331 P 20.29 42.86 4535
332 P 20.36 42.91 4542
333 P 20.29 42.87 4949
334 P 20.28 42.87 5398
335 P 20.08 42.95 6057
336 P 20.31 43.00 5806
337 P 20.11 42.96 5208
338 P 20.20 42.99 5552
339 P 20.35 42.98 5522
340 P 19.84 42.96 5468
341 P 19.98 43.01 5953
342 P 20.12 42.93 5675
343 P 20.01 42.95 5936
344 P 20.22 42.94 5478
345 P 20.10 43.03 5901
346 P 20.34 43.03 5596
347 P 20.23 43.00 7119
348 P 20.57 43.02 6350
349 P 20.30 43.01 6293
350 P 20.14 43.02 6312
351 P 20.27 43.01 4644
352 P 20.14 43.02 3937
353 P 20.52 43.06 4429
354 P 21.59 42.45 2329
