% Nframe | type | QP | PSNR | size (Bytes) 
0 I 18.25 44.94 12083
1 P 19.02 44.33 1408
2 P 19.54 44.06 1948
3 P 19.19 43.94 2528
4 P 19.52 43.91 2746
5 P 19.48 43.88 2718
6 P 19.20 43.91 2687
7 P 19.52 43.84 2589
8 P 20.01 43.85 2382
9 P 19.34 43.81 2828
10 P 19.49 43.77 2843
11 P 19.26 43.91 3394
12 P 21.51 42.66 1743
13 P 18.44 44.20 3899
14 P 15.62 45.44 5104
15 P 14.58 46.17 5172
16 P 13.94 46.71 6407
17 P 13.28 47.17 7709
18 P 12.60 47.45 8204
19 P 12.26 47.72 8759
20 P 11.65 48.11 9640
21 P 11.44 48.24 9570
22 P 11.18 48.43 11644
23 P 11.05 48.54 11961
24 P 10.56 48.89 12779
25 P 10.44 48.96 13874
26 P 10.45 48.89 12954
27 P 10.32 49.02 13000
28 P 10.40 49.05 12493
29 P 10.41 48.91 13392
30 P 10.56 48.77 13688
31 P 10.63 48.74 13588
32 P 10.84 48.67 12048
33 P 11.01 48.63 11860
34 P 11.30 48.44 12195
35 P 11.51 48.17 11740
36 P 11.80 48.02 11506
37 P 12.05 47.90 9248
38 P 12.29 47.73 8814
39 P 12.52 47.61 8978
40 P 12.54 47.57 9094
41 P 12.88 47.33 7999
42 P 13.12 47.25 7902
43 P 13.26 47.16 7688
44 P 13.39 47.14 7245
45 P 13.53 47.00 7264
46 P 13.51 46.89 6735
47 P 13.91 46.75 6114
48 P 13.95 46.78 5580
49 P 13.96 46.85 5177
50 P 13.92 46.83 5586
51 P 13.98 46.66 6355
52 P 13.93 46.66 6450
53 P 13.97 46.69 5922
54 P 13.99 46.73 6455
55 P 14.02 46.67 6017
56 P 13.97 46.64 6015
57 P 14.14 46.65 6746
58 P 13.95 46.50 6829
59 P 14.05 46.57 7652
60 P 13.88 46.57 7723
61 P 13.64 46.72 8277
62 P 13.64 46.77 7830
63 P 13.55 46.79 8104
64 P 13.66 46.68 7651
65 P 13.51 46.74 7346
66 P 13.54 46.73 7599
67 P 13.54 46.83 7040
68 P 13.56 46.93 7146
69 P 13.49 46.81 7238
70 P 13.59 46.67 7872
71 P 13.56 46.67 7902
72 P 13.61 46.63 8150
73 P 13.56 46.66 7719
74 P 13.60 46.65 7411
75 P 13.68 46.57 8168
76 P 13.76 46.58 8790
77 P 13.60 46.67 9368
78 P 13.59 46.78 9372
79 P 13.55 46.65 9317
80 P 13.57 46.51 9703
81 P 13.69 46.50 9681
82 P 13.66 46.47 9676
83 P 13.71 46.46 9251
84 P 13.79 46.48 8837
85 P 13.74 46.57 8556
86 P 13.81 46.57 8364
87 P 13.80 46.64 8369
88 P 13.93 46.60 8494
89 P 13.91 46.50 8644
90 P 13.82 46.55 8620
91 P 13.90 46.44 8231
92 P 14.02 46.42 8373
93 P 14.16 46.35 8002
94 P 14.19 46.40 7133
95 P 14.19 46.43 6918
96 P 14.12 46.43 7020
97 P 14.18 46.39 6650
98 P 14.16 46.46 7384
99 P 14.17 46.49 7196
100 P 14.22 46.38 7152
101 P 14.27 46.34 6546
102 P 14.46 46.28 6815
103 P 14.30 46.29 7383
104 P 14.38 46.27 7554
105 P 14.33 46.25 7572
106 P 14.20 46.21 7181
107 P 14.07 46.33 6879
108 P 14.16 46.26 6857
109 P 14.28 46.31 6868
110 P 14.28 46.41 6881
111 P 14.04 46.35 6677
112 P 14.18 46.45 6340
113 P 14.17 46.51 6269
114 P 14.06 46.49 5916
115 P 14.00 46.58 6229
116 P 14.07 46.58 6134
117 P 14.09 46.52 6279
118 P 14.37 46.41 6262
119 P 14.03 46.47 6734
120 P 14.16 46.42 6523
121 P 14.18 46.42 6548
122 P 14.27 46.50 6492
123 P 14.07 46.54 6146
124 P 13.82 46.60 5906
125 P 14.09 46.47 6159
126 P 13.84 46.49 6278
127 P 14.13 46.43 6639
128 P 14.23 46.60 7179
129 P 13.92 46.80 6861
130 P 13.96 46.77 6588
131 P 13.82 46.82 6526
132 P 14.08 46.76 6582
133 P 13.97 46.82 6815
134 P 14.04 46.77 6820
135 P 13.65 46.80 6324
136 P 13.55 46.79 6532
137 P 13.69 46.74 6363
138 P 13.77 46.72 6033
139 P 13.77 46.79 5702
140 P 13.92 46.71 6724
141 P 13.80 46.70 7163
142 P 13.84 46.72 7353
143 P 13.65 46.72 6804
144 P 13.70 46.92 7522
145 P 13.79 46.87 7835
146 P 13.61 46.89 8202
147 P 13.64 47.05 9644
148 P 13.84 46.80 10072
149 P 14.01 46.63 11025
150 P 13.91 46.68 11443
151 P 13.78 46.63 10683
152 P 13.76 46.75 10407
153 P 13.87 46.80 10899
154 P 13.86 46.89 11213
155 P 13.87 47.10 11128
156 P 13.75 47.26 11073
157 P 13.93 47.28 10400
158 P 13.95 47.36 10718
159 P 14.05 47.40 10354
160 P 14.20 47.42 10181
161 P 13.83 47.51 10500
162 P 13.80 47.96 9789
163 P 13.44 48.49 9291
164 P 12.94 48.92 8309
165 P 12.46 49.61 6941
166 P 12.29 49.57 6838
167 P 12.10 49.54 7288
168 P 12.23 49.67 7436
169 P 12.36 49.31 7423
170 P 12.51 49.04 8312
171 P 12.98 48.87 7948
172 P 13.19 48.49 8584
173 P 13.32 48.34 9089
174 P 14.25 47.61 10563
175 P 14.37 47.34 10746
176 P 14.73 47.19 10604
177 P 14.77 47.16 10399
178 P 14.69 47.14 10636
179 P 14.85 46.82 11126
180 P 14.74 46.69 11032
181 P 15.10 46.38 11620
182 P 15.19 46.24 11767
183 P 15.18 46.20 11613
184 P 15.50 45.90 11868
185 P 15.87 45.63 11624
186 P 15.83 45.58 11953
187 P 15.97 45.49 11220
188 P 16.12 45.45 10502
189 P 16.10 45.58 10273
190 P 16.07 45.59 10598
191 P 16.26 45.31 10648
192 P 16.45 45.10 10980
193 P 16.57 44.89 11148
194 P 16.72 44.81 10736
195 P 17.00 44.64 10385
196 P 17.10 44.65 10896
197 P 17.22 44.52 11347
198 P 17.28 44.51 10348
199 P 17.25 44.27 11142
200 P 17.31 43.84 12330
201 P 17.57 43.32 14692
202 P 17.63 43.00 16606
203 P 17.97 42.38 18246
204 P 18.12 42.16 18231
205 P 18.00 42.29 16441
206 P 18.12 42.26 13462
207 P 18.17 42.13 16104
208 P 18.19 42.18 13013
209 P 18.11 42.21 13648
210 P 18.16 42.22 9128
211 P 18.29 42.15 9543
212 P 18.42 42.05 8595
213 P 18.51 42.04 10007
214 P 18.69 41.99 8907
215 P 18.83 41.88 8953
216 P 18.84 41.78 8827
217 P 18.89 41.69 8691
218 P 18.91 41.74 4758
219 P 19.05 41.70 3489
220 P 18.84 41.78 1919
221 P 18.91 41.80 1619
222 P 18.84 41.87 1443
223 P 18.71 42.05 1040
224 P 19.15 42.01 1079
225 P 19.22 41.93 2249
226 P 19.50 41.66 5105
227 P 19.35 41.53 5864
228 P 19.61 41.44 5421
229 P 19.47 41.46 2863
230 P 19.17 41.54 2971
231 P 19.22 41.74 1267
232 P 19.04 41.72 1677
233 P 19.13 41.80 1683
234 P 18.85 41.92 1471
235 P 19.27 41.72 2327
236 P 18.85 41.82 2181
237 P 18.91 41.76 4166
238 P 18.92 41.74 4809
239 P 18.95 41.72 6322
240 P 18.69 41.84 6829
241 P 18.78 41.86 5145
242 P 18.78 41.85 6765
243 P 18.62 41.86 7649
244 P 18.49 41.99 7293
245 P 18.46 42.12 3849
246 P 18.58 42.09 3456
247 P 20.13 41.14 2582
% Nframe | type | QP | PSNR | size (Bytes) 
25 P 10.30 49.86 4681
26 P 9.97 49.93 8289
27 P 10.23 49.77 7645
28 P 10.23 49.66 7489
29 P 10.11 49.78 8588
30 P 9.98 49.92 7620
31 P 10.15 49.82 4125
32 P 10.51 49.65 7524
33 P 10.77 49.50 7659
34 P 10.53 49.49 9269
35 P 10.72 49.31 8593
36 P 10.93 49.17 8882
37 P 10.69 49.26 9790
38 P 10.71 49.30 5181
39 P 10.42 49.16 10738
40 P 10.60 49.08 9777
41 P 10.18 49.24 9297
42 P 10.64 49.35 8873
43 P 10.11 49.44 9072
44 P 10.49 49.50 9354
45 P 10.44 49.44 9371
46 P 10.30 49.36 9539
47 P 10.61 49.30 9122
48 P 10.89 49.42 10166
49 P 10.69 49.37 5154
50 P 10.94 49.31 9160
51 P 10.95 49.30 8880
52 P 10.82 49.17 8860
53 P 11.07 48.85 9764
54 P 10.79 49.51 12819
55 P 10.49 49.44 4921
56 P 11.19 49.08 8829
57 P 11.30 48.87 8391
58 P 11.35 48.88 9478
59 P 11.23 48.85 9007
60 P 11.14 48.88 8852
61 P 11.15 48.85 9026
62 P 10.87 48.95 9656
63 P 11.19 48.82 9347
64 P 11.40 48.89 9123
65 P 11.31 48.86 8549
66 P 11.87 48.74 8043
67 P 11.44 48.88 8459
68 P 11.75 48.88 8806
69 P 11.88 48.88 8334
70 P 11.53 48.69 8281
71 P 11.84 48.56 8523
72 P 11.92 48.95 9563
73 P 12.17 48.92 4145
74 P 11.97 48.74 8080
75 P 12.76 48.68 7698
76 P 12.65 48.62 7564
77 P 12.43 48.74 8345
78 P 12.51 48.90 7639
79 P 12.13 48.95 3906
80 P 12.42 48.77 7527
81 P 12.64 48.62 7096
82 P 12.97 48.68 7987
83 P 12.72 48.75 7175
84 P 12.89 48.66 7071
85 P 12.78 48.69 7545
86 P 13.37 48.69 7535
87 P 12.35 48.55 7549
88 P 13.30 48.58 7731
89 P 13.47 48.56 7335
90 P 13.34 48.56 7034
91 P 13.00 48.49 7740
92 P 12.74 48.47 8251
93 P 12.48 48.46 8034
94 P 13.02 48.43 8063
95 P 13.16 48.32 7863
96 P 12.84 48.92 9630
97 P 12.59 48.88 4443
98 P 12.03 48.60 8879
99 P 12.73 48.52 9230
100 P 12.70 48.47 9076
101 P 13.31 48.50 10091
102 P 12.93 48.73 9836
103 P 12.55 48.69 4625
104 P 13.01 48.49 8759
105 P 12.72 48.77 9462
106 P 12.51 48.64 8670
107 P 12.72 48.57 8856
108 P 12.58 48.26 8508
109 P 12.58 48.87 12236
110 P 12.59 48.60 8939
111 P 13.14 48.61 8842
112 P 13.09 48.53 7620
113 P 13.08 48.48 8035
114 P 12.93 48.47 8107
115 P 13.05 48.58 7864
116 P 13.09 48.47 8498
117 P 13.13 48.41 8369
118 P 13.17 48.41 8567
119 P 13.32 48.37 8345
120 P 13.24 48.40 7964
121 P 13.65 48.52 7956
122 P 13.71 48.28 7401
123 P 13.26 48.42 8225
124 P 13.10 48.48 7957
125 P 13.36 48.52 3999
126 P 13.30 48.37 7197
127 P 13.23 48.34 7148
128 P 13.14 48.44 7625
129 P 13.10 48.42 6744
130 P 13.12 48.58 7604
131 P 13.37 48.55 4251
132 P 13.04 48.39 7615
133 P 13.33 48.36 8575
134 P 13.50 48.39 7721
135 P 13.38 48.38 7150
136 P 13.31 48.32 7417
137 P 13.36 48.38 6410
138 P 13.06 48.46 6496
139 P 13.00 48.42 6498
140 P 13.19 48.44 6746
141 P 13.42 48.41 6816
142 P 13.09 48.69 8200
143 P 12.96 48.58 5104
144 P 13.38 48.57 6906
145 P 13.05 48.59 6322
146 P 12.64 48.55 6198
147 P 12.97 48.50 6972
148 P 13.09 48.64 6134
149 P 13.21 48.68 3230
150 P 13.57 48.59 6149
151 P 13.64 48.52 6377
152 P 13.64 48.57 7651
153 P 13.39 48.48 7348
154 P 13.58 48.60 7141
155 P 13.68 48.64 3899
156 P 13.85 48.45 6682
157 P 13.16 48.52 8748
158 P 12.97 48.51 7356
159 P 13.17 48.49 7513
160 P 12.75 48.54 7337
161 P 13.05 48.54 7563
162 P 13.19 48.28 6503
163 P 12.40 48.77 11155
164 P 12.80 48.59 7869
165 P 12.70 48.50 7503
166 P 12.40 48.72 8803
167 P 12.93 48.74 3525
168 P 12.66 48.63 8181
169 P 12.88 48.47 8216
170 P 13.07 48.48 8386
171 P 13.07 48.49 9735
172 P 12.79 48.58 9091
173 P 12.57 48.51 5270
174 P 13.22 48.40 8976
175 P 13.33 48.43 8581
176 P 12.98 48.52 9784
177 P 12.68 48.56 8888
178 P 12.68 48.64 8734
179 P 12.43 48.73 3983
180 P 12.82 48.53 7733
181 P 12.89 48.65 8236
182 P 13.17 48.66 7165
183 P 12.86 48.62 7478
184 P 13.21 48.65 7318
185 P 12.70 48.50 7935
186 P 12.68 48.53 8544
187 P 13.28 48.51 8345
188 P 12.87 48.53 8617
189 P 12.97 48.43 7815
190 P 12.62 48.58 8919
191 P 13.03 48.64 3823
192 P 13.06 48.49 7397
193 P 12.83 48.53 7905
194 P 12.77 48.49 7792
195 P 12.77 48.53 8747
196 P 13.19 48.59 8289
197 P 12.99 48.59 4332
198 P 13.03 48.49 7780
199 P 12.69 48.50 7842
200 P 12.85 48.61 9128
201 P 13.13 48.58 8131
202 P 13.21 48.62 8589
203 P 12.60 48.51 6062
204 P 12.35 48.55 9308
205 P 12.85 48.48 9055
206 P 12.72 48.48 7536
207 P 12.63 48.51 7372
208 P 12.75 48.53 7103
209 P 13.21 48.28 6354
210 P 12.94 48.98 9473
211 P 12.64 48.72 6765
212 P 13.05 48.69 7125
213 P 12.46 48.60 7277
214 P 12.11 48.93 8953
215 P 12.62 48.90 3155
216 P 12.86 48.69 7307
217 P 12.46 48.68 7277
218 P 12.39 48.76 7028
219 P 12.96 48.66 7535
220 P 12.64 48.82 7461
221 P 12.82 48.84 3226
222 P 12.86 48.59 7485
223 P 12.71 48.40 7810
224 P 12.99 48.54 9266
225 P 12.86 48.54 8928
226 P 12.56 48.77 9398
227 P 13.32 48.69 3869
228 P 13.55 48.58 9481
229 P 13.33 48.61 8363
230 P 13.41 48.73 7909
231 P 13.10 48.66 7753
232 P 13.04 48.69 7417
233 P 12.73 48.69 7301
234 P 12.94 48.77 6921
235 P 13.30 48.67 7148
236 P 13.34 48.73 7483
237 P 13.05 48.62 7581
238 P 13.16 48.83 9222
239 P 12.74 48.81 3986
240 P 13.14 48.60 8061
241 P 13.29 48.53 7915
242 P 13.16 48.51 7477
243 P 12.68 48.63 8587
244 P 13.05 48.82 7666
245 P 13.38 48.81 3161
246 P 13.18 48.70 7169
247 P 13.08 48.62 7893
248 P 13.06 48.57 7096
249 P 13.36 48.61 7341
250 P 13.12 48.63 7104
251 P 13.48 48.63 3311
252 P 13.46 48.58 8013
253 P 12.92 48.55 7544
254 P 12.95 48.53 7400
255 P 14.13 47.94 5860
% Nframe | type | QP | PSNR | size (Bytes) 
25 P 10.74 49.57 13644
26 P 10.78 49.23 13352
27 P 10.91 48.94 13826
28 P 11.28 48.27 13925
29 P 11.98 47.57 14338
30 P 12.49 47.16 12007
31 P 13.20 47.06 10903
32 P 13.33 46.95 10203
33 P 13.52 46.93 8979
34 P 13.86 47.22 8018
35 P 13.85 47.12 6248
36 P 13.99 47.23 5680
37 P 14.08 47.26 5248
38 P 13.99 47.03 5615
39 P 14.43 46.73 5993
40 P 14.64 46.36 5858
41 P 14.94 45.90 5628
42 P 15.20 45.64 5641
43 P 15.23 45.48 5416
44 P 15.35 45.52 4845
45 P 15.27 45.60 4848
46 P 15.31 45.61 4735
47 P 15.22 45.79 4645
48 P 14.94 45.85 4686
49 P 15.08 45.91 4916
50 P 15.14 45.86 5480
51 P 14.85 45.78 6331
52 P 14.76 45.74 6532
53 P 14.59 45.94 6744
54 P 14.39 45.97 5871
55 P 14.45 46.05 4976
56 P 14.29 46.22 4691
57 P 14.36 46.27 4953
58 P 14.20 46.34 4877
59 P 14.24 46.48 4854
60 P 14.09 46.52 5179
61 P 13.80 46.55 5696
62 P 13.80 46.62 5544
63 P 13.81 46.66 5812
64 P 13.77 46.58 5700
65 P 13.91 46.53 5358
66 P 13.68 46.53 4794
67 P 13.72 46.51 4620
68 P 13.50 46.63 5881
69 P 13.55 46.57 6365
70 P 13.51 46.50 7006
71 P 13.48 46.53 8452
72 P 13.17 46.55 8372
73 P 13.20 46.60 8044
74 P 13.19 46.66 7746
75 P 12.98 46.79 6843
76 P 12.88 46.93 6573
77 P 12.72 47.14 5790
78 P 12.81 47.20 6373
79 P 12.74 47.21 6776
80 P 12.62 47.25 6879
81 P 12.59 47.24 5840
82 P 12.46 47.30 5653
83 P 12.67 47.23 5694
84 P 12.85 47.19 6239
85 P 12.60 47.22 6841
86 P 12.69 47.14 6755
87 P 12.67 47.06 7234
88 P 12.79 47.08 7556
89 P 12.59 47.16 7615
90 P 12.58 47.20 7778
91 P 12.56 47.14 7618
92 P 12.50 47.27 7784
93 P 12.45 47.29 7768
94 P 12.47 47.32 7280
95 P 12.47 47.37 7055
96 P 12.43 47.45 6843
97 P 12.48 47.49 6782
98 P 12.38 47.55 6770
99 P 12.33 47.61 6209
100 P 12.41 47.62 6024
101 P 12.43 47.56 6037
102 P 12.34 47.56 5970
103 P 12.29 47.54 6476
104 P 12.24 47.56 6788
105 P 12.23 47.54 6468
106 P 12.15 47.62 6282
107 P 12.17 47.69 5253
108 P 12.19 47.70 4736
109 P 12.17 47.67 5241
110 P 12.13 47.69 5474
111 P 12.08 47.70 5527
112 P 12.20 47.74 5686
113 P 12.08 47.70 6073
114 P 11.90 47.76 6399
115 P 12.02 47.80 5326
116 P 12.03 47.90 4888
117 P 11.99 47.80 5206
118 P 12.06 47.85 5704
119 P 11.88 47.84 6247
120 P 11.97 47.84 6294
121 P 11.77 47.85 6813
122 P 11.87 47.76 7070
123 P 11.77 47.85 7436
124 P 11.76 47.86 7090
125 P 11.74 47.99 7079
126 P 11.59 47.95 6628
127 P 11.58 47.98 6398
128 P 11.47 48.03 6528
129 P 11.49 48.11 6659
130 P 11.56 48.16 5833
131 P 11.44 48.17 6140
132 P 11.27 48.26 6313
133 P 11.32 48.29 5683
134 P 11.31 48.29 5827
135 P 11.42 48.23 6229
136 P 11.32 48.23 6529
137 P 11.29 48.26 6811
138 P 11.36 48.31 6878
139 P 11.18 48.37 6076
140 P 11.09 48.41 4223
141 P 11.14 48.48 4270
142 P 11.22 48.44 5916
143 P 11.11 48.46 6102
144 P 11.19 48.48 6025
145 P 11.18 48.53 5248
146 P 10.87 48.62 5470
147 P 10.83 48.67 5122
148 P 11.03 48.65 4890
149 P 11.07 48.58 5821
150 P 11.00 48.60 6760
151 P 11.04 48.49 6666
152 P 11.02 48.50 7407
153 P 10.90 48.57 7788
154 P 10.86 48.60 7560
155 P 10.75 48.59 6547
156 P 10.76 48.74 5857
157 P 10.66 48.79 6655
158 P 10.63 48.79 6584
159 P 10.60 48.74 5548
160 P 10.49 48.90 5932
161 P 10.56 48.86 5853
162 P 10.54 48.92 4768
163 P 10.57 48.97 4926
164 P 10.47 49.00 5358
165 P 10.40 48.97 5262
166 P 10.36 48.98 5597
167 P 10.46 49.00 5916
168 P 10.58 48.96 6338
169 P 10.47 48.96 5856
170 P 10.54 49.05 5455
171 P 10.32 49.15 5585
172 P 10.45 49.10 6077
173 P 10.37 49.09 6664
174 P 10.51 49.07 6658
175 P 10.25 49.08 7266
176 P 10.27 49.08 7809
177 P 10.27 49.12 6861
178 P 10.05 49.18 5577
179 P 10.26 49.26 5455
180 P 10.16 49.32 5979
181 P 10.11 49.32 6740
182 P 10.11 49.27 6374
183 P 10.11 49.35 6560
184 P 9.99 49.38 5860
185 P 9.98 49.44 4973
186 P 9.88 49.47 4806
187 P 9.73 49.56 5340
188 P 9.63 49.62 4728
189 P 10.10 49.36 6101
190 P 9.96 49.39 8001
191 P 10.07 49.27 8359
192 P 9.93 49.27 8574
193 P 9.95 49.38 7761
194 P 9.88 49.36 7525
195 P 9.77 49.48 7080
196 P 9.76 49.48 6470
197 P 9.62 49.57 6815
198 P 9.65 49.60 7188
199 P 9.69 49.55 7151
200 P 9.63 49.58 8668
201 P 9.71 49.53 7591
202 P 9.53 49.54 9028
203 P 9.65 49.48 9018
204 P 9.83 49.46 8908
205 P 9.94 49.40 9071
206 P 9.77 49.45 9746
207 P 9.86 49.44 9851
208 P 9.72 49.42 10274
209 P 9.73 49.50 9826
210 P 9.67 49.50 9062
211 P 9.76 49.59 9161
212 P 9.74 49.48 9080
213 P 9.60 49.55 10127
214 P 9.65 49.51 9912
215 P 9.68 49.49 9363
216 P 9.71 49.55 9032
217 P 9.67 49.57 8121
218 P 9.50 49.60 6089
219 P 9.72 49.59 6309
220 P 9.75 49.59 8196
221 P 9.78 49.58 8377
222 P 9.85 49.47 8385
223 P 9.93 49.47 8795
224 P 9.96 49.46 8860
225 P 10.11 49.29 9033
226 P 10.08 49.27 9219
227 P 10.06 49.24 8989
228 P 10.05 49.25 8709
229 P 9.98 49.20 8673
230 P 10.01 49.31 8208
231 P 10.00 49.31 8048
232 P 10.02 49.35 8311
233 P 9.95 49.36 7618
234 P 10.03 49.37 6768
235 P 9.96 49.35 5731
236 P 9.92 49.43 5775
237 P 9.95 49.45 6286
238 P 10.01 49.34 6434
239 P 10.02 49.26 7481
240 P 10.07 49.24 6642
241 P 10.06 49.33 5861
242 P 10.14 49.36 5998
243 P 9.84 49.38 5833
244 P 9.89 49.44 4750
245 P 9.94 49.47 5417
246 P 10.06 49.49 5243
247 P 9.90 49.58 4834
248 P 9.98 49.57 5084
249 P 9.97 49.55 4821
250 P 9.92 49.62 4983
251 P 9.68 49.61 5096
252 P 9.70 49.72 5394
253 P 9.86 49.63 5382
254 P 9.88 49.64 5125
255 P 9.86 49.65 5045
256 P 9.99 49.63 5781
257 P 9.85 49.64 5464
258 P 9.82 49.66 6242
259 P 9.67 49.59 5943
260 P 9.72 49.62 6201
261 P 9.61 49.66 6355
262 P 9.59 49.63 6272
263 P 9.50 49.67 6753
264 P 9.51 49.69 6610
265 P 9.60 49.78 5460
266 P 9.56 49.75 6087
267 P 9.46 49.86 6899
268 P 9.51 49.79 6969
269 P 9.45 49.79 8015
270 P 9.57 49.72 8351
271 P 9.45 49.74 7738
272 P 9.45 49.79 7650
273 P 9.57 49.74 7783
274 P 9.54 49.73 8407
275 P 9.41 49.76 8614
276 P 9.41 49.73 8550
277 P 9.46 49.73 8414
278 P 9.53 49.72 9425
279 P 9.46 49.70 10110
280 P 9.49 49.63 10832
281 P 9.53 49.59 11011
282 P 9.55 49.62 11684
283 P 9.52 49.58 12011
284 P 9.48 49.64 12292
285 P 9.54 49.58 12642
286 P 9.48 49.58 12662
287 P 9.59 49.51 12315
288 P 9.61 49.58 12566
289 P 9.67 49.50 12828
290 P 9.61 49.52 12998
291 P 9.69 49.48 12809
292 P 9.75 49.37 12250
293 P 9.65 49.48 12549
294 P 9.69 49.37 12603
295 P 9.92 49.34 12118
296 P 9.89 49.30 12524
297 P 9.97 49.24 12338
298 P 10.05 49.24 11968
299 P 10.17 49.22 12021
300 P 10.22 49.08 11667
301 P 10.23 49.05 11554
302 P 10.23 49.02 11536
303 P 10.26 48.96 11202
304 P 10.30 48.94 11083
305 P 10.41 48.90 11025
306 P 10.50 48.89 10580
307 P 10.60 48.75 10058
308 P 10.64 48.79 10349
309 P 10.62 48.78 9822
310 P 10.71 48.72 9062
311 P 10.78 48.65 9481
312 P 10.80 48.67 9614
313 P 10.76 48.70 9937
314 P 10.88 48.62 9688
315 P 10.97 48.62 9942
316 P 10.94 48.56 9763
317 P 11.06 48.54 9454
318 P 11.01 48.58 9404
319 P 10.94 48.51 9260
320 P 11.04 48.46 9095
321 P 11.11 48.47 9298
322 P 11.08 48.39 8689
323 P 11.09 48.35 8612
324 P 11.10 48.38 8557
325 P 11.20 48.41 8617
326 P 11.21 48.37 8174
327 P 11.12 48.46 7813
328 P 11.14 48.40 7625
329 P 11.24 48.38 7238
330 P 11.17 48.43 6694
331 P 11.26 48.34 6084
332 P 11.28 48.29 7285
333 P 11.34 48.29 7756
334 P 11.37 48.27 7907
335 P 11.35 48.31 8168
336 P 11.33 48.24 8451
337 P 11.33 48.27 8237
338 P 11.41 48.22 8180
339 P 11.51 48.24 8087
340 P 11.40 48.26 8368
341 P 11.47 48.26 8138
342 P 11.43 48.25 8232
343 P 11.38 48.29 7805
344 P 11.21 48.28 7525
345 P 11.38 48.30 7578
346 P 11.31 48.34 7219
347 P 11.31 48.30 7682
348 P 11.47 48.23 7408
349 P 11.43 48.28 7502
350 P 11.32 48.46 7669
351 P 11.24 48.36 5743
352 P 11.28 48.40 5544
353 P 11.41 48.31 6112
354 P 12.63 47.35 4777
