% Nframe | type | QP | PSNR | size (Bytes) 
0 I 34.41 35.89 11803
1 P 37.28 35.45 303
2 P 38.52 35.19 585
3 P 37.59 35.26 918
4 P 38.33 35.28 1083
5 P 36.71 35.28 1100
6 P 38.26 35.34 1287
7 P 37.53 35.13 1026
8 P 36.78 34.91 1056
9 P 38.99 34.68 931
10 P 37.97 34.90 930
11 P 38.12 35.11 1197
12 P 41.99 34.04 445
13 P 42.10 33.43 553
14 P 40.21 33.66 834
15 P 39.52 34.09 791
16 P 37.77 35.06 1235
17 P 36.32 35.80 1742
18 P 35.08 35.99 2457
19 P 34.87 36.01 2852
20 P 33.45 35.70 2894
21 P 32.52 36.02 2485
22 P 31.92 36.70 2993
23 P 31.45 37.18 4196
24 P 30.42 37.52 4382
25 P 30.00 37.58 5118
26 P 29.89 37.77 5033
27 P 28.93 38.24 4542
28 P 28.76 38.51 4222
29 P 28.79 38.28 4955
30 P 29.65 38.21 6015
31 P 30.08 38.25 5941
32 P 29.64 38.36 5666
33 P 30.13 38.39 4756
34 P 29.48 38.24 5765
35 P 30.52 37.94 5644
36 P 30.57 37.79 5139
37 P 30.60 37.60 3370
38 P 30.95 37.78 2174
39 P 31.35 37.84 2850
40 P 31.44 37.81 3289
41 P 31.82 37.68 2887
42 P 31.01 37.50 2547
43 P 31.80 37.42 2377
44 P 32.03 37.30 2206
45 P 31.97 37.30 2282
46 P 33.78 37.06 2071
47 P 34.10 36.63 2004
48 P 35.18 36.54 1820
49 P 34.20 36.78 1465
50 P 33.78 37.06 1620
51 P 33.69 37.07 2140
52 P 33.53 36.82 2280
53 P 33.50 36.80 2232
54 P 33.27 36.77 2417
55 P 33.31 36.67 2461
56 P 33.44 36.65 2492
57 P 32.69 36.69 2558
58 P 32.62 37.06 2754
59 P 33.29 37.32 3754
60 P 32.27 37.50 4566
61 P 32.24 37.44 4422
62 P 32.01 37.18 4027
63 P 32.93 37.02 4113
64 P 32.14 36.98 3923
65 P 32.10 36.93 3374
66 P 32.00 37.07 3649
67 P 31.99 37.19 3436
68 P 31.84 37.29 3105
69 P 32.00 37.21 3414
70 P 31.45 37.07 3615
71 P 32.13 37.08 3628
72 P 32.69 36.96 3377
73 P 33.35 36.65 2950
74 P 33.14 36.57 2750
75 P 32.79 36.86 3355
76 P 32.40 37.03 3752
77 P 32.56 37.42 4779
78 P 32.33 37.57 5240
79 P 32.69 37.51 5153
80 P 32.05 37.15 5512
81 P 32.43 36.88 5745
82 P 31.88 36.60 5606
83 P 32.10 36.57 4769
84 P 31.62 36.70 4590
85 P 31.99 36.81 4250
86 P 31.16 36.92 3849
87 P 31.66 37.00 3949
88 P 32.29 36.92 3843
89 P 32.32 36.79 4028
90 P 32.71 36.52 3621
91 P 33.42 36.55 3685
92 P 33.74 36.50 3669
93 P 33.37 36.41 3405
94 P 34.34 36.38 2652
95 P 33.99 36.24 2562
96 P 33.63 36.16 2212
97 P 34.80 36.29 2208
98 P 33.93 36.17 2405
99 P 34.37 35.92 2365
100 P 33.98 35.67 2390
101 P 34.76 35.65 2177
102 P 34.17 35.74 2186
103 P 34.08 36.03 2744
104 P 34.72 35.94 2819
105 P 34.85 35.74 3292
106 P 34.85 35.91 2969
107 P 34.03 35.75 2646
108 P 34.55 35.76 2814
109 P 34.71 35.72 2726
110 P 34.15 35.82 2988
111 P 34.82 35.78 2844
112 P 33.96 35.86 2737
113 P 34.84 35.89 2205
114 P 34.17 36.04 2026
115 P 33.75 36.19 1943
116 P 35.46 36.26 2128
117 P 34.31 36.19 2266
118 P 35.32 36.21 2605
119 P 35.31 36.08 2871
120 P 34.82 35.93 2719
121 P 35.02 35.88 2719
122 P 34.34 35.90 2798
123 P 35.00 35.99 2271
124 P 34.86 36.12 2117
125 P 35.45 36.06 2199
126 P 35.69 35.99 2268
127 P 34.77 35.85 2606
128 P 34.54 36.11 3204
129 P 34.64 36.39 3351
130 P 33.43 36.71 3743
131 P 33.49 36.81 3768
132 P 34.16 36.61 3352
133 P 33.92 36.38 3520
134 P 34.24 36.27 2987
135 P 34.61 36.27 2562
136 P 34.38 36.22 3037
137 P 34.01 36.17 2829
138 P 34.39 36.11 2299
139 P 34.96 36.30 1658
140 P 34.66 36.38 2373
141 P 33.10 36.53 3071
142 P 34.17 36.59 3244
143 P 34.22 36.98 3043
144 P 34.56 37.20 3490
145 P 34.35 37.27 3835
146 P 33.96 37.44 4047
147 P 33.36 37.29 5176
148 P 32.68 36.75 5624
149 P 32.28 36.47 6266
150 P 32.42 36.63 6361
151 P 32.08 36.92 5924
152 P 31.79 37.23 5307
153 P 31.95 37.58 5377
154 P 31.90 37.59 5257
155 P 31.53 37.94 5637
156 P 31.40 38.18 6044
157 P 31.43 38.62 7534
158 P 31.44 39.05 8575
159 P 31.19 39.19 8607
160 P 31.32 39.21 8798
161 P 31.49 39.66 8896
162 P 31.28 40.39 7818
163 P 30.91 40.91 7155
164 P 30.74 41.65 6506
165 P 30.35 42.34 5633
166 P 29.99 42.08 5528
167 P 30.98 41.83 5182
168 P 30.92 41.94 5278
169 P 30.81 41.13 5651
170 P 31.03 40.57 6295
171 P 30.99 40.71 6927
172 P 31.74 40.31 6878
173 P 32.11 40.19 7024
174 P 34.10 39.30 7968
175 P 33.57 38.59 7996
176 P 33.66 37.81 6216
177 P 33.83 37.29 4242
178 P 34.00 37.02 4994
179 P 34.27 36.58 5075
180 P 34.19 36.37 4871
181 P 34.54 35.87 5044
182 P 34.79 35.55 5029
183 P 35.10 35.33 4875
184 P 35.96 34.86 4770
185 P 35.81 34.39 4703
186 P 35.96 34.02 4980
187 P 36.18 33.63 4563
188 P 36.11 33.63 4305
189 P 35.75 33.89 3824
190 P 36.04 33.75 4015
191 P 35.96 33.64 4086
192 P 36.32 33.17 3950
193 P 36.57 32.89 4102
194 P 36.71 32.76 3968
195 P 37.21 32.44 3294
196 P 37.46 32.13 3944
197 P 37.56 31.79 4321
198 P 37.52 31.61 3750
199 P 37.79 31.47 3760
200 P 38.04 31.02 3592
201 P 38.27 30.49 4958
202 P 38.62 29.89 4998
203 P 39.29 29.13 5160
204 P 39.10 28.52 5395
205 P 39.24 28.03 4115
206 P 39.67 27.94 3140
207 P 40.08 27.34 2648
208 P 40.27 27.26 1927
209 P 40.08 27.28 2116
210 P 40.12 27.31 1479
211 P 40.54 27.25 1387
212 P 39.98 27.48 1662
213 P 39.99 27.43 1586
214 P 39.72 27.39 1549
215 P 40.21 27.38 1576
216 P 40.31 27.32 1528
217 P 40.31 27.25 1231
218 P 40.30 27.23 1089
219 P 40.06 27.25 782
220 P 39.27 27.32 480
221 P 40.48 27.34 384
222 P 41.14 27.37 387
223 P 40.25 27.44 362
224 P 39.77 27.44 254
225 P 41.17 27.51 271
226 P 39.40 27.50 532
227 P 40.99 27.49 616
228 P 40.08 27.46 752
229 P 40.48 27.55 760
230 P 40.13 27.56 781
231 P 39.33 27.61 353
232 P 39.68 27.62 375
233 P 40.27 27.65 417
234 P 38.85 27.68 466
235 P 39.94 27.67 520
236 P 39.73 27.69 453
237 P 39.78 27.68 764
238 P 40.24 27.67 684
239 P 39.96 27.64 868
240 P 39.82 27.76 1185
241 P 39.39 27.78 1154
242 P 39.40 27.83 1247
243 P 39.47 27.80 1200
244 P 39.21 27.89 1617
245 P 38.65 27.94 1131
246 P 38.64 27.97 996
247 P 39.63 27.79 223
% Nframe | type | QP | PSNR | size (Bytes) 
25 P 31.14 36.27 1237
26 P 30.89 36.45 3082
27 P 32.12 36.45 2563
28 P 31.94 36.53 2747
29 P 31.30 36.71 3533
30 P 31.39 36.86 2979
31 P 30.69 36.96 1109
32 P 32.12 36.93 2759
33 P 30.79 36.94 2802
34 P 32.21 37.01 4408
35 P 30.84 37.00 3475
36 P 32.68 36.84 3055
37 P 31.89 36.89 3954
38 P 31.95 36.89 1443
39 P 31.38 36.87 4983
40 P 30.79 36.92 3917
41 P 30.78 36.95 3591
42 P 31.36 36.99 3473
43 P 29.63 37.08 3925
44 P 30.83 37.14 3813
45 P 31.14 37.16 3628
46 P 32.31 37.14 3347
47 P 32.20 37.13 3375
48 P 31.86 37.26 4507
49 P 31.75 37.24 1449
50 P 32.24 37.19 3404
51 P 32.03 37.14 3192
52 P 32.22 37.03 3201
53 P 32.40 36.90 3777
54 P 31.18 37.08 8091
55 P 31.36 37.05 1493
56 P 32.46 36.81 2817
57 P 31.51 36.74 2859
58 P 31.95 36.78 3977
59 P 32.17 36.74 3214
60 P 32.42 36.70 3094
61 P 31.94 36.77 3461
62 P 32.69 36.73 3657
63 P 31.67 36.75 3536
64 P 32.08 36.76 3573
65 P 32.45 36.74 3225
66 P 32.75 36.58 2946
67 P 32.65 36.65 3467
68 P 33.64 36.66 3530
69 P 33.15 36.63 3434
70 P 32.58 36.57 3531
71 P 32.77 36.51 3600
72 P 32.18 36.74 4809
73 P 31.79 36.72 1168
74 P 32.17 36.58 3548
75 P 32.41 36.61 3347
76 P 33.00 36.54 3043
77 P 32.79 36.62 3855
78 P 33.00 36.66 3121
79 P 33.35 36.66 1063
80 P 33.09 36.50 2968
81 P 32.95 36.51 2644
82 P 32.97 36.55 3718
83 P 33.10 36.54 2706
84 P 33.58 36.53 2776
85 P 33.17 36.53 3005
86 P 33.34 36.53 2720
87 P 33.83 36.46 2731
88 P 33.77 36.52 3087
89 P 32.86 36.52 2428
90 P 33.91 36.54 2553
91 P 32.81 36.50 2855
92 P 33.30 36.56 2991
93 P 33.11 36.56 3042
94 P 32.53 36.53 3098
95 P 32.07 36.49 2866
96 P 32.20 36.71 4567
97 P 31.75 36.71 982
98 P 32.30 36.58 3242
99 P 32.95 36.62 3609
100 P 32.59 36.52 3511
101 P 32.78 36.58 4855
102 P 32.08 36.64 4353
103 P 33.00 36.66 1445
104 P 33.24 36.56 3397
105 P 31.57 36.76 4602
106 P 31.96 36.68 3538
107 P 32.66 36.67 3831
108 P 32.78 36.58 3495
109 P 33.73 36.88 6887
110 P 33.76 36.81 3324
111 P 33.34 36.75 3334
112 P 33.37 36.77 2772
113 P 33.12 36.70 2690
114 P 33.01 36.72 2923
115 P 33.23 36.78 2879
116 P 33.06 36.78 3025
117 P 32.99 36.72 3176
118 P 33.32 36.66 3135
119 P 33.40 36.56 2871
120 P 33.55 36.59 2855
121 P 33.26 36.55 2671
122 P 33.90 36.54 2667
123 P 33.53 36.59 2912
124 P 33.32 36.64 2690
125 P 33.24 36.67 904
126 P 33.44 36.64 2228
127 P 33.44 36.63 2257
128 P 33.56 36.70 2722
129 P 33.96 36.64 2190
130 P 33.75 36.75 2754
131 P 33.21 36.74 1039
132 P 33.91 36.64 2778
133 P 33.61 36.68 3480
134 P 33.98 36.64 2616
135 P 34.13 36.67 2780
136 P 33.43 36.60 2441
137 P 34.44 36.68 2242
138 P 33.94 36.74 2305
139 P 33.38 36.75 2329
140 P 33.20 36.78 2286
141 P 33.68 36.76 2291
142 P 33.24 36.88 3096
143 P 32.68 36.91 1180
144 P 32.97 36.87 2348
145 P 33.59 36.82 1920
146 P 33.06 36.76 1987
147 P 33.60 36.77 2653
148 P 32.46 36.83 2338
149 P 33.44 36.87 721
150 P 32.60 36.79 1889
151 P 33.19 36.83 2123
152 P 32.86 36.87 2865
153 P 33.11 36.83 2528
154 P 33.06 36.89 2826
155 P 32.82 36.91 1137
156 P 32.96 36.78 2334
157 P 32.98 36.89 3797
158 P 33.04 36.89 2710
159 P 33.04 36.85 2685
160 P 32.71 36.84 2882
161 P 32.46 36.85 2904
162 P 32.92 36.86 2414
163 P 32.70 36.98 6994
164 P 32.43 36.86 3182
165 P 32.56 36.81 2869
166 P 32.75 36.99 4367
167 P 32.47 37.02 971
168 P 32.73 36.93 3236
169 P 32.86 36.88 3112
170 P 32.37 36.83 3323
171 P 33.03 36.86 4477
172 P 32.67 36.94 3796
173 P 32.15 36.90 1696
174 P 32.46 36.87 3688
175 P 33.32 36.84 3405
176 P 32.92 36.88 4671
177 P 33.03 36.89 3654
178 P 32.27 36.98 3777
179 P 32.29 37.02 1126
180 P 32.59 36.89 3036
181 P 32.37 36.96 3785
182 P 32.02 36.90 2855
183 P 32.39 36.96 2964
184 P 32.46 36.98 2846
185 P 32.43 36.95 3132
186 P 32.75 36.92 3292
187 P 32.45 36.97 3203
188 P 32.22 36.99 3442
189 P 31.87 36.91 2801
190 P 32.03 36.95 4068
191 P 32.08 36.98 1081
192 P 32.23 36.87 2758
193 P 32.68 36.89 3057
194 P 32.36 36.87 2882
195 P 32.26 36.94 3826
196 P 31.60 36.96 3482
197 P 32.03 36.99 1440
198 P 31.67 36.89 2945
199 P 32.01 36.87 2936
200 P 32.19 36.94 4161
201 P 32.21 36.91 3433
202 P 32.31 36.90 3669
203 P 32.05 36.91 1845
204 P 32.63 36.87 4094
205 P 32.55 36.80 3578
206 P 32.73 36.88 2974
207 P 32.54 36.87 2889
208 P 32.47 36.87 2934
209 P 32.69 36.76 2477
210 P 32.63 37.31 5408
211 P 31.77 37.27 2540
212 P 32.85 37.23 2623
213 P 32.71 37.22 2600
214 P 32.00 37.39 4376
215 P 32.15 37.40 880
216 P 32.33 37.27 2908
217 P 31.60 37.26 3012
218 P 32.31 37.21 2703
219 P 32.02 37.21 3573
220 P 32.19 37.33 2961
221 P 32.32 37.37 655
222 P 31.51 37.29 2721
223 P 32.18 37.31 3001
224 P 32.41 37.30 3892
225 P 32.42 37.35 3427
226 P 32.94 37.39 3603
227 P 32.11 37.38 1082
228 P 32.24 37.27 4279
229 P 31.82 37.26 3156
230 P 32.22 37.27 2816
231 P 31.89 37.27 2813
232 P 32.14 37.27 2734
233 P 31.86 37.31 2568
234 P 31.79 37.29 2369
235 P 32.30 37.28 2601
236 P 32.04 37.24 2585
237 P 31.96 37.18 2688
238 P 31.74 37.27 4155
239 P 32.10 37.27 1167
240 P 32.17 37.19 3140
241 P 32.05 37.15 3304
242 P 32.42 37.12 2878
243 P 32.09 37.18 3892
244 P 31.47 37.27 2830
245 P 32.32 37.28 851
246 P 32.39 37.22 2620
247 P 31.92 37.21 3433
248 P 31.45 37.20 2705
249 P 32.46 37.17 2705
250 P 31.83 37.19 2689
251 P 32.57 37.18 1029
252 P 31.65 37.11 3310
253 P 32.26 37.10 2795
254 P 32.37 37.07 2640
255 P 33.99 36.74 2184
% Nframe | type | QP | PSNR | size (Bytes) 
25 P 30.56 41.68 5547
26 P 31.19 41.31 5491
27 P 31.70 40.47 5639
28 P 32.67 39.22 5441
29 P 33.90 36.98 4974
30 P 34.76 36.82 3037
31 P 33.83 37.56 3439
32 P 34.39 37.72 3623
33 P 33.63 37.98 3316
34 P 33.43 38.19 2816
35 P 33.27 38.22 2375
36 P 33.61 38.17 2044
37 P 34.55 38.07 1933
38 P 33.60 37.85 2037
39 P 34.49 37.36 2122
40 P 35.99 36.58 1729
41 P 37.16 35.98 1659
42 P 36.95 35.70 1549
43 P 37.09 35.28 1512
44 P 37.39 35.47 1407
45 P 36.99 35.78 1566
46 P 36.69 35.80 1632
47 P 36.49 35.99 1594
48 P 36.31 36.32 1537
49 P 36.58 36.20 1596
50 P 36.16 35.99 1841
51 P 36.54 35.75 1892
52 P 36.41 35.61 2231
53 P 36.31 35.66 2199
54 P 35.68 35.94 2020
55 P 35.51 36.21 1745
56 P 35.40 36.41 1372
57 P 35.17 36.26 1332
58 P 35.17 36.13 1261
59 P 34.85 36.21 1362
60 P 35.02 36.19 1462
61 P 34.69 36.36 1652
62 P 34.69 36.40 1567
63 P 34.72 36.26 1721
64 P 34.81 36.12 1722
65 P 34.77 35.84 1629
66 P 34.61 35.83 1257
67 P 35.04 35.98 1165
68 P 34.87 36.24 1439
69 P 34.47 36.17 1586
70 P 34.95 36.36 1844
71 P 33.32 36.39 2829
72 P 34.56 36.34 2625
73 P 33.91 36.22 2686
74 P 33.78 36.14 2468
75 P 33.79 36.26 2210
76 P 33.35 36.41 2058
77 P 33.40 36.58 1853
78 P 33.23 36.75 1817
79 P 32.79 36.75 1998
80 P 32.67 36.47 1849
81 P 32.92 36.40 1481
82 P 32.38 36.52 1330
83 P 33.58 36.65 1200
84 P 33.06 36.77 1292
85 P 33.30 36.84 1402
86 P 33.18 37.04 1633
87 P 33.32 37.11 1872
88 P 33.06 37.15 1970
89 P 32.68 37.09 2144
90 P 32.67 36.97 2297
91 P 32.52 36.73 2548
92 P 32.33 36.64 2456
93 P 32.16 36.56 2345
94 P 31.89 36.58 2294
95 P 31.79 36.74 2226
96 P 31.55 36.85 1811
97 P 31.44 37.00 1989
98 P 31.13 37.23 1917
99 P 31.36 37.37 1703
100 P 31.41 37.44 1719
101 P 31.13 37.41 1725
102 P 31.01 37.38 1614
103 P 30.81 37.35 1468
104 P 31.24 37.26 1552
105 P 30.89 37.21 1652
106 P 31.11 37.11 1496
107 P 30.38 37.09 1495
108 P 30.03 37.26 1347
109 P 30.69 37.27 1478
110 P 30.30 37.29 1229
111 P 30.34 37.42 1278
112 P 29.56 37.55 1261
113 P 30.19 37.57 1441
114 P 30.35 37.49 1499
115 P 30.33 37.48 1426
116 P 30.01 37.57 1412
117 P 29.95 37.68 1264
118 P 29.72 37.78 1392
119 P 29.96 37.82 1358
120 P 29.06 37.91 1518
121 P 29.37 37.99 1563
122 P 29.50 38.07 1757
123 P 29.55 37.97 1723
124 P 29.63 37.99 2276
125 P 29.67 38.02 2415
126 P 29.46 38.01 2107
127 P 29.55 38.04 2005
128 P 29.16 38.13 2010
129 P 28.94 38.17 1931
130 P 28.18 38.29 2196
131 P 28.73 38.32 2064
132 P 28.45 38.35 2072
133 P 28.29 38.38 1839
134 P 28.23 38.46 1708
135 P 28.20 38.57 1762
136 P 28.38 38.64 1652
137 P 28.73 38.69 1482
138 P 28.43 38.69 1398
139 P 28.25 38.71 1518
140 P 28.02 38.76 1096
141 P 28.20 38.84 1183
142 P 28.25 38.87 1322
143 P 28.42 38.87 1257
144 P 28.28 38.84 1526
145 P 27.92 38.89 1374
146 P 27.84 38.91 1486
147 P 27.88 38.93 1299
148 P 27.30 38.99 1396
149 P 27.87 39.01 1512
150 P 27.58 39.08 1810
151 P 27.26 39.19 1821
152 P 27.24 39.24 1894
153 P 26.95 39.22 1954
154 P 26.96 39.27 2300
155 P 27.10 39.31 2032
156 P 26.94 39.37 1816
157 P 26.78 39.36 1985
158 P 26.45 39.39 2149
159 P 26.86 39.47 2030
160 P 26.33 39.59 2090
161 P 26.67 39.61 2296
162 P 26.70 39.70 1779
163 P 26.66 39.70 1725
164 P 26.36 39.73 1745
165 P 26.14 39.72 1841
166 P 26.48 39.75 1942
167 P 26.82 39.77 1928
168 P 26.79 39.82 1919
169 P 26.47 39.84 1995
170 P 26.70 39.89 1535
171 P 26.14 39.94 1494
172 P 26.44 39.94 1623
173 P 26.66 39.98 1841
174 P 26.30 40.02 1881
175 P 26.03 40.05 1759
176 P 26.10 40.06 2594
177 P 26.28 40.07 2336
178 P 25.89 40.15 1903
179 P 26.01 40.19 1681
180 P 26.38 40.21 1875
181 P 25.70 40.24 2252
182 P 25.87 40.25 2066
183 P 25.64 40.28 2301
184 P 25.73 40.37 2213
185 P 25.48 40.45 1834
186 P 25.47 40.48 1514
187 P 24.84 40.55 2292
188 P 25.15 40.61 1599
189 P 25.68 40.57 1847
190 P 25.12 40.57 2735
191 P 25.24 40.57 3311
192 P 25.09 40.52 3331
193 P 25.02 40.51 3614
194 P 25.17 40.55 3494
195 P 24.62 40.61 3389
196 P 24.53 40.63 2747
197 P 24.31 40.73 2376
198 P 23.73 40.75 2613
199 P 24.13 40.76 2816
200 P 23.60 40.80 3306
201 P 23.89 40.89 2913
202 P 23.66 40.97 2690
203 P 23.90 41.00 2917
204 P 23.98 41.00 3165
205 P 24.19 41.00 2843
206 P 23.66 41.03 2950
207 P 24.23 41.02 3136
208 P 24.01 40.98 3544
209 P 24.18 40.93 3374
210 P 23.98 40.98 3485
211 P 24.20 40.99 3106
212 P 23.94 40.99 3097
213 P 23.93 41.02 3606
214 P 23.83 41.06 3679
215 P 24.06 41.03 3487
216 P 24.01 41.08 2967
217 P 23.74 41.11 3226
218 P 23.59 41.16 2480
219 P 23.66 41.16 2297
220 P 24.01 41.16 2706
221 P 24.16 41.12 2776
222 P 23.92 41.09 2535
223 P 23.95 41.11 2647
224 P 24.59 41.10 2671
225 P 24.23 41.08 3033
226 P 24.29 41.09 2893
227 P 24.13 41.10 2883
228 P 24.01 41.04 2716
229 P 24.16 41.00 3030
230 P 24.32 40.99 3030
231 P 24.04 41.03 2866
232 P 24.12 41.08 3260
233 P 24.00 41.08 2859
234 P 23.40 41.12 2845
235 P 23.99 41.17 2301
236 P 23.69 41.21 2207
237 P 23.40 41.16 2530
238 P 23.49 41.13 2946
239 P 24.18 41.14 3513
240 P 23.97 41.11 3342
241 P 23.58 41.15 2353
242 P 23.63 41.20 2284
243 P 23.30 41.20 2431
244 P 23.88 41.27 1760
245 P 23.52 41.31 1914
246 P 22.84 41.31 1730
247 P 23.58 41.34 1823
248 P 22.81 41.32 1826
249 P 23.36 41.32 1862
250 P 23.14 41.35 1715
251 P 22.91 41.33 1484
252 P 23.25 41.36 1430
253 P 23.15 41.34 1851
254 P 23.25 41.32 1855
255 P 23.52 41.34 1711
256 P 23.27 41.35 2020
257 P 23.16 41.39 1881
258 P 23.28 41.38 2293
259 P 23.08 41.39 2292
260 P 23.04 41.39 2207
261 P 23.04 41.41 2541
262 P 22.78 41.42 2578
263 P 22.86 41.45 1997
264 P 22.94 41.49 2245
265 P 22.86 41.55 1927
266 P 23.16 41.55 2541
267 P 22.60 41.50 2986
268 P 22.50 41.57 2556
269 P 22.43 41.62 3144
270 P 22.49 41.60 3576
271 P 22.62 41.62 3429
272 P 22.51 41.64 3798
273 P 22.30 41.65 3737
274 P 22.64 41.63 3775
275 P 22.40 41.67 3803
276 P 22.15 41.64 3998
277 P 22.11 41.71 3833
278 P 21.88 41.72 4415
279 P 22.44 41.78 4737
280 P 22.27 41.76 5417
281 P 22.24 41.78 6088
282 P 21.99 41.83 6371
283 P 22.28 41.85 6774
284 P 22.12 41.82 7124
285 P 22.36 41.78 7256
286 P 22.21 41.82 7019
287 P 22.43 41.89 7121
288 P 22.55 42.00 8076
289 P 22.18 42.02 9041
290 P 22.26 42.00 9096
291 P 22.29 41.97 8137
292 P 22.49 41.90 8300
293 P 22.72 41.90 8016
294 P 22.67 41.85 8351
295 P 23.08 41.75 8113
296 P 23.15 41.70 7882
297 P 23.55 41.60 8358
298 P 23.35 41.48 8157
299 P 24.12 41.33 8311
300 P 24.26 41.20 7431
301 P 24.30 41.12 7325
302 P 25.50 40.87 6596
303 P 25.52 40.86 6336
304 P 25.59 40.77 6499
305 P 25.76 40.66 6549
306 P 25.66 40.50 6196
307 P 25.99 40.51 5474
308 P 26.16 40.67 5047
309 P 26.25 40.71 3806
310 P 26.28 40.70 3570
311 P 26.48 40.70 3858
312 P 26.78 40.62 4021
313 P 26.80 40.56 4184
314 P 27.12 40.54 4450
315 P 27.08 40.44 4635
316 P 27.05 40.33 4607
317 P 27.15 40.11 3994
318 P 27.51 40.02 3228
319 P 27.03 39.98 3311
320 P 27.57 39.94 2876
321 P 27.41 39.92 3272
322 P 27.60 39.89 3066
323 P 27.72 39.91 2715
324 P 27.78 39.84 2749
325 P 27.78 39.88 2652
326 P 27.89 39.82 2459
327 P 27.90 39.82 2514
328 P 27.54 39.78 2579
329 P 27.96 39.71 2456
330 P 27.90 39.70 2076
331 P 27.90 39.73 2160
332 P 27.76 39.82 2076
333 P 27.80 39.86 2480
334 P 27.97 39.86 2227
335 P 27.96 39.92 2538
336 P 27.61 39.91 2752
337 P 27.68 39.95 2769
338 P 27.63 39.94 2606
339 P 27.53 39.93 2576
340 P 27.35 39.93 2668
341 P 27.74 39.95 2735
342 P 27.59 39.88 2545
343 P 27.74 39.82 2765
344 P 27.79 39.82 2754
345 P 27.57 39.87 2636
346 P 27.44 39.90 2741
347 P 27.70 39.86 3010
348 P 27.69 39.88 2923
349 P 27.64 39.88 3069
350 P 27.63 39.89 3080
351 P 27.81 39.87 2125
352 P 27.83 39.93 1724
353 P 27.74 39.97 1973
354 P 29.51 39.57 1030
