% Nframe | type | QP | PSNR | size (Bytes) 
0 I 26.20 39.14 5822
1 P 27.16 38.74 275
2 P 29.04 38.37 381
3 P 28.04 38.26 686
4 P 28.56 38.23 783
5 P 27.80 38.09 796
6 P 29.28 38.17 820
7 P 29.09 38.14 766
8 P 29.16 38.06 632
9 P 29.69 38.01 706
10 P 29.67 37.99 737
11 P 29.07 38.07 946
12 P 32.36 36.86 234
13 P 29.05 38.06 1263
14 P 24.48 39.23 1900
15 P 22.78 39.97 1887
16 P 21.51 40.76 2394
17 P 20.75 41.50 3093
18 P 20.02 42.01 3568
19 P 19.62 42.40 3836
20 P 19.04 42.86 3548
21 P 18.67 43.23 3158
22 P 17.78 43.63 4577
23 P 17.67 44.15 4936
24 P 16.73 44.63 5120
25 P 16.72 44.74 5464
26 P 16.71 44.62 4874
27 P 16.95 44.71 4556
28 P 16.92 44.85 4554
29 P 16.70 44.56 4859
30 P 17.47 44.45 5153
31 P 17.63 44.22 5120
32 P 17.63 44.37 4282
33 P 17.79 44.30 4198
34 P 18.02 44.08 4496
35 P 18.42 43.83 4383
36 P 18.66 43.58 4195
37 P 18.84 43.50 3195
38 P 19.65 43.47 2932
39 P 19.34 43.45 3440
40 P 19.08 43.33 3482
41 P 19.43 43.27 3202
42 P 19.73 43.09 3037
43 P 20.02 43.05 3001
44 P 20.13 43.01 2866
45 P 20.05 42.87 2923
46 P 19.99 42.79 2831
47 P 20.44 42.68 2492
48 P 20.66 42.74 2345
49 P 20.68 42.72 1941
50 P 20.57 42.71 2132
51 P 20.57 42.73 2933
52 P 20.87 42.60 2846
53 P 20.97 42.65 2636
54 P 20.94 42.63 2877
55 P 20.65 42.64 2680
56 P 20.49 42.69 2687
57 P 20.31 42.59 3012
58 P 20.55 42.56 2967
59 P 20.32 42.53 3631
60 P 20.38 42.56 3796
61 P 20.00 42.58 4158
62 P 20.07 42.58 3691
63 P 20.22 42.63 3817
64 P 20.19 42.56 3533
65 P 20.00 42.52 3325
66 P 20.24 42.57 3503
67 P 20.12 42.69 3285
68 P 20.08 42.73 3050
69 P 20.08 42.54 3089
70 P 20.08 42.42 3579
71 P 20.32 42.44 3581
72 P 20.09 42.35 3503
73 P 20.03 42.30 3153
74 P 20.57 42.30 3021
75 P 20.77 42.29 3454
76 P 20.32 42.26 3932
77 P 20.03 42.42 4133
78 P 20.19 42.62 4414
79 P 20.07 42.44 4327
80 P 20.00 42.18 4623
81 P 20.26 42.12 4697
82 P 20.30 42.01 4608
83 P 20.35 42.00 4309
84 P 20.49 42.16 3986
85 P 20.43 42.19 3660
86 P 20.23 42.22 3576
87 P 20.47 42.29 3589
88 P 20.71 42.09 3526
89 P 20.56 41.99 3581
90 P 20.50 41.90 3545
91 P 20.74 41.85 3465
92 P 20.78 41.81 3579
93 P 20.96 41.62 3284
94 P 21.30 41.69 2708
95 P 21.54 41.79 2738
96 P 21.75 41.71 2588
97 P 21.75 41.72 2548
98 P 21.69 41.65 2906
99 P 21.57 41.64 2771
100 P 21.57 41.46 2766
101 P 21.53 41.36 2483
102 P 21.44 41.43 2631
103 P 21.33 41.54 3086
104 P 21.31 41.42 3119
105 P 22.05 41.37 3270
106 P 21.34 41.43 3038
107 P 21.46 41.47 2768
108 P 21.70 41.43 2712
109 P 21.90 41.44 2869
110 P 21.72 41.53 3025
111 P 21.47 41.55 2858
112 P 22.01 41.52 2587
113 P 21.70 41.68 2605
114 P 21.95 41.72 2332
115 P 21.16 41.74 2414
116 P 21.98 41.76 2382
117 P 21.77 41.54 2616
118 P 22.08 41.58 2721
119 P 21.95 41.63 2998
120 P 21.71 41.50 2763
121 P 21.69 41.60 2827
122 P 21.64 41.70 2804
123 P 21.75 41.65 2505
124 P 21.77 41.63 2280
125 P 22.72 41.67 2552
126 P 21.82 41.70 2560
127 P 21.94 41.62 2710
128 P 22.23 41.81 3115
129 P 21.73 41.99 2946
130 P 21.20 42.05 2818
131 P 22.28 42.12 2804
132 P 22.61 42.05 2915
133 P 21.80 41.96 2871
134 P 21.46 42.03 2958
135 P 21.65 41.99 2523
136 P 21.81 41.92 2588
137 P 22.23 41.88 2425
138 P 21.74 41.82 2296
139 P 21.00 41.90 2016
140 P 21.30 41.92 2696
141 P 21.74 41.87 3025
142 P 21.21 41.94 3292
143 P 21.53 42.01 2913
144 P 21.50 42.21 3392
145 P 21.60 42.12 3463
146 P 21.49 42.24 3677
147 P 21.02 42.32 4323
148 P 21.29 41.98 4579
149 P 21.30 41.75 5068
150 P 21.15 41.77 5159
151 P 20.93 41.84 4751
152 P 20.45 42.08 4594
153 P 20.77 42.07 4776
154 P 20.78 42.33 4858
155 P 20.85 42.42 4863
156 P 20.69 42.63 5033
157 P 20.88 42.71 4741
158 P 20.82 42.90 4980
159 P 21.01 43.02 4731
160 P 21.31 42.99 4670
161 P 20.82 43.34 4964
162 P 20.86 43.94 4587
163 P 20.58 44.59 4228
164 P 19.92 45.20 3554
165 P 19.64 46.17 3024
166 P 19.23 45.98 2921
167 P 19.54 45.78 3322
168 P 19.28 45.79 3217
169 P 19.56 45.27 3337
170 P 19.81 44.87 3818
171 P 20.01 44.66 3546
172 P 20.24 44.20 3694
173 P 20.78 44.07 3831
174 P 21.60 43.11 4739
175 P 21.72 42.81 4753
176 P 22.04 42.75 4739
177 P 22.07 42.81 4613
178 P 21.96 42.41 4599
179 P 22.16 42.19 4920
180 P 22.16 41.97 4834
181 P 22.45 41.53 5087
182 P 22.58 41.38 5185
183 P 22.57 41.26 4986
184 P 23.00 40.91 5212
185 P 23.10 40.65 5025
186 P 23.18 40.55 5197
187 P 23.42 40.45 4848
188 P 23.57 40.43 4452
189 P 23.41 40.49 4302
190 P 23.61 40.40 4402
191 P 23.78 40.07 4402
192 P 23.94 39.78 4627
193 P 23.97 39.60 4753
194 P 24.37 39.39 4382
195 P 24.49 39.27 4192
196 P 24.80 39.25 4374
197 P 24.88 39.05 4707
198 P 24.79 38.90 4053
199 P 24.91 38.80 4547
200 P 24.94 38.24 4755
201 P 25.30 37.52 5698
202 P 25.36 36.95 6489
203 P 25.65 36.02 6862
204 P 25.76 35.67 6736
205 P 25.63 35.71 5735
206 P 25.81 35.69 4459
207 P 25.93 35.53 4791
208 P 26.11 35.49 3342
209 P 25.97 35.49 3900
210 P 26.12 35.51 2311
211 P 26.16 35.39 2086
212 P 26.34 35.36 2185
213 P 26.23 35.41 2641
214 P 26.42 35.35 2276
215 P 26.41 35.14 2110
216 P 26.57 35.09 2299
217 P 26.82 35.04 2067
218 P 26.51 35.13 1182
219 P 26.73 35.15 812
220 P 26.81 35.23 474
221 P 26.73 35.33 539
222 P 26.88 35.35 436
223 P 26.39 35.45 266
224 P 27.20 35.46 345
225 P 26.97 35.48 325
226 P 26.80 35.31 1044
227 P 27.04 35.22 1262
228 P 26.40 35.26 1036
229 P 27.04 35.41 780
230 P 26.64 35.42 830
231 P 26.49 35.51 441
232 P 26.21 35.54 436
233 P 26.53 35.58 393
234 P 26.00 35.63 408
235 P 26.25 35.61 556
236 P 26.06 35.67 571
237 P 26.04 35.64 983
238 P 26.13 35.68 1264
239 P 26.00 35.64 1478
240 P 26.05 35.74 1454
241 P 25.99 35.71 1281
242 P 25.87 35.77 1846
243 P 25.85 35.81 2014
244 P 25.42 35.98 1979
245 P 25.29 36.01 1093
246 P 25.31 36.05 1163
247 P 27.76 35.50 306
% Nframe | type | QP | PSNR | size (Bytes) 
25 P 18.43 43.32 1426
26 P 18.05 43.45 3291
27 P 18.35 43.39 3143
28 P 19.13 43.35 2820
29 P 18.94 43.39 3235
30 P 18.95 43.56 2799
31 P 18.67 43.55 974
32 P 18.62 43.27 2743
33 P 19.48 43.10 2718
34 P 19.04 43.08 3799
35 P 19.59 43.04 3417
36 P 19.66 42.68 3308
37 P 19.38 42.95 4152
38 P 18.70 42.91 1502
39 P 19.09 42.68 4504
40 P 19.33 42.63 3864
41 P 17.82 42.70 3735
42 P 19.08 42.91 3641
43 P 18.55 43.07 3632
44 P 19.04 43.20 3842
45 P 18.98 43.22 3811
46 P 18.76 43.11 3767
47 P 19.69 43.06 3683
48 P 18.82 43.25 4314
49 P 19.32 43.23 1533
50 P 19.36 43.22 3581
51 P 18.97 43.09 3450
52 P 19.67 42.91 3324
53 P 19.83 42.64 3812
54 P 19.46 43.16 6157
55 P 19.21 43.18 1531
56 P 19.80 42.78 3419
57 P 19.84 42.62 3321
58 P 19.10 42.56 4068
59 P 19.37 42.49 3619
60 P 18.91 42.56 3621
61 P 19.44 42.62 3796
62 P 19.19 42.55 4068
63 P 19.04 42.50 3946
64 P 18.94 42.56 3699
65 P 19.35 42.55 3562
66 P 19.06 42.51 3352
67 P 19.67 42.64 3613
68 P 18.89 42.57 3672
69 P 19.80 42.48 3461
70 P 19.85 42.47 3565
71 P 19.21 42.24 3563
72 P 19.42 42.66 4275
73 P 18.67 42.61 1320
74 P 20.13 42.37 3405
75 P 19.27 42.44 3240
76 P 20.20 42.29 3157
77 P 19.45 42.37 3701
78 P 20.06 42.64 3171
79 P 19.99 42.64 1223
80 P 20.00 42.37 3100
81 P 20.03 42.16 2722
82 P 19.93 42.34 3542
83 P 20.06 42.30 2892
84 P 20.30 42.25 2916
85 P 20.12 42.15 2978
86 P 20.56 42.31 3044
87 P 20.09 42.11 2938
88 P 20.67 42.15 3202
89 P 20.77 42.11 2978
90 P 21.24 42.09 2659
91 P 20.58 42.11 3072
92 P 20.83 42.12 3376
93 P 20.96 42.09 3354
94 P 20.62 42.01 3403
95 P 20.54 41.98 3307
96 P 20.39 42.38 4194
97 P 19.48 42.43 1337
98 P 19.87 42.23 3628
99 P 20.41 42.19 3930
100 P 20.40 42.05 3918
101 P 20.54 42.14 4555
102 P 20.17 42.33 4275
103 P 19.72 42.34 1679
104 P 20.80 42.10 3733
105 P 19.80 42.27 4109
106 P 20.34 42.17 3591
107 P 21.26 42.12 3566
108 P 21.30 41.77 3430
109 P 20.82 42.51 5557
110 P 21.06 42.29 3368
111 P 21.25 42.31 3497
112 P 21.23 42.28 2902
113 P 21.20 42.09 2813
114 P 21.14 42.20 3043
115 P 21.11 42.36 2899
116 P 21.16 42.21 3234
117 P 21.02 42.10 3163
118 P 21.09 42.11 3269
119 P 21.59 42.08 3153
120 P 21.42 42.10 3042
121 P 21.75 42.11 2928
122 P 21.95 41.90 2573
123 P 21.66 42.08 3044
124 P 21.60 42.16 2771
125 P 21.34 42.15 1105
126 P 21.76 42.09 2534
127 P 21.90 42.05 2479
128 P 21.48 42.07 2613
129 P 21.91 42.08 2324
130 P 21.57 42.22 2796
131 P 20.82 42.27 1266
132 P 22.07 42.07 2845
133 P 21.88 42.09 3345
134 P 21.70 42.25 2912
135 P 21.63 42.12 2557
136 P 21.73 42.09 2717
137 P 21.61 42.18 2339
138 P 21.51 42.27 2258
139 P 21.32 42.21 2161
140 P 21.59 42.29 2289
141 P 21.12 42.21 2310
142 P 21.03 42.45 3042
143 P 20.47 42.53 1477
144 P 20.69 42.36 2479
145 P 20.77 42.41 2208
146 P 20.73 42.37 2101
147 P 21.11 42.24 2511
148 P 20.55 42.35 2316
149 P 20.02 42.41 933
150 P 20.91 42.41 2283
151 P 20.74 42.32 2353
152 P 20.88 42.47 3102
153 P 20.65 42.37 2718
154 P 20.66 42.49 2958
155 P 20.28 42.55 1287
156 P 20.72 42.42 2650
157 P 20.74 42.51 3574
158 P 20.81 42.55 2787
159 P 20.74 42.45 2854
160 P 20.38 42.51 2886
161 P 20.33 42.50 2938
162 P 20.41 42.26 2410
163 P 20.36 42.61 5160
164 P 20.28 42.50 3158
165 P 20.00 42.39 2867
166 P 20.39 42.77 3847
167 P 20.15 42.75 994
168 P 20.14 42.56 3313
169 P 20.36 42.44 3263
170 P 20.70 42.32 3271
171 P 20.81 42.43 4049
172 P 20.71 42.63 3953
173 P 20.72 42.51 1604
174 P 20.53 42.37 3666
175 P 20.49 42.43 3473
176 P 20.78 42.49 4212
177 P 20.61 42.44 3497
178 P 20.26 42.59 3619
179 P 20.03 42.62 1226
180 P 20.71 42.39 2855
181 P 20.70 42.48 3339
182 P 20.86 42.51 2772
183 P 20.20 42.47 2841
184 P 20.61 42.50 2901
185 P 20.57 42.42 3157
186 P 20.68 42.51 3417
187 P 19.94 42.56 3457
188 P 20.71 42.45 3492
189 P 20.62 42.34 3018
190 P 20.63 42.54 3692
191 P 20.52 42.58 1236
192 P 20.60 42.37 2849
193 P 20.54 42.45 3047
194 P 20.99 42.43 2970
195 P 20.62 42.54 3699
196 P 20.18 42.67 3550
197 P 19.88 42.70 1535
198 P 20.41 42.45 2999
199 P 19.97 42.45 3042
200 P 20.48 42.51 3712
201 P 20.59 42.56 3246
202 P 19.76 42.70 3724
203 P 20.20 42.57 1968
204 P 20.57 42.48 3977
205 P 20.27 42.43 3456
206 P 20.57 42.39 2885
207 P 20.30 42.43 2851
208 P 20.45 42.56 2841
209 P 20.39 42.29 2396
210 P 20.66 43.02 4323
211 P 20.76 42.75 2557
212 P 20.64 42.77 2845
213 P 20.46 42.76 2947
214 P 19.88 43.06 3939
215 P 19.84 43.02 907
216 P 20.24 42.84 2887
217 P 20.35 42.76 2928
218 P 20.20 42.83 2779
219 P 20.24 42.86 3221
220 P 20.35 42.90 2774
221 P 20.07 42.91 886
222 P 20.50 42.66 2856
223 P 20.62 42.54 3054
224 P 20.78 42.66 3937
225 P 20.75 42.65 3651
226 P 20.52 42.82 3882
227 P 19.97 42.80 1301
228 P 20.89 42.66 4194
229 P 20.48 42.64 3311
230 P 19.96 42.79 3127
231 P 19.99 42.79 3044
232 P 20.14 42.76 2816
233 P 20.51 42.76 2595
234 P 19.90 42.87 2588
235 P 20.40 42.88 2740
236 P 20.31 42.85 2931
237 P 20.65 42.67 2897
238 P 19.73 42.87 4088
239 P 19.97 42.85 1351
240 P 20.43 42.63 3189
241 P 20.88 42.51 3259
242 P 20.22 42.47 2952
243 P 20.39 42.69 3848
244 P 20.61 42.91 3190
245 P 20.29 42.90 1013
246 P 20.43 42.73 2940
247 P 20.49 42.69 3280
248 P 20.49 42.72 2830
249 P 20.37 42.72 2980
250 P 20.36 42.70 2752
251 P 20.08 42.77 1196
252 P 20.48 42.59 3296
253 P 20.48 42.62 2810
254 P 20.18 42.61 2808
255 P 22.46 42.05 2279
% Nframe | type | QP | PSNR | size (Bytes) 
25 P 16.39 46.37 6293
26 P 16.85 45.90 6035
27 P 17.23 45.32 6308
28 P 18.12 44.40 6050
29 P 18.93 43.06 6191
30 P 20.60 42.74 4505
31 P 20.86 42.59 4210
32 P 21.09 42.62 4070
33 P 21.01 42.61 3611
34 P 21.21 42.79 3096
35 P 21.25 42.79 2483
36 P 20.86 42.94 2114
37 P 21.38 42.89 1980
38 P 21.26 42.57 2047
39 P 21.90 42.13 2298
40 P 22.70 41.54 1997
41 P 23.81 41.04 1838
42 P 23.16 40.84 1896
43 P 24.06 40.56 1747
44 P 25.44 40.62 1453
45 P 24.83 40.81 1522
46 P 24.54 40.72 1441
47 P 24.62 40.75 1395
48 P 23.78 41.01 1516
49 P 23.88 41.00 1609
50 P 23.42 41.00 1979
51 P 23.97 40.92 2171
52 P 23.67 40.88 2314
53 P 22.80 41.01 2426
54 P 22.73 41.07 1992
55 P 23.40 41.18 1632
56 P 22.74 41.42 1472
57 P 22.75 41.43 1496
58 P 22.97 41.50 1496
59 P 23.13 41.60 1434
60 P 22.05 41.59 1569
61 P 22.14 41.73 1766
62 P 22.65 41.81 1756
63 P 21.40 41.83 1813
64 P 22.84 41.81 1819
65 P 21.99 41.76 1720
66 P 22.37 41.74 1314
67 P 22.00 41.87 1388
68 P 22.26 42.06 1875
69 P 22.26 41.93 2061
70 P 21.67 42.06 2630
71 P 22.52 42.01 3051
72 P 21.55 42.00 3146
73 P 21.84 42.09 3125
74 P 20.64 42.19 2938
75 P 21.00 42.30 2361
76 P 20.40 42.49 2290
77 P 20.24 42.65 1904
78 P 20.00 42.75 2029
79 P 19.92 42.73 2301
80 P 19.97 42.81 2291
81 P 20.18 42.83 1710
82 P 20.09 42.95 1476
83 P 20.84 42.91 1453
84 P 20.79 42.84 1826
85 P 20.94 42.84 2088
86 P 21.20 42.78 2261
87 P 20.73 42.75 2455
88 P 20.51 42.79 2634
89 P 20.86 42.86 2747
90 P 20.15 42.83 2789
91 P 20.38 42.83 2879
92 P 19.98 42.92 2793
93 P 19.83 42.93 2638
94 P 19.59 43.05 2594
95 P 19.38 43.15 2562
96 P 19.72 43.22 2173
97 P 19.11 43.30 2147
98 P 19.13 43.48 2097
99 P 19.17 43.56 1857
100 P 19.39 43.54 1950
101 P 18.47 43.56 1990
102 P 18.92 43.62 1859
103 P 18.61 43.52 1983
104 P 19.20 43.55 2210
105 P 18.60 43.52 1979
106 P 18.61 43.60 2236
107 P 18.70 43.62 1526
108 P 18.70 43.80 1348
109 P 18.78 43.72 1351
110 P 19.09 43.72 1514
111 P 18.44 43.74 1654
112 P 18.26 43.86 1817
113 P 18.39 43.83 1918
114 P 17.75 43.87 2026
115 P 18.16 43.99 1737
116 P 18.20 44.03 1239
117 P 18.05 44.09 1454
118 P 18.36 44.12 1689
119 P 18.52 44.09 1837
120 P 18.01 44.12 1889
121 P 18.15 44.22 2272
122 P 17.72 44.24 2518
123 P 17.62 44.25 2414
124 P 18.09 44.30 2645
125 P 17.58 44.48 2634
126 P 17.75 44.37 2181
127 P 17.16 44.50 2201
128 P 16.94 44.57 2417
129 P 16.93 44.63 2309
130 P 16.37 44.75 1971
131 P 16.54 44.84 2045
132 P 16.53 44.77 1891
133 P 16.40 44.80 1764
134 P 16.55 44.91 1945
135 P 16.38 44.87 2077
136 P 16.70 44.85 2143
137 P 16.18 44.91 2287
138 P 16.19 44.96 2402
139 P 16.37 45.01 2067
140 P 15.68 45.12 1118
141 P 16.13 45.20 1067
142 P 15.84 45.17 1740
143 P 15.79 45.20 2042
144 P 15.64 45.26 2015
145 P 15.54 45.30 1580
146 P 15.40 45.41 1657
147 P 15.59 45.45 1571
148 P 15.47 45.44 1421
149 P 15.52 45.39 1835
150 P 15.78 45.31 2247
151 P 15.59 45.24 2307
152 P 15.73 45.31 2659
153 P 15.58 45.43 3018
154 P 15.41 45.56 2982
155 P 14.92 45.54 2330
156 P 15.04 45.69 1968
157 P 15.06 45.71 2104
158 P 14.84 45.81 2234
159 P 14.59 45.83 1813
160 P 14.59 45.98 1867
161 P 14.86 45.95 2081
162 P 14.79 46.06 1417
163 P 14.84 46.12 1431
164 P 14.74 46.11 1476
165 P 14.66 46.14 1716
166 P 14.58 46.13 1746
167 P 14.40 46.08 1903
168 P 14.56 46.09 2151
169 P 14.57 46.10 1992
170 P 14.42 46.19 1453
171 P 14.12 46.26 1453
172 P 14.42 46.35 1847
173 P 14.46 46.29 2134
174 P 14.50 46.30 2359
175 P 14.38 46.30 2476
176 P 14.20 46.32 3078
177 P 14.37 46.29 2377
178 P 14.36 46.44 1996
179 P 13.87 46.54 1808
180 P 13.97 46.57 2048
181 P 13.80 46.56 2266
182 P 13.78 46.58 2064
183 P 13.90 46.62 2061
184 P 13.59 46.69 1752
185 P 13.48 46.84 1572
186 P 13.18 46.86 1318
187 P 13.70 46.98 1611
188 P 13.52 46.96 1444
189 P 13.64 46.74 2221
190 P 13.76 46.67 3139
191 P 13.84 46.72 3685
192 P 13.79 46.74 3884
193 P 13.60 46.75 3107
194 P 13.38 46.82 3098
195 P 13.58 46.90 2577
196 P 13.39 46.96 2227
197 P 13.24 47.09 2427
198 P 12.91 47.13 2875
199 P 12.97 47.08 2803
200 P 12.86 47.11 3751
201 P 13.03 47.12 2901
202 P 12.61 47.12 3860
203 P 13.17 47.06 3972
204 P 12.94 47.05 4236
205 P 13.10 47.03 4170
206 P 13.05 47.04 4520
207 P 13.07 47.03 4740
208 P 13.03 47.06 4832
209 P 12.81 47.05 4494
210 P 12.88 47.13 4055
211 P 12.92 47.12 3733
212 P 12.86 47.08 3862
213 P 12.80 47.08 4649
214 P 13.20 47.08 4518
215 P 12.98 47.11 4138
216 P 12.78 47.13 3938
217 P 12.88 47.15 3162
218 P 12.71 47.19 2096
219 P 13.15 47.15 1972
220 P 13.19 47.14 2757
221 P 13.34 47.07 3106
222 P 13.49 46.90 3288
223 P 13.40 46.89 3535
224 P 13.42 46.88 3678
225 P 13.42 46.84 4294
226 P 13.51 46.70 3993
227 P 13.63 46.74 3731
228 P 13.70 46.72 3591
229 P 13.56 46.70 3630
230 P 13.69 46.65 3132
231 P 13.95 46.70 3285
232 P 13.49 46.77 3390
233 P 13.60 46.83 2729
234 P 13.54 46.82 2358
235 P 13.61 46.89 2056
236 P 13.35 46.85 1761
237 P 13.47 46.91 2283
238 P 13.77 46.76 2422
239 P 13.51 46.71 2961
240 P 13.72 46.70 2353
241 P 13.90 46.78 2019
242 P 13.42 46.80 1930
243 P 13.71 46.80 2007
244 P 14.12 46.93 1370
245 P 13.83 46.97 1593
246 P 13.58 47.04 1627
247 P 13.84 47.09 1206
248 P 13.92 47.13 1437
249 P 13.53 47.09 1485
250 P 13.40 47.09 1187
251 P 13.52 47.13 1268
252 P 13.22 47.21 1417
253 P 13.49 47.12 1339
254 P 13.08 47.17 1555
255 P 13.30 47.19 1629
256 P 13.35 47.19 1882
257 P 13.02 47.19 1656
258 P 13.22 47.15 2218
259 P 13.13 47.19 2138
260 P 13.00 47.18 2296
261 P 12.80 47.23 2402
262 P 12.76 47.29 2432
263 P 12.61 47.31 2582
264 P 12.80 47.38 2688
265 P 12.63 47.48 1848
266 P 12.74 47.47 2211
267 P 12.56 47.56 2502
268 P 12.33 47.49 2541
269 P 12.37 47.51 3570
270 P 12.60 47.46 3667
271 P 12.45 47.42 3170
272 P 12.25 47.53 3205
273 P 12.54 47.42 3635
274 P 12.41 47.44 3542
275 P 12.52 47.49 4039
276 P 12.36 47.51 4153
277 P 12.26 47.52 3801
278 P 12.31 47.48 4402
279 P 12.43 47.43 5070
280 P 12.30 47.44 5725
281 P 12.33 47.46 6001
282 P 12.40 47.42 6158
283 P 12.33 47.42 6425
284 P 12.26 47.47 6909
285 P 12.30 47.38 6619
286 P 12.46 47.32 6763
287 P 12.53 47.33 6428
288 P 12.57 47.36 6909
289 P 12.59 47.26 7189
290 P 12.44 47.24 7271
291 P 12.60 47.23 6926
292 P 12.72 47.21 6775
293 P 12.71 47.20 6676
294 P 12.85 47.11 6566
295 P 13.05 46.96 6586
296 P 13.10 46.92 6486
297 P 13.23 46.86 6466
298 P 13.32 46.75 6327
299 P 13.61 46.56 5874
300 P 13.67 46.46 5731
301 P 13.88 46.39 5403
302 P 13.95 46.30 5394
303 P 13.92 46.23 5420
304 P 14.21 46.19 5090
305 P 14.27 46.19 5202
306 P 14.28 46.09 4721
307 P 14.73 46.01 4706
308 P 14.99 45.96 4520
309 P 14.68 45.92 4182
310 P 14.96 45.89 3822
311 P 15.07 45.78 4108
312 P 14.95 45.83 4280
313 P 15.26 45.83 4296
314 P 15.12 45.76 4434
315 P 15.03 45.70 4366
316 P 15.22 45.65 4299
317 P 15.19 45.61 4072
318 P 15.21 45.49 3682
319 P 15.27 45.47 3859
320 P 15.45 45.40 3891
321 P 15.26 45.35 3703
322 P 15.34 45.40 3742
323 P 15.31 45.30 3467
324 P 15.52 45.31 3521
325 P 15.60 45.37 3404
326 P 15.57 45.40 3447
327 P 15.79 45.32 2847
328 P 15.49 45.32 2855
329 P 15.69 45.32 2631
330 P 15.37 45.27 2289
331 P 15.82 45.25 2115
332 P 15.62 45.32 2764
333 P 15.41 45.23 3063
334 P 16.16 45.15 2994
335 P 15.78 45.19 3411
336 P 16.01 45.19 3375
337 P 16.23 45.14 3151
338 P 15.81 45.12 3312
339 P 15.94 45.15 3345
340 P 16.08 45.07 3251
341 P 15.95 45.17 3415
342 P 15.90 45.23 3445
343 P 16.07 45.21 3035
344 P 15.82 45.22 2945
345 P 15.91 45.24 3092
346 P 15.67 45.28 2640
347 P 16.05 45.28 3096
348 P 15.92 45.28 3186
349 P 15.99 45.28 3087
350 P 15.99 45.30 3011
351 P 15.96 45.33 2012
352 P 16.03 45.38 1748
353 P 15.75 45.32 2175
354 P 17.38 44.48 1423
