% Nframe | type | QP | PSNR | size (Bytes) 
0 I 49.53 29.26 4062
1 P 51.00 29.09 48
2 P 51.00 28.88 100
3 P 51.00 28.52 182
4 P 51.00 28.18 223
5 P 50.98 27.86 373
6 P 50.99 27.54 395
7 P 51.00 27.17 413
8 P 50.86 26.99 362
9 P 51.00 26.95 215
10 P 50.99 27.31 210
11 P 50.89 27.55 217
12 P 51.00 27.75 277
13 P 51.00 27.00 57
14 P 51.00 27.56 280
15 P 51.00 27.63 80
16 P 51.00 27.82 146
17 P 51.00 27.72 339
18 P 51.00 27.36 493
19 P 51.00 26.96 482
20 P 51.00 26.48 329
21 P 51.00 26.65 245
22 P 51.00 26.93 218
23 P 51.00 27.25 364
24 P 51.00 27.42 315
25 P 51.00 27.31 372
26 P 50.83 27.26 324
27 P 51.00 27.23 408
28 P 50.59 27.26 538
29 P 50.74 26.89 522
30 P 50.87 26.90 496
31 P 50.81 27.03 505
32 P 50.96 27.10 489
33 P 50.92 27.06 459
34 P 50.95 27.03 468
35 P 50.90 26.86 442
36 P 50.40 26.78 449
37 P 50.86 26.60 315
38 P 50.66 26.76 282
39 P 50.81 26.89 404
40 P 50.65 26.96 419
41 P 50.19 26.83 418
42 P 50.86 26.66 437
43 P 50.90 26.62 466
44 P 50.07 26.52 472
45 P 50.54 26.69 514
46 P 50.68 26.59 486
47 P 50.86 26.34 364
48 P 50.41 26.40 238
49 P 50.59 26.60 171
50 P 50.92 26.81 272
51 P 50.83 26.83 397
52 P 50.46 26.79 497
53 P 50.85 26.76 362
54 P 50.96 26.72 377
55 P 50.87 26.59 271
56 P 50.77 26.54 249
57 P 50.90 26.47 242
58 P 50.34 26.50 416
59 P 50.13 26.53 612
60 P 49.83 26.71 722
61 P 49.87 26.55 832
62 P 50.15 26.31 685
63 P 49.81 26.20 665
64 P 49.70 26.16 576
65 P 49.71 26.14 461
66 P 50.03 26.12 498
67 P 49.86 26.17 574
68 P 49.45 26.13 596
69 P 49.42 26.17 679
70 P 49.60 26.19 617
71 P 49.90 26.14 559
72 P 49.95 26.02 519
73 P 50.46 25.96 473
74 P 49.47 25.91 315
75 P 49.72 26.10 371
76 P 50.33 26.44 548
77 P 49.60 26.66 740
78 P 49.63 27.07 890
79 P 49.53 27.14 846
80 P 50.29 26.89 681
81 P 50.34 26.80 750
82 P 50.18 26.55 691
83 P 50.22 26.51 641
84 P 50.18 26.60 564
85 P 49.95 26.55 602
86 P 48.88 26.53 613
87 P 49.70 26.64 689
88 P 50.22 26.63 672
89 P 50.10 26.48 714
90 P 50.68 26.57 624
91 P 50.57 26.53 458
92 P 50.61 26.57 586
93 P 50.40 26.48 618
94 P 50.22 26.50 589
95 P 50.28 26.36 593
96 P 50.30 26.33 521
97 P 49.71 26.48 553
98 P 49.94 26.32 543
99 P 50.64 26.27 491
100 P 49.85 26.14 367
101 P 50.05 26.22 303
102 P 50.70 26.33 339
103 P 50.47 26.42 431
104 P 50.16 26.30 542
105 P 50.43 26.13 532
106 P 49.76 26.21 452
107 P 50.66 26.05 431
108 P 50.49 26.09 466
109 P 50.16 25.99 441
110 P 50.36 26.00 492
111 P 50.75 25.93 462
112 P 50.54 26.02 491
113 P 50.95 25.96 347
114 P 50.72 26.13 372
115 P 50.27 26.21 389
116 P 50.96 26.19 363
117 P 50.91 26.16 353
118 P 50.80 26.12 388
119 P 50.89 26.16 460
120 P 50.87 26.09 358
121 P 50.91 26.11 345
122 P 50.52 26.11 351
123 P 50.57 26.22 361
124 P 50.73 26.23 386
125 P 50.75 26.24 454
126 P 50.83 26.10 433
127 P 50.23 26.14 398
128 P 50.43 26.33 363
129 P 49.73 26.52 483
130 P 50.02 26.86 613
131 P 50.17 26.82 629
132 P 49.56 26.52 558
133 P 49.89 26.54 581
134 P 50.43 26.45 513
135 P 50.02 26.55 490
136 P 50.67 26.42 432
137 P 50.42 26.31 431
138 P 50.43 26.28 379
139 P 50.86 26.36 291
140 P 50.70 26.46 302
141 P 49.89 26.46 421
142 P 50.33 26.65 621
143 P 50.01 26.92 669
144 P 50.30 27.16 782
145 P 50.30 27.28 833
146 P 49.69 27.44 912
147 P 49.87 27.44 1007
148 P 50.25 27.12 903
149 P 49.26 26.93 1029
150 P 49.11 26.98 1194
151 P 49.82 27.08 1162
152 P 49.79 27.00 997
153 P 49.22 27.21 1126
154 P 49.14 27.10 1156
155 P 49.01 27.17 1392
156 P 48.47 27.01 1511
157 P 48.52 26.71 1632
158 P 48.75 27.12 2009
159 P 48.46 26.47 2084
160 P 48.87 26.14 2159
161 P 48.43 26.33 2366
162 P 48.22 26.65 2492
163 P 47.77 27.13 2672
164 P 48.13 27.62 2404
165 P 48.12 28.11 2309
166 P 48.88 27.86 1777
167 P 47.79 28.40 1845
168 P 48.47 28.00 1460
169 P 49.25 27.83 1447
170 P 49.21 27.30 1538
171 P 48.82 26.89 1696
172 P 49.77 25.91 1718
173 P 49.96 25.53 1775
174 P 51.00 24.95 1776
175 P 51.00 24.39 1662
176 P 51.00 24.13 1530
177 P 51.00 23.51 1094
178 P 51.00 23.36 1309
179 P 51.00 23.43 1341
180 P 51.00 23.08 1189
181 P 51.00 23.21 1259
182 P 51.00 23.22 1215
183 P 51.00 23.19 1423
184 P 51.00 23.24 1590
185 P 51.00 23.09 1460
186 P 51.00 23.16 1549
187 P 51.00 23.21 1830
188 P 51.00 23.24 1522
189 P 51.00 23.32 1656
190 P 51.00 23.28 1478
191 P 51.00 23.31 1538
192 P 51.00 23.11 1484
193 P 51.00 23.15 1673
194 P 51.00 23.09 1790
195 P 51.00 22.89 1715
196 P 51.00 22.87 1893
197 P 51.00 22.71 1684
198 P 51.00 22.85 1630
199 P 51.00 22.86 1313
200 P 51.00 22.77 1359
201 P 51.00 22.53 1313
202 P 51.00 22.26 1334
203 P 51.00 21.94 1339
204 P 51.00 21.66 1324
205 P 51.00 21.44 1251
206 P 51.00 21.28 1274
207 P 51.00 20.95 776
208 P 51.00 20.85 331
209 P 51.00 20.79 239
210 P 51.00 20.75 126
211 P 51.00 20.67 85
212 P 51.00 20.63 152
213 P 51.00 20.53 170
214 P 51.00 20.48 172
215 P 51.00 20.39 141
216 P 51.00 20.29 140
217 P 51.00 20.25 112
218 P 51.00 20.23 74
219 P 51.00 20.22 32
220 P 51.00 20.22 12
221 P 51.00 20.23 20
222 P 51.00 20.22 21
223 P 51.00 20.24 25
224 P 51.00 20.24 23
225 P 51.00 20.29 29
226 P 51.00 20.35 20
227 P 51.00 20.40 29
228 P 51.00 20.42 15
229 P 51.00 20.42 24
230 P 51.00 20.44 41
231 P 51.00 20.43 12
232 P 51.00 20.46 57
233 P 51.00 20.48 62
234 P 51.00 20.49 61
235 P 51.00 20.55 100
236 P 51.00 20.57 53
237 P 51.00 20.61 78
238 P 51.00 20.66 78
239 P 51.00 20.69 38
240 P 51.00 20.73 71
241 P 51.00 20.78 106
242 P 51.00 20.82 68
243 P 51.00 20.84 78
244 P 51.00 20.88 132
245 P 51.00 20.89 69
246 P 51.00 20.91 68
247 P 51.00 20.92 40
% Nframe | type | QP | PSNR | size (Bytes) 
25 P 51.00 27.39 35
26 P 51.00 27.20 263
27 P 51.00 27.11 355
28 P 50.85 27.14 323
29 P 50.79 27.05 456
30 P 50.97 27.08 336
31 P 51.00 27.08 38
32 P 50.73 27.01 332
33 P 50.98 26.94 351
34 P 50.85 26.93 644
35 P 50.84 26.76 467
36 P 50.64 26.59 461
37 P 50.85 26.52 445
38 P 51.00 26.53 96
39 P 50.42 26.69 766
40 P 50.25 26.63 492
41 P 50.23 26.62 551
42 P 50.27 26.57 528
43 P 50.24 26.47 512
44 P 50.29 26.52 542
45 P 50.61 26.46 455
46 P 50.73 26.39 429
47 P 50.52 26.45 483
48 P 50.74 26.48 639
49 P 51.00 26.39 73
50 P 50.80 26.38 497
51 P 50.60 26.33 475
52 P 50.90 26.26 468
53 P 50.16 26.24 600
54 P 50.30 26.40 1404
55 P 51.00 26.35 81
56 P 50.96 26.21 356
57 P 50.46 26.11 400
58 P 50.60 26.18 564
59 P 50.54 26.20 423
60 P 50.84 26.08 410
61 P 50.79 26.03 433
62 P 50.67 26.04 522
63 P 50.23 26.10 529
64 P 50.78 26.03 454
65 P 50.74 26.03 499
66 P 50.75 26.06 503
67 P 50.98 26.07 545
68 P 50.72 26.00 523
69 P 50.97 25.98 514
70 P 50.92 26.00 498
71 P 50.61 26.02 536
72 P 50.40 26.17 730
73 P 51.00 26.13 76
74 P 50.97 26.04 521
75 P 50.98 26.08 502
76 P 50.77 26.07 452
77 P 50.86 26.11 598
78 P 50.85 26.01 365
79 P 51.00 26.00 91
80 P 50.69 25.98 463
81 P 50.64 25.94 388
82 P 50.57 25.99 615
83 P 50.87 25.99 417
84 P 50.79 25.91 469
85 P 50.82 25.96 426
86 P 50.74 25.90 413
87 P 50.65 25.95 449
88 P 50.96 25.97 480
89 P 50.64 26.03 400
90 P 50.71 26.04 350
91 P 50.36 26.07 472
92 P 50.65 26.15 482
93 P 49.95 26.14 485
94 P 50.70 26.14 600
95 P 50.56 26.15 531
96 P 50.09 26.31 776
97 P 51.00 26.32 60
98 P 50.39 26.29 533
99 P 50.56 26.30 597
100 P 50.70 26.17 566
101 P 50.78 26.29 885
102 P 50.30 26.19 638
103 P 51.00 26.25 130
104 P 50.52 26.28 603
105 P 49.75 26.39 824
106 P 49.75 26.33 570
107 P 50.52 26.26 579
108 P 50.44 26.31 584
109 P 50.98 26.64 1350
110 P 51.00 26.44 385
111 P 51.00 26.36 438
112 P 51.00 26.39 354
113 P 51.00 26.33 372
114 P 51.00 26.29 369
115 P 51.00 26.24 400
116 P 51.00 26.13 407
117 P 51.00 26.08 410
118 P 51.00 26.10 429
119 P 51.00 25.93 374
120 P 51.00 25.96 404
121 P 51.00 25.96 315
122 P 51.00 25.99 371
123 P 51.00 26.07 426
124 P 51.00 26.07 363
125 P 51.00 26.08 69
126 P 51.00 26.01 254
127 P 51.00 25.93 230
128 P 50.96 26.09 439
129 P 50.83 26.03 256
130 P 51.00 26.13 315
131 P 51.00 26.15 84
132 P 51.00 26.16 354
133 P 51.00 26.12 457
134 P 51.00 26.13 325
135 P 51.00 26.10 305
136 P 51.00 26.01 245
137 P 51.00 26.04 228
138 P 51.00 26.07 211
139 P 51.00 26.06 225
140 P 50.96 26.08 230
141 P 51.00 26.10 230
142 P 51.00 26.13 320
143 P 51.00 26.15 97
144 P 50.96 26.10 190
145 P 50.92 26.15 249
146 P 50.94 26.15 190
147 P 51.00 26.16 294
148 P 51.00 26.18 221
149 P 51.00 26.24 54
150 P 51.00 26.25 184
151 P 50.51 26.32 184
152 P 51.00 26.38 313
153 P 50.18 26.37 230
154 P 50.92 26.38 311
155 P 51.00 26.42 78
156 P 50.96 26.43 267
157 P 50.85 26.46 443
158 P 50.78 26.35 258
159 P 50.91 26.34 276
160 P 51.00 26.28 346
161 P 49.37 26.30 383
162 P 50.89 26.38 347
163 P 50.40 26.79 1387
164 P 50.62 26.66 339
165 P 50.86 26.58 290
166 P 50.87 26.60 495
167 P 51.00 26.62 60
168 P 50.83 26.58 420
169 P 50.91 26.53 368
170 P 50.97 26.44 386
171 P 50.84 26.47 612
172 P 50.74 26.45 429
173 P 50.55 26.47 134
174 P 50.86 26.45 412
175 P 50.90 26.47 393
176 P 50.87 26.56 528
177 P 50.65 26.51 371
178 P 50.69 26.53 419
179 P 50.99 26.53 64
180 P 50.62 26.54 364
181 P 49.36 26.51 447
182 P 50.78 26.44 292
183 P 50.56 26.44 369
184 P 50.91 26.40 324
185 P 50.81 26.44 388
186 P 49.96 26.41 352
187 P 50.67 26.44 358
188 P 50.75 26.40 330
189 P 50.43 26.37 289
190 P 50.68 26.42 537
191 P 50.01 26.43 51
192 P 50.75 26.42 330
193 P 50.59 26.40 363
194 P 49.02 26.34 349
195 P 50.14 26.38 448
196 P 50.43 26.35 368
197 P 50.87 26.35 106
198 P 50.40 26.41 358
199 P 50.77 26.44 351
200 P 50.09 26.48 468
201 P 50.65 26.46 307
202 P 49.89 26.47 330
203 P 49.43 26.44 142
204 P 50.33 26.52 450
205 P 50.09 26.45 381
206 P 50.83 26.43 286
207 P 49.42 26.38 279
208 P 50.01 26.40 304
209 P 50.49 26.42 260
210 P 48.10 26.88 1229
211 P 50.54 26.78 411
212 P 50.04 26.67 467
213 P 50.56 26.62 605
214 P 49.23 26.86 1040
215 P 50.91 26.87 75
216 P 49.48 26.74 636
217 P 47.38 26.78 616
218 P 50.29 26.76 623
219 P 49.77 26.83 755
220 P 49.44 26.92 570
221 P 50.08 26.98 47
222 P 50.36 26.89 497
223 P 50.30 26.90 608
224 P 50.25 26.98 863
225 P 50.46 26.94 655
226 P 50.22 27.01 750
227 P 49.45 26.99 99
228 P 48.83 26.96 901
229 P 49.66 26.96 663
230 P 49.81 26.85 563
231 P 49.83 26.86 523
232 P 48.74 26.85 467
233 P 48.45 26.86 472
234 P 50.18 26.86 452
235 P 50.00 26.83 476
236 P 49.89 26.88 501
237 P 49.31 26.81 498
238 P 49.44 26.93 821
239 P 49.44 26.94 108
240 P 50.21 26.77 539
241 P 49.41 26.72 671
242 P 50.22 26.63 568
243 P 49.75 26.74 880
244 P 48.76 26.68 596
245 P 48.70 26.68 108
246 P 50.10 26.73 563
247 P 49.44 26.72 679
248 P 49.87 26.57 428
249 P 50.39 26.60 506
250 P 50.50 26.57 433
251 P 50.99 26.55 87
252 P 49.59 26.52 538
253 P 50.54 26.47 331
254 P 50.69 26.49 421
255 P 50.86 26.27 294
% Nframe | type | QP | PSNR | size (Bytes) 
25 P 51.00 24.90 1130
26 P 51.00 24.62 1103
27 P 51.00 24.26 1127
28 P 51.00 24.08 965
29 P 51.00 23.66 586
30 P 51.00 23.89 336
31 P 51.00 24.20 427
32 P 51.00 24.18 569
33 P 51.00 24.21 755
34 P 51.00 24.42 789
35 P 51.00 24.41 772
36 P 51.00 24.43 838
37 P 51.00 24.67 888
38 P 51.00 24.64 760
39 P 51.00 24.45 391
40 P 51.00 24.01 499
41 P 51.00 23.90 462
42 P 51.00 23.89 366
43 P 51.00 23.97 247
44 P 51.00 24.03 143
45 P 51.00 24.14 182
46 P 51.00 24.19 183
47 P 51.00 24.14 186
48 P 51.00 23.90 198
49 P 51.00 23.48 192
50 P 51.00 23.09 222
51 P 51.00 23.03 313
52 P 51.00 22.85 253
53 P 51.00 22.70 238
54 P 51.00 22.68 261
55 P 51.00 22.87 327
56 P 51.00 23.18 385
57 P 51.00 23.42 371
58 P 51.00 23.58 325
59 P 51.00 23.63 342
60 P 51.00 23.59 342
61 P 51.00 23.76 425
62 P 51.00 23.71 349
63 P 51.00 23.69 355
64 P 51.00 23.70 323
65 P 51.00 23.68 239
66 P 51.00 23.64 123
67 P 51.00 23.63 129
68 P 51.00 23.70 180
69 P 51.00 23.71 119
70 P 51.00 23.77 153
71 P 51.00 23.85 234
72 P 51.00 23.88 188
73 P 51.00 23.89 184
74 P 51.00 23.85 168
75 P 51.00 23.80 195
76 P 51.00 23.72 191
77 P 51.00 23.68 221
78 P 51.00 23.65 271
79 P 51.00 23.54 193
80 P 51.00 23.48 215
81 P 51.00 23.44 122
82 P 51.00 23.47 75
83 P 51.00 23.57 70
84 P 51.00 23.67 62
85 P 51.00 23.81 86
86 P 51.00 23.91 58
87 P 51.00 23.97 108
88 P 51.00 23.97 124
89 P 51.00 23.96 131
90 P 51.00 23.94 146
91 P 51.00 23.96 178
92 P 51.00 23.91 91
93 P 51.00 23.91 114
94 P 51.00 23.91 88
95 P 51.00 23.97 152
96 P 51.00 23.99 122
97 P 51.00 24.01 149
98 P 51.00 24.04 166
99 P 51.00 24.08 169
100 P 51.00 24.09 153
101 P 51.00 24.07 120
102 P 51.00 24.05 136
103 P 51.00 24.09 177
104 P 51.00 24.08 93
105 P 51.00 24.05 62
106 P 51.00 24.05 77
107 P 51.00 24.04 48
108 P 51.00 24.06 68
109 P 51.00 24.07 57
110 P 51.00 24.07 72
111 P 51.00 24.08 89
112 P 51.00 24.14 164
113 P 51.00 24.36 349
114 P 51.00 24.42 181
115 P 51.00 24.44 72
116 P 51.00 24.51 53
117 P 51.00 24.61 46
118 P 51.00 24.70 46
119 P 51.00 24.76 38
120 P 51.00 24.81 54
121 P 51.00 24.87 75
122 P 51.00 24.90 75
123 P 51.00 24.91 72
124 P 51.00 24.93 64
125 P 51.00 24.95 68
126 P 51.00 24.97 70
127 P 51.00 24.99 58
128 P 50.86 25.00 63
129 P 50.80 25.05 99
130 P 50.85 25.07 84
131 P 51.00 25.08 68
132 P 51.00 25.09 73
133 P 50.39 25.13 85
134 P 51.00 25.17 79
135 P 51.00 25.18 57
136 P 51.00 25.23 113
137 P 51.00 25.27 115
138 P 48.80 25.31 77
139 P 49.76 25.39 113
140 P 50.13 25.43 95
141 P 48.00 25.55 95
142 P 50.15 25.67 136
143 P 50.93 25.73 73
144 P 48.10 25.79 48
145 P 48.01 25.85 56
146 P 50.77 25.98 150
147 P 46.57 26.00 54
148 P 46.73 26.03 70
149 P 47.46 26.04 48
150 P 48.69 26.14 174
151 P 48.58 26.16 123
152 P 49.02 26.18 98
153 P 47.43 26.18 166
154 P 48.41 26.25 164
155 P 49.06 26.29 92
156 P 48.89 26.34 102
157 P 46.12 26.42 100
158 P 43.81 26.48 72
159 P 47.37 26.63 105
160 P 47.80 26.72 111
161 P 46.34 26.72 95
162 P 44.75 26.78 56
163 P 49.16 26.83 77
164 P 46.86 26.93 104
165 P 46.67 26.93 43
166 P 44.40 26.98 81
167 P 47.98 27.01 57
168 P 47.45 27.04 70
169 P 46.34 27.09 49
170 P 46.91 27.19 91
171 P 46.01 27.28 121
172 P 45.97 27.34 135
173 P 45.13 27.40 128
174 P 44.69 27.42 91
175 P 46.72 27.46 90
176 P 44.29 27.51 108
177 P 47.35 27.58 99
178 P 45.04 27.63 95
179 P 46.84 27.64 79
180 P 47.38 27.64 49
181 P 46.49 27.68 80
182 P 46.19 27.74 96
183 P 47.20 27.77 69
184 P 45.09 27.82 57
185 P 45.83 27.85 36
186 P 45.59 27.92 75
187 P 46.31 27.98 90
188 P 43.96 28.06 133
189 P 44.20 28.04 53
190 P 47.05 28.05 83
191 P 45.97 28.03 132
192 P 46.45 28.01 91
193 P 45.60 27.95 73
194 P 46.29 28.02 150
195 P 46.20 28.04 83
196 P 44.37 28.05 56
197 P 46.12 28.06 60
198 P 46.00 28.07 58
199 P 48.91 28.05 29
200 P 44.49 28.02 86
201 P 47.46 28.07 104
202 P 46.55 28.09 137
203 P 46.43 28.09 148
204 P 46.70 28.09 134
205 P 47.34 28.09 147
206 P 46.93 28.09 201
207 P 46.63 28.06 212
208 P 46.43 28.08 194
209 P 45.13 28.12 250
210 P 46.17 28.20 204
211 P 45.80 28.20 154
212 P 44.24 28.22 182
213 P 44.25 28.31 247
214 P 45.15 28.34 247
215 P 44.33 28.32 141
216 P 45.66 28.34 150
217 P 46.81 28.44 148
218 P 45.92 28.44 87
219 P 45.38 28.49 109
220 P 45.82 28.57 100
221 P 45.14 28.62 87
222 P 44.28 28.69 57
223 P 45.84 28.79 61
224 P 43.68 28.86 48
225 P 44.09 28.92 50
226 P 43.07 28.93 52
227 P 46.33 28.94 70
228 P 45.11 28.96 87
229 P 44.13 28.95 75
230 P 46.96 28.97 84
231 P 44.84 28.97 55
232 P 46.72 28.94 63
233 P 45.26 28.94 74
234 P 43.48 28.96 94
235 P 42.06 28.96 37
236 P 41.39 28.98 37
237 P 43.95 29.04 83
238 P 44.01 29.08 123
239 P 46.64 29.05 58
240 P 47.35 29.08 89
241 P 46.40 29.05 69
242 P 45.25 29.05 62
243 P 44.80 29.10 112
244 P 44.41 29.14 43
245 P 45.28 29.16 47
246 P 46.24 29.19 37
247 P 40.23 29.20 31
248 P 43.62 29.22 41
249 P 44.50 29.24 43
250 P 48.00 29.24 12
251 P 45.68 29.25 50
252 P 46.76 29.27 27
253 P 41.24 29.31 194
254 P 39.75 29.35 162
255 P 41.28 29.36 32
256 P 38.58 29.39 24
257 P 47.00 29.39 12
258 P 46.03 29.43 57
259 P 42.27 29.44 41
260 P 41.88 29.44 43
261 P 39.35 29.44 34
262 P 47.00 29.43 19
263 P 42.27 29.44 58
264 P 39.31 29.50 200
265 P 45.26 29.52 48
266 P 40.74 29.54 73
267 P 45.85 29.54 33
268 P 45.07 29.57 73
269 P 41.68 29.55 104
270 P 45.34 29.53 59
271 P 44.89 29.50 56
272 P 42.58 29.69 165
273 P 43.58 29.71 141
274 P 43.34 29.74 118
275 P 43.72 29.75 129
276 P 43.73 29.75 118
277 P 42.45 29.73 106
278 P 43.03 29.71 158
279 P 43.47 29.69 185
280 P 44.02 29.72 315
281 P 43.52 29.76 327
282 P 42.22 29.77 327
283 P 43.50 29.82 404
284 P 43.12 29.82 467
285 P 44.04 29.79 440
286 P 42.86 29.82 528
287 P 43.14 29.91 576
288 P 43.51 30.03 665
289 P 43.25 30.05 752
290 P 43.30 30.04 742
291 P 42.67 29.98 726
292 P 43.05 30.01 776
293 P 43.26 30.06 835
294 P 43.30 29.99 808
295 P 43.07 29.96 824
296 P 42.85 30.03 869
297 P 42.97 29.99 807
298 P 42.95 29.93 768
299 P 43.09 29.95 785
300 P 42.71 29.93 762
301 P 42.60 30.04 772
302 P 42.99 29.90 552
303 P 42.57 29.98 656
304 P 42.84 30.00 628
305 P 42.63 30.04 597
306 P 41.79 30.03 640
307 P 42.28 30.00 615
308 P 42.69 30.09 809
309 P 42.67 30.09 731
310 P 42.86 30.10 852
311 P 42.77 30.10 899
312 P 42.83 30.17 1005
313 P 42.88 30.16 966
314 P 42.97 30.24 1005
315 P 42.50 30.30 975
316 P 42.63 30.26 940
317 P 43.05 30.14 859
318 P 42.84 30.03 795
319 P 43.36 29.98 738
320 P 42.57 30.00 718
321 P 43.19 30.01 708
322 P 42.51 29.99 603
323 P 43.11 29.98 518
324 P 42.12 29.93 544
325 P 43.23 29.92 492
326 P 42.76 30.04 601
327 P 42.40 30.05 458
328 P 42.11 30.07 394
329 P 43.04 30.13 328
330 P 42.61 30.20 228
331 P 41.93 30.24 230
332 P 43.21 30.23 253
333 P 42.74 30.23 337
334 P 42.16 30.20 369
335 P 42.22 30.29 486
336 P 42.54 30.28 521
337 P 42.24 30.12 511
338 P 42.93 30.23 629
339 P 42.04 30.09 485
340 P 43.13 30.15 587
341 P 41.99 30.11 537
342 P 42.80 30.07 497
343 P 42.78 30.08 385
344 P 41.97 30.15 312
345 P 42.67 30.28 219
346 P 43.39 30.42 206
347 P 41.33 30.45 176
348 P 44.05 30.54 199
349 P 43.52 30.56 205
350 P 42.59 30.62 218
351 P 43.54 30.61 123
352 P 42.81 30.70 104
353 P 42.54 30.72 162
354 P 44.85 30.54 93
