% Nframe | type | QP | PSNR | size (Bytes) 
0 I 26.92 39.26 9476
1 P 29.68 38.88 370
2 P 29.04 38.50 679
3 P 30.11 38.38 1170
4 P 29.39 38.46 1353
5 P 29.45 38.42 1344
6 P 30.00 38.49 1381
7 P 29.53 38.29 1364
8 P 30.40 38.14 1185
9 P 30.63 38.12 1322
10 P 30.31 38.18 1330
11 P 29.44 38.25 1625
12 P 33.87 37.03 527
13 P 30.34 37.47 1571
14 P 28.01 38.42 2455
15 P 25.48 39.16 2270
16 P 24.07 39.97 2747
17 P 23.21 40.69 4001
18 P 22.45 41.08 4861
19 P 22.22 41.30 5280
20 P 21.56 41.44 5117
21 P 21.17 41.85 4572
22 P 20.56 42.28 5508
23 P 20.30 42.69 6610
24 P 19.90 43.07 6803
25 P 19.52 43.07 7457
26 P 19.59 43.04 6491
27 P 19.37 43.27 6056
28 P 19.53 43.35 6194
29 P 19.43 43.23 6655
30 P 19.79 43.02 7422
31 P 19.98 42.90 7118
32 P 20.33 43.02 6231
33 P 20.52 43.01 5807
34 P 20.58 42.83 6626
35 P 20.94 42.48 6352
36 P 20.90 42.42 6137
37 P 21.37 42.26 4116
38 P 21.83 42.30 3486
39 P 21.95 42.19 4155
40 P 22.33 42.09 4180
41 P 22.22 41.93 3985
42 P 22.37 41.89 3685
43 P 22.81 41.78 3412
44 P 23.03 41.65 3316
45 P 23.11 41.70 3559
46 P 23.06 41.46 3511
47 P 23.59 41.25 3287
48 P 24.28 41.13 2727
49 P 23.86 41.38 2184
50 P 24.10 41.51 2545
51 P 24.05 41.35 3465
52 P 24.06 41.36 3799
53 P 24.20 41.30 3129
54 P 24.39 41.27 3476
55 P 24.04 41.22 3452
56 P 23.69 41.22 3323
57 P 23.38 41.20 3651
58 P 22.97 41.29 3586
59 P 22.87 41.43 4841
60 P 22.88 41.52 5213
61 P 22.55 41.53 5594
62 P 22.57 41.48 5199
63 P 22.75 41.51 5217
64 P 22.66 41.41 4644
65 P 22.48 41.39 4273
66 P 22.64 41.48 4644
67 P 22.55 41.48 4399
68 P 22.08 41.54 3940
69 P 22.15 41.45 4444
70 P 22.52 41.35 4814
71 P 22.63 41.38 4764
72 P 22.72 41.33 4714
73 P 22.96 41.17 4139
74 P 23.02 41.05 3916
75 P 22.84 41.18 4557
76 P 23.44 41.24 5059
77 P 22.73 41.51 5723
78 P 22.69 41.78 6050
79 P 23.28 41.52 5894
80 P 23.32 41.31 6483
81 P 22.90 41.10 6458
82 P 22.80 40.93 6221
83 P 23.16 40.96 5826
84 P 23.31 41.14 5240
85 P 23.30 41.21 4915
86 P 23.05 41.36 4478
87 P 22.86 41.27 4583
88 P 23.53 41.26 4793
89 P 23.41 41.17 4844
90 P 23.53 40.97 4611
91 P 23.36 40.87 4816
92 P 23.33 40.72 4789
93 P 24.54 40.57 4406
94 P 24.64 40.60 3468
95 P 24.45 40.60 3497
96 P 24.10 40.63 3389
97 P 24.45 40.74 3049
98 P 24.29 40.56 3435
99 P 24.57 40.34 3363
100 P 25.07 40.18 3504
101 P 24.38 40.16 3238
102 P 24.79 40.26 3423
103 P 24.05 40.41 3887
104 P 24.81 40.43 4212
105 P 24.44 40.31 4350
106 P 25.10 40.37 3744
107 P 24.46 40.27 3584
108 P 25.10 40.33 3821
109 P 25.33 40.30 3561
110 P 24.77 40.44 3884
111 P 24.59 40.46 3931
112 P 24.61 40.41 3311
113 P 25.17 40.48 3208
114 P 24.78 40.50 2939
115 P 24.92 40.62 2937
116 P 24.84 40.68 3227
117 P 25.53 40.70 3557
118 P 25.92 40.56 3413
119 P 24.65 40.48 3862
120 P 25.37 40.38 3817
121 P 25.36 40.31 3564
122 P 25.77 40.40 3876
123 P 25.80 40.53 3230
124 P 25.36 40.60 2869
125 P 25.95 40.49 3210
126 P 25.04 40.42 3414
127 P 24.87 40.38 3616
128 P 25.01 40.63 4163
129 P 24.65 40.84 4086
130 P 24.47 41.11 4150
131 P 24.92 41.20 4269
132 P 25.66 41.09 4237
133 P 25.92 40.93 4253
134 P 25.36 40.89 3788
135 P 25.77 40.87 3301
136 P 25.60 40.83 3721
137 P 24.75 40.84 3687
138 P 26.00 40.70 3061
139 P 24.90 40.86 2711
140 P 25.22 40.79 3567
141 P 24.79 40.89 4204
142 P 25.33 40.87 4295
143 P 25.07 41.06 3861
144 P 25.31 41.22 4368
145 P 25.51 41.30 4515
146 P 24.68 41.47 5003
147 P 24.11 41.50 5956
148 P 23.78 41.12 6578
149 P 23.60 40.86 7170
150 P 23.33 40.90 7226
151 P 23.09 41.12 6792
152 P 22.85 41.28 6138
153 P 22.90 41.55 6626
154 P 23.02 41.68 6372
155 P 22.94 41.92 6646
156 P 22.85 42.09 6504
157 P 23.01 42.16 6165
158 P 22.95 42.29 6502
159 P 23.14 42.50 6745
160 P 23.30 42.53 6399
161 P 22.95 42.85 7203
162 P 22.79 43.60 6962
163 P 22.45 44.33 6308
164 P 21.92 45.09 5812
165 P 21.68 46.05 4986
166 P 21.31 45.84 4718
167 P 21.48 45.49 4877
168 P 21.26 45.48 4873
169 P 21.66 44.92 5323
170 P 21.88 44.42 5685
171 P 22.27 44.39 5873
172 P 22.54 43.73 5403
173 P 22.78 43.63 5227
174 P 23.83 42.80 6253
175 P 23.90 42.10 6146
176 P 24.00 42.07 6242
177 P 24.14 42.00 6021
178 P 24.14 41.66 6069
179 P 24.38 41.36 6364
180 P 24.30 41.10 6370
181 P 24.45 40.74 6958
182 P 24.82 40.50 6882
183 P 24.85 40.35 6614
184 P 25.26 39.98 7006
185 P 25.61 39.63 7153
186 P 25.49 39.40 7232
187 P 25.59 39.23 6942
188 P 25.63 39.33 6426
189 P 25.65 39.48 5621
190 P 25.60 39.39 5998
191 P 25.79 39.06 5973
192 P 25.99 38.74 6518
193 P 26.33 38.44 6365
194 P 26.46 38.25 5887
195 P 26.86 38.09 5761
196 P 26.95 38.00 6387
197 P 27.06 37.80 6923
198 P 27.19 37.66 5592
199 P 27.47 37.33 5873
200 P 27.71 36.92 6470
201 P 27.85 36.28 7897
202 P 28.00 35.58 8750
203 P 28.09 34.88 10117
204 P 28.37 34.05 9258
205 P 28.62 33.74 7667
206 P 28.57 33.64 5800
207 P 28.83 33.42 5880
208 P 29.05 33.28 4175
209 P 28.91 33.25 4208
210 P 29.05 33.28 3365
211 P 29.17 33.24 3066
212 P 29.31 33.37 2835
213 P 29.00 33.44 2478
214 P 29.32 33.32 2502
215 P 29.22 33.28 2267
216 P 29.89 33.20 2093
217 P 29.73 33.10 1701
218 P 29.74 33.13 1654
219 P 29.67 33.15 1050
220 P 29.63 33.21 673
221 P 29.94 33.22 507
222 P 29.75 33.30 752
223 P 29.81 33.36 432
224 P 30.48 33.37 429
225 P 30.21 33.34 596
226 P 29.57 33.26 1263
227 P 29.56 33.28 1249
228 P 29.79 33.24 1521
229 P 29.43 33.34 1304
230 P 29.36 33.36 1362
231 P 29.20 33.45 590
232 P 29.37 33.50 731
233 P 28.90 33.51 593
234 P 28.94 33.58 642
235 P 28.48 33.52 922
236 P 28.73 33.59 969
237 P 29.33 33.56 1335
238 P 28.64 33.60 1426
239 P 29.10 33.59 1575
240 P 28.77 33.57 2063
241 P 28.69 33.63 2289
242 P 28.59 33.69 2336
243 P 28.68 33.69 2401
244 P 28.37 33.79 2858
245 P 28.12 33.89 1901
246 P 28.28 33.91 1742
247 P 30.57 33.51 508
% Nframe | type | QP | PSNR | size (Bytes) 
25 P 19.69 42.60 2190
26 P 19.96 42.81 4823
27 P 20.42 42.78 4287
28 P 20.04 42.77 4075
29 P 20.25 42.87 4749
30 P 20.24 42.91 3745
31 P 19.74 42.86 1525
32 P 20.54 42.70 3905
33 P 21.19 42.57 3861
34 P 20.75 42.59 5514
35 P 21.13 42.47 4469
36 P 21.28 42.24 4525
37 P 20.63 42.42 5514
38 P 20.31 42.37 2338
39 P 20.56 42.18 6210
40 P 19.52 42.20 5205
41 P 21.40 42.30 4779
42 P 20.70 42.39 4857
43 P 20.00 42.44 4924
44 P 21.31 42.46 5012
45 P 21.21 42.52 5150
46 P 20.95 42.51 5039
47 P 21.27 42.46 4816
48 P 21.30 42.55 5865
49 P 20.82 42.54 2221
50 P 21.44 42.53 4860
51 P 21.74 42.50 4630
52 P 21.89 42.30 4350
53 P 22.30 42.05 5086
54 P 21.47 42.34 8969
55 P 20.95 42.32 2363
56 P 21.06 42.01 4435
57 P 21.55 41.92 4225
58 P 21.45 41.90 5285
59 P 20.85 41.80 4760
60 P 20.98 41.81 4672
61 P 21.43 41.80 4901
62 P 21.06 41.80 5269
63 P 21.00 41.73 4883
64 P 21.30 41.82 4911
65 P 21.14 41.80 4456
66 P 21.31 41.76 4216
67 P 21.90 41.81 4680
68 P 21.46 41.72 4559
69 P 21.27 41.69 4554
70 P 22.28 41.54 4496
71 P 22.00 41.50 4723
72 P 21.22 41.80 5822
73 P 21.63 41.82 2037
74 P 22.25 41.59 4410
75 P 21.68 41.68 4378
76 P 23.74 41.56 4089
77 P 23.06 41.49 4564
78 P 21.64 41.76 4143
79 P 22.91 41.77 1538
80 P 23.41 41.62 3953
81 P 23.47 41.61 3640
82 P 22.98 41.54 4535
83 P 23.08 41.60 3614
84 P 23.39 41.56 3807
85 P 23.69 41.54 4033
86 P 23.38 41.55 3743
87 P 23.70 41.46 3703
88 P 23.63 41.55 4196
89 P 23.90 41.55 3513
90 P 23.04 41.52 3449
91 P 23.50 41.54 3929
92 P 23.54 41.53 4080
93 P 23.92 41.48 4141
94 P 22.74 41.50 4128
95 P 23.20 41.44 3896
96 P 23.33 41.71 5687
97 P 21.89 41.74 1741
98 P 23.32 41.58 4628
99 P 23.54 41.64 4989
100 P 22.38 41.55 4983
101 P 23.91 41.62 5847
102 P 22.74 41.67 5581
103 P 22.98 41.66 2211
104 P 23.90 41.40 4643
105 P 22.84 41.64 5722
106 P 22.52 41.67 4819
107 P 23.48 41.67 4809
108 P 24.04 41.45 4383
109 P 23.40 41.99 7972
110 P 23.99 41.82 4403
111 P 23.31 41.78 4497
112 P 23.85 41.76 3760
113 P 24.00 41.67 3615
114 P 24.17 41.66 3788
115 P 24.13 41.70 3721
116 P 23.86 41.74 4100
117 P 23.97 41.60 4097
118 P 24.00 41.55 4190
119 P 23.95 41.50 4130
120 P 24.15 41.51 3791
121 P 23.71 41.54 3791
122 P 23.68 41.53 3610
123 P 23.64 41.58 3843
124 P 24.16 41.78 3863
125 P 23.56 41.77 1462
126 P 23.96 41.72 3214
127 P 24.07 41.64 3178
128 P 24.06 41.70 3673
129 P 24.21 41.73 3293
130 P 23.80 41.81 3747
131 P 24.13 41.78 1616
132 P 24.35 41.66 3849
133 P 24.07 41.66 4567
134 P 23.52 41.66 3762
135 P 23.54 41.66 3747
136 P 23.83 41.69 3621
137 P 23.43 41.80 3157
138 P 23.44 41.95 3236
139 P 23.45 41.85 3076
140 P 23.47 41.82 2994
141 P 23.40 41.80 3238
142 P 23.19 42.02 4369
143 P 23.57 41.99 1972
144 P 23.53 41.98 3383
145 P 22.84 41.94 2932
146 P 23.38 41.81 2844
147 P 22.92 41.80 3576
148 P 23.09 42.00 3477
149 P 22.99 42.01 1259
150 P 23.04 41.89 3047
151 P 23.17 41.88 3113
152 P 23.15 41.93 4050
153 P 23.07 41.88 3722
154 P 22.72 41.87 3712
155 P 22.37 41.86 1728
156 P 23.61 41.78 3461
157 P 22.42 41.85 4888
158 P 21.92 41.90 3946
159 P 22.54 41.86 3735
160 P 22.19 41.87 4069
161 P 22.79 41.87 3915
162 P 22.72 41.79 3091
163 P 22.35 41.88 7626
164 P 21.98 41.77 4306
165 P 22.60 41.75 3898
166 P 22.05 41.97 5268
167 P 21.79 42.01 1540
168 P 21.78 41.85 4412
169 P 22.73 41.78 4236
170 P 22.77 41.72 4416
171 P 22.86 41.81 5461
172 P 22.42 41.95 4857
173 P 22.64 41.85 2403
174 P 22.94 41.80 4828
175 P 23.15 41.67 4408
176 P 22.81 41.76 5710
177 P 22.42 41.76 4866
178 P 22.08 41.94 5190
179 P 21.86 41.97 1828
180 P 22.68 41.80 4089
181 P 22.55 41.89 4656
182 P 22.34 41.85 3936
183 P 22.84 41.86 3940
184 P 22.47 41.78 3930
185 P 22.18 41.87 4452
186 P 22.09 41.87 4750
187 P 22.24 41.83 4449
188 P 22.13 41.89 4659
189 P 21.83 41.77 4078
190 P 21.83 41.91 5436
191 P 21.37 41.96 1789
192 P 22.05 41.77 3994
193 P 22.46 41.81 4082
194 P 22.24 41.78 3980
195 P 22.35 41.82 5033
196 P 22.23 42.00 4732
197 P 22.00 41.96 2030
198 P 21.75 41.76 4178
199 P 22.56 41.77 4016
200 P 22.05 41.89 5194
201 P 22.31 41.84 4562
202 P 22.38 41.90 4908
203 P 22.24 41.86 2968
204 P 22.12 41.80 5528
205 P 22.69 41.70 4756
206 P 22.19 41.86 4134
207 P 22.13 41.77 3993
208 P 22.68 41.79 3914
209 P 22.53 41.60 3395
210 P 23.52 42.36 6080
211 P 22.43 42.25 3122
212 P 22.45 42.29 3649
213 P 22.77 42.22 3681
214 P 22.14 42.45 5360
215 P 22.28 42.42 1299
216 P 22.82 42.31 3937
217 P 22.99 42.29 3760
218 P 22.66 42.21 3435
219 P 22.40 42.22 4337
220 P 21.96 42.36 3722
221 P 22.38 42.39 1169
222 P 22.63 42.21 3693
223 P 22.50 42.16 3964
224 P 22.85 42.13 4976
225 P 23.36 42.07 4538
226 P 22.29 42.23 5143
227 P 22.05 42.18 1822
228 P 23.42 42.14 5623
229 P 22.42 42.18 4443
230 P 22.00 42.20 3886
231 P 22.20 42.15 3767
232 P 22.08 42.17 3616
233 P 22.00 42.32 3625
234 P 21.51 42.22 3155
235 P 21.96 42.24 3412
236 P 22.21 42.30 3643
237 P 22.21 42.13 3640
238 P 21.87 42.28 5233
239 P 21.48 42.27 1827
240 P 21.60 42.12 4231
241 P 22.98 42.08 4040
242 P 22.67 42.06 3683
243 P 22.88 42.09 4727
244 P 21.97 42.31 3966
245 P 22.73 42.33 1284
246 P 22.75 42.20 3581
247 P 22.73 42.17 4173
248 P 22.31 42.15 3555
249 P 22.94 42.09 3531
250 P 22.34 42.20 3790
251 P 22.71 42.20 1421
252 P 23.04 42.07 4134
253 P 21.62 42.08 3869
254 P 22.14 42.03 3543
255 P 24.06 41.61 2671
% Nframe | type | QP | PSNR | size (Bytes) 
25 P 19.35 45.69 7474
26 P 19.84 45.32 7468
27 P 20.12 44.58 7878
28 P 20.70 43.63 7953
29 P 21.92 41.80 8421
30 P 22.92 41.54 5687
31 P 23.11 41.78 5457
32 P 23.20 41.98 5191
33 P 23.74 42.06 4470
34 P 23.30 42.34 3909
35 P 23.63 42.41 3140
36 P 23.37 42.56 2627
37 P 23.52 42.67 2681
38 P 24.32 42.36 2623
39 P 24.49 41.73 2866
40 P 26.20 40.88 2601
41 P 25.62 40.34 2473
42 P 26.97 39.93 2211
43 P 26.83 39.63 2318
44 P 27.53 39.79 1879
45 P 26.96 40.06 1911
46 P 26.82 40.08 1924
47 P 26.61 40.20 1929
48 P 26.30 40.49 1911
49 P 26.14 40.40 1973
50 P 26.22 40.31 2574
51 P 26.12 40.02 2841
52 P 26.21 39.99 3200
53 P 25.86 39.98 3172
54 P 25.31 40.21 2809
55 P 25.22 40.40 2272
56 P 25.04 40.59 1965
57 P 25.48 40.60 1989
58 P 25.41 40.57 2176
59 P 24.32 40.62 1994
60 P 24.49 40.76 2223
61 P 24.42 40.92 2393
62 P 24.47 40.96 2251
63 P 24.19 40.92 2661
64 P 23.90 40.84 2833
65 P 24.03 40.67 2402
66 P 24.21 40.66 1802
67 P 24.18 40.85 1796
68 P 24.38 40.91 2340
69 P 24.16 40.85 2848
70 P 23.47 40.99 3513
71 P 24.09 40.93 4375
72 P 23.17 40.92 4308
73 P 23.17 40.96 4373
74 P 22.81 40.99 4078
75 P 23.09 41.09 3488
76 P 22.99 41.20 3041
77 P 22.13 41.46 2976
78 P 22.00 41.61 3025
79 P 21.65 41.60 3302
80 P 22.32 41.45 3308
81 P 21.64 41.46 2473
82 P 21.59 41.60 1942
83 P 22.12 41.62 1993
84 P 22.80 41.60 2365
85 P 22.40 41.54 2717
86 P 22.42 41.59 2858
87 P 22.63 41.66 3332
88 P 22.51 41.59 3292
89 P 22.04 41.55 3740
90 P 22.28 41.56 4097
91 P 22.25 41.51 4365
92 P 21.75 41.48 3757
93 P 21.56 41.50 3687
94 P 21.38 41.58 3444
95 P 21.37 41.68 3269
96 P 21.94 41.77 2863
97 P 21.83 41.91 2934
98 P 20.96 42.08 2364
99 P 21.18 42.13 2321
100 P 21.59 42.13 2598
101 P 21.97 42.09 2577
102 P 21.93 42.17 2448
103 P 21.75 42.20 2100
104 P 21.57 42.12 2254
105 P 21.68 41.95 2534
106 P 21.09 41.99 2486
107 P 21.63 42.05 2018
108 P 21.33 42.19 1682
109 P 22.07 42.12 1728
110 P 21.71 42.13 1989
111 P 21.12 42.17 2242
112 P 21.39 42.28 1964
113 P 21.27 42.30 2168
114 P 21.43 42.41 2872
115 P 21.11 42.36 2163
116 P 20.77 42.44 1893
117 P 21.00 42.49 1863
118 P 21.18 42.52 1952
119 P 20.27 42.58 2414
120 P 20.36 42.66 2456
121 P 20.16 42.71 2729
122 P 20.38 42.74 3092
123 P 20.44 42.70 3568
124 P 20.96 42.74 3689
125 P 20.52 42.85 3581
126 P 20.56 42.86 3229
127 P 20.03 42.91 3125
128 P 19.98 42.92 3044
129 P 19.83 42.97 3301
130 P 19.54 43.10 2717
131 P 19.40 43.21 2940
132 P 19.41 43.22 3072
133 P 19.53 43.29 2641
134 P 19.61 43.32 2493
135 P 19.26 43.30 2711
136 P 19.16 43.34 2838
137 P 18.78 43.34 2658
138 P 18.84 43.33 2933
139 P 18.86 43.45 3224
140 P 18.58 43.54 1767
141 P 18.90 43.64 1637
142 P 18.89 43.57 2228
143 P 18.63 43.56 2901
144 P 18.87 43.64 3189
145 P 18.24 43.75 2458
146 P 18.46 43.77 2502
147 P 17.82 43.78 2281
148 P 18.41 43.80 2130
149 P 18.41 43.81 2736
150 P 18.33 43.73 3067
151 P 18.26 43.78 3212
152 P 18.21 43.79 3267
153 P 17.62 43.87 3890
154 P 17.80 43.91 4134
155 P 17.88 44.01 3287
156 P 17.67 44.10 2643
157 P 17.79 44.14 3312
158 P 17.32 44.20 3644
159 P 17.49 44.24 2658
160 P 16.85 44.39 2804
161 P 17.20 44.38 3189
162 P 17.37 44.50 2154
163 P 17.35 44.54 2145
164 P 17.31 44.55 2134
165 P 16.82 44.55 2647
166 P 16.63 44.44 2570
167 P 16.90 44.42 2893
168 P 17.13 44.50 3188
169 P 16.89 44.49 2849
170 P 16.76 44.59 2493
171 P 16.37 44.64 2166
172 P 16.77 44.64 2816
173 P 16.87 44.60 3274
174 P 16.68 44.58 3489
175 P 16.70 44.57 3575
176 P 16.71 44.63 4482
177 P 16.71 44.75 3633
178 P 16.45 44.85 2517
179 P 16.70 44.89 2320
180 P 16.44 44.88 2978
181 P 16.29 44.86 3402
182 P 16.27 44.91 3016
183 P 16.23 44.99 3045
184 P 15.89 45.04 2639
185 P 15.93 45.13 1924
186 P 15.97 45.18 1849
187 P 16.03 45.30 2394
188 P 15.79 45.30 1921
189 P 16.16 45.10 2772
190 P 16.11 45.03 4305
191 P 16.08 45.04 5175
192 P 15.97 45.04 5555
193 P 16.29 45.06 4546
194 P 15.92 45.10 4395
195 P 15.54 45.20 3881
196 P 15.55 45.21 3298
197 P 15.61 45.31 2961
198 P 15.43 45.38 3696
199 P 15.50 45.33 4138
200 P 15.53 45.33 4859
201 P 15.57 45.32 3862
202 P 15.76 45.25 4732
203 P 15.53 45.27 5296
204 P 15.70 45.29 4932
205 P 15.79 45.19 4854
206 P 15.65 45.25 5362
207 P 15.57 45.25 5476
208 P 15.60 45.31 6079
209 P 15.55 45.23 5675
210 P 15.59 45.24 5421
211 P 15.72 45.29 5109
212 P 15.76 45.26 5004
213 P 15.55 45.15 5689
214 P 15.60 45.22 6495
215 P 15.54 45.25 6030
216 P 15.67 45.21 4796
217 P 15.51 45.32 4757
218 P 15.32 45.36 2664
219 P 15.57 45.42 2649
220 P 15.58 45.37 3794
221 P 15.70 45.24 4074
222 P 15.88 45.14 4356
223 P 15.77 45.07 4928
224 P 15.92 45.09 5071
225 P 16.02 45.04 5801
226 P 15.93 44.90 5192
227 P 16.10 44.91 5038
228 P 16.29 44.94 5260
229 P 16.07 44.95 5198
230 P 16.09 44.98 4957
231 P 16.03 44.97 4632
232 P 15.98 45.05 4783
233 P 16.18 45.16 3966
234 P 16.03 45.21 3441
235 P 15.94 45.22 2509
236 P 15.81 45.21 2223
237 P 15.88 45.16 2943
238 P 15.76 45.09 3566
239 P 16.28 45.00 4457
240 P 16.11 44.98 3302
241 P 16.14 45.01 2542
242 P 16.27 45.05 2742
243 P 16.15 45.03 2717
244 P 15.84 45.11 1714
245 P 16.11 45.17 2034
246 P 16.17 45.23 1749
247 P 16.36 45.27 1928
248 P 16.02 45.26 2213
249 P 15.82 45.28 2265
250 P 15.78 45.31 1606
251 P 15.63 45.32 1705
252 P 15.83 45.38 1862
253 P 15.64 45.37 2372
254 P 15.48 45.34 1939
255 P 15.83 45.35 2139
256 P 15.86 45.39 2522
257 P 15.83 45.39 1967
258 P 15.83 45.34 2856
259 P 15.62 45.31 2573
260 P 15.66 45.36 2948
261 P 15.49 45.31 2820
262 P 15.37 45.31 3087
263 P 15.28 45.43 2958
264 P 15.40 45.47 2762
265 P 15.35 45.60 2221
266 P 15.38 45.63 2806
267 P 15.08 45.61 3126
268 P 14.97 45.63 3546
269 P 15.07 45.56 4173
270 P 15.20 45.61 4562
271 P 15.22 45.62 4107
272 P 15.14 45.69 3873
273 P 15.15 45.68 4538
274 P 15.23 45.66 4652
275 P 15.23 45.69 4984
276 P 15.10 45.72 5219
277 P 14.90 45.74 4870
278 P 14.86 45.72 5496
279 P 14.96 45.67 6233
280 P 15.05 45.70 7304
281 P 15.00 45.72 7664
282 P 15.00 45.75 7658
283 P 14.91 45.76 7938
284 P 14.97 45.72 8176
285 P 15.04 45.69 8312
286 P 15.12 45.69 8317
287 P 15.15 45.69 8137
288 P 15.07 45.72 8795
289 P 15.05 45.71 9552
290 P 15.08 45.66 9583
291 P 15.23 45.61 9034
292 P 15.20 45.59 9050
293 P 15.32 45.62 8902
294 P 15.45 45.51 8714
295 P 15.50 45.44 8999
296 P 15.65 45.35 8635
297 P 15.77 45.20 8858
298 P 15.78 45.09 8646
299 P 16.06 45.06 8508
300 P 16.16 44.99 7920
301 P 16.21 44.89 7839
302 P 16.33 44.77 7800
303 P 16.53 44.72 7659
304 P 16.67 44.72 7548
305 P 16.79 44.65 7309
306 P 16.96 44.50 6880
307 P 17.00 44.47 6576
308 P 16.92 44.58 6118
309 P 17.17 44.54 5122
310 P 17.32 44.50 4978
311 P 17.30 44.45 5112
312 P 17.53 44.42 5876
313 P 17.60 44.33 5671
314 P 17.74 44.34 5963
315 P 17.90 44.24 6010
316 P 17.82 44.22 6262
317 P 17.80 44.14 5244
318 P 17.99 44.05 4236
319 P 18.11 43.98 4537
320 P 18.15 43.87 4511
321 P 18.03 43.83 4747
322 P 18.12 43.84 4648
323 P 18.41 43.82 4489
324 P 18.37 43.81 4329
325 P 18.43 43.80 3985
326 P 18.20 43.82 4056
327 P 18.16 43.75 3834
328 P 18.63 43.73 3884
329 P 18.31 43.76 3833
330 P 18.57 43.73 3163
331 P 18.33 43.73 2920
332 P 18.41 43.75 3202
333 P 18.45 43.73 3551
334 P 18.65 43.70 3893
335 P 18.71 43.75 4288
336 P 18.90 43.75 3922
337 P 18.77 43.72 3844
338 P 18.77 43.74 4263
339 P 18.66 43.71 3886
340 P 18.27 43.71 3963
341 P 18.51 43.65 4063
342 P 18.66 43.73 4360
343 P 18.47 43.78 4059
344 P 18.32 43.82 4144
345 P 18.33 43.84 4096
346 P 18.45 43.91 3897
347 P 18.57 43.78 4250
348 P 18.30 43.86 4547
349 P 18.52 43.80 4092
350 P 18.82 43.85 4247
351 P 18.37 43.90 3059
352 P 18.53 43.92 2589
353 P 18.42 43.90 2959
354 P 19.74 43.14 1633
