% Nframe | type | QP | PSNR | size (Bytes) 
0 I 24.38 39.79 4663
1 P 25.13 39.47 286
2 P 25.68 39.20 446
3 P 26.66 39.02 591
4 P 26.35 38.95 779
5 P 26.91 38.81 773
6 P 27.32 39.01 899
7 P 26.42 38.97 918
8 P 26.95 38.96 753
9 P 26.29 38.96 736
10 P 26.42 38.92 740
11 P 26.60 38.88 944
12 P 28.97 37.95 553
13 P 25.15 39.46 1575
14 P 21.15 40.86 2047
15 P 19.60 41.91 2106
16 P 19.02 42.75 2412
17 P 18.12 43.39 3088
18 P 17.33 43.80 3670
19 P 17.10 44.21 3608
20 P 16.36 44.72 3582
21 P 15.73 45.08 3331
22 P 15.40 45.45 4172
23 P 15.16 45.58 4581
24 P 14.66 46.09 4778
25 P 14.53 45.97 4843
26 P 14.70 45.84 4220
27 P 14.68 45.94 4225
28 P 14.69 45.91 4281
29 P 14.84 45.85 4549
30 P 14.74 45.73 4745
31 P 15.18 45.61 4532
32 P 15.20 45.66 4267
33 P 15.30 45.63 4245
34 P 15.36 45.45 4494
35 P 15.52 45.27 4416
36 P 15.60 45.26 4361
37 P 15.88 45.16 3343
38 P 16.06 45.01 3052
39 P 16.11 44.94 3597
40 P 16.12 44.97 3665
41 P 16.39 44.75 3362
42 P 16.64 44.65 3231
43 P 16.82 44.58 3077
44 P 16.78 44.50 3132
45 P 16.94 44.41 3167
46 P 17.07 44.28 2981
47 P 17.70 44.29 2669
48 P 17.68 44.23 2252
49 P 17.45 44.29 2297
50 P 17.66 44.30 2440
51 P 18.01 44.22 2882
52 P 17.48 44.08 2878
53 P 18.01 44.09 2434
54 P 17.68 44.04 2733
55 P 17.76 44.13 2697
56 P 17.56 44.07 2398
57 P 18.10 43.94 2587
58 P 17.77 43.95 2877
59 P 18.02 43.92 3397
60 P 17.40 44.01 3949
61 P 17.27 44.16 4166
62 P 17.27 44.17 3934
63 P 17.16 44.21 3930
64 P 17.45 44.20 3650
65 P 17.42 44.14 3173
66 P 17.17 44.19 3416
67 P 17.47 44.21 3329
68 P 17.52 44.30 3054
69 P 17.28 44.27 3550
70 P 17.16 44.19 3742
71 P 17.08 44.07 3524
72 P 17.04 44.08 3653
73 P 17.24 44.03 3176
74 P 17.44 44.02 2904
75 P 17.50 43.85 3388
76 P 17.71 43.72 3678
77 P 17.50 43.88 3979
78 P 17.55 43.93 4376
79 P 17.58 43.84 4314
80 P 17.42 43.82 4571
81 P 17.69 43.59 4278
82 P 17.95 43.52 4281
83 P 17.89 43.59 3983
84 P 17.85 43.57 3603
85 P 17.89 43.57 3529
86 P 17.88 43.65 3413
87 P 17.97 43.63 3507
88 P 17.93 43.60 3602
89 P 17.98 43.51 3652
90 P 18.09 43.51 3613
91 P 18.15 43.49 3426
92 P 18.45 43.41 3560
93 P 18.81 43.29 3350
94 P 18.58 43.34 3011
95 P 18.54 43.31 2960
96 P 18.68 43.20 2845
97 P 18.81 43.23 2538
98 P 18.57 43.18 2676
99 P 19.21 43.08 2707
100 P 18.52 43.05 2733
101 P 18.99 43.03 2450
102 P 18.59 42.97 2772
103 P 18.98 42.96 3010
104 P 19.03 42.90 3119
105 P 19.50 42.96 3176
106 P 19.51 42.96 2832
107 P 18.61 43.12 2956
108 P 19.20 43.06 2844
109 P 18.87 43.00 2786
110 P 19.72 43.16 2806
111 P 18.92 43.23 2830
112 P 18.62 43.22 2476
113 P 19.06 43.33 2491
114 P 18.91 43.38 2471
115 P 18.98 43.31 2502
116 P 18.99 43.33 2624
117 P 19.33 43.22 2659
118 P 19.10 43.23 2681
119 P 19.39 43.13 2758
120 P 19.41 43.18 2697
121 P 20.13 43.17 2513
122 P 20.45 43.11 2565
123 P 19.95 43.07 2436
124 P 19.58 43.17 2369
125 P 20.17 43.20 2581
126 P 19.74 43.28 2619
127 P 19.49 43.07 2455
128 P 19.45 43.22 2732
129 P 19.07 43.39 2845
130 P 19.03 43.67 2956
131 P 19.22 43.80 2933
132 P 19.48 43.74 2990
133 P 18.32 43.83 3052
134 P 20.30 43.77 2698
135 P 19.07 43.68 2387
136 P 19.60 43.65 2755
137 P 19.38 43.65 2675
138 P 19.54 43.50 2394
139 P 18.59 43.62 2467
140 P 19.23 43.60 2855
141 P 19.70 43.54 2995
142 P 19.54 43.63 3132
143 P 20.17 43.56 2738
144 P 18.88 43.74 3335
145 P 18.61 43.69 3476
146 P 19.01 43.76 3621
147 P 18.53 43.91 4168
148 P 18.24 43.68 4492
149 P 18.60 43.42 4932
150 P 18.32 43.37 5005
151 P 18.10 43.57 4733
152 P 18.31 43.45 4484
153 P 18.28 43.64 4803
154 P 18.12 43.67 4948
155 P 18.28 43.86 5151
156 P 18.26 43.88 4586
157 P 18.38 44.06 4471
158 P 18.55 44.06 4569
159 P 18.54 44.11 4629
160 P 18.68 44.17 4567
161 P 18.50 44.40 4709
162 P 18.41 44.89 4307
163 P 17.90 45.32 4052
164 P 17.60 46.15 3536
165 P 17.20 46.82 3003
166 P 17.11 46.76 2968
167 P 17.41 46.48 3159
168 P 17.05 46.42 3187
169 P 17.08 46.21 3414
170 P 17.34 45.83 3747
171 P 17.66 45.72 3709
172 P 18.05 45.25 3557
173 P 18.28 45.09 3653
174 P 19.03 44.24 4479
175 P 19.51 44.00 4552
176 P 19.43 43.74 4370
177 P 19.40 43.90 4320
178 P 19.43 43.82 4350
179 P 19.63 43.47 4422
180 P 19.64 43.24 4517
181 P 19.80 42.91 4905
182 P 20.05 42.65 4847
183 P 20.35 42.59 4713
184 P 20.52 42.37 4839
185 P 20.49 42.25 4985
186 P 20.45 42.24 4838
187 P 20.74 41.97 4776
188 P 20.58 41.97 4754
189 P 20.69 42.06 4333
190 P 20.78 41.96 4155
191 P 21.00 41.79 4202
192 P 20.82 41.50 4602
193 P 21.10 41.18 4497
194 P 21.57 41.07 4212
195 P 21.57 40.92 4168
196 P 21.55 41.00 4450
197 P 21.80 40.81 4473
198 P 21.75 40.71 3995
199 P 21.91 40.58 4045
200 P 22.01 40.04 4429
201 P 22.19 39.50 5458
202 P 22.29 38.86 6045
203 P 22.42 38.38 6828
204 P 22.74 38.07 5611
205 P 22.74 38.04 5541
206 P 22.81 37.95 5362
207 P 22.72 38.06 5275
208 P 22.79 38.09 3216
209 P 22.78 38.04 3278
210 P 22.83 38.06 2482
211 P 22.79 38.07 2322
212 P 22.94 37.98 2698
213 P 22.81 37.93 2888
214 P 22.98 37.96 2937
215 P 23.18 37.77 2648
216 P 23.25 37.73 2814
217 P 23.33 37.71 1819
218 P 23.33 37.74 1561
219 P 23.29 37.74 833
220 P 22.79 37.89 580
221 P 23.15 37.93 351
222 P 23.73 37.95 360
223 P 23.44 38.23 314
224 P 23.15 38.19 203
225 P 23.84 38.36 294
226 P 23.45 38.10 657
227 P 23.50 37.96 1153
228 P 23.51 37.77 1292
229 P 23.28 37.86 900
230 P 22.87 37.97 941
231 P 23.26 38.11 322
232 P 23.42 38.18 521
233 P 23.05 38.23 453
234 P 22.53 38.34 427
235 P 22.31 38.26 692
236 P 23.17 38.30 440
237 P 22.73 38.29 1059
238 P 22.67 38.27 1239
239 P 22.66 38.24 1574
240 P 22.60 38.43 2058
241 P 22.49 38.45 1376
242 P 22.38 38.46 1806
243 P 22.22 38.49 2065
244 P 22.36 38.55 2215
245 P 21.98 38.61 1137
246 P 22.04 38.62 1167
247 P 24.15 37.95 380
% Nframe | type | QP | PSNR | size (Bytes) 
25 P 15.88 45.54 1287
26 P 15.86 45.54 2983
27 P 16.50 45.36 2584
28 P 16.86 45.16 2548
29 P 16.85 45.37 3024
30 P 16.52 45.49 2646
31 P 16.31 45.51 999
32 P 16.63 45.33 2761
33 P 17.02 45.24 2634
34 P 16.55 45.25 3586
35 P 16.76 45.08 3152
36 P 17.15 44.70 3113
37 P 17.08 45.06 3781
38 P 16.17 45.00 1480
39 P 16.54 44.84 4432
40 P 15.78 44.98 4139
41 P 16.65 45.10 3821
42 P 15.88 45.25 3626
43 P 15.47 45.39 3758
44 P 16.21 45.44 3854
45 P 16.00 45.57 3898
46 P 16.37 45.53 3765
47 P 16.38 45.39 3735
48 P 16.01 45.65 4385
49 P 16.44 45.61 1569
50 P 16.19 45.59 3906
51 P 16.58 45.47 3794
52 P 16.67 45.25 3715
53 P 16.86 44.94 4059
54 P 16.35 45.63 5683
55 P 16.22 45.59 1640
56 P 16.74 45.00 3491
57 P 15.82 44.98 3415
58 P 16.64 45.01 3978
59 P 16.15 45.10 3816
60 P 16.84 44.87 3564
61 P 16.02 44.97 3898
62 P 16.83 44.98 3990
63 P 16.08 44.88 3889
64 P 16.22 45.02 3853
65 P 16.25 44.83 3512
66 P 16.47 44.85 3343
67 P 16.30 44.93 3513
68 P 16.38 44.92 3623
69 P 17.50 44.90 3433
70 P 16.60 44.76 3478
71 P 17.49 44.55 3499
72 P 17.52 44.98 4012
73 P 16.12 45.00 1413
74 P 17.01 44.66 3343
75 P 16.75 44.73 3339
76 P 17.31 44.64 3107
77 P 16.98 44.66 3477
78 P 16.10 45.09 3320
79 P 17.07 45.01 1225
80 P 17.47 44.67 3066
81 P 17.34 44.67 2920
82 P 17.69 44.65 3438
83 P 16.91 44.53 2808
84 P 17.77 44.61 3016
85 P 17.18 44.57 3096
86 P 17.98 44.58 3015
87 P 18.00 44.54 3109
88 P 16.76 44.67 3243
89 P 18.13 44.54 2903
90 P 16.92 44.46 2793
91 P 17.67 44.48 3301
92 P 17.87 44.43 3374
93 P 17.89 44.43 3402
94 P 17.98 44.44 3449
95 P 16.82 44.32 3195
96 P 16.94 44.77 4143
97 P 16.74 44.84 1551
98 P 17.55 44.44 3620
99 P 17.80 44.51 3877
100 P 17.26 44.31 3711
101 P 17.64 44.44 4360
102 P 17.23 44.65 4205
103 P 17.26 44.68 1699
104 P 18.40 44.29 3731
105 P 17.15 44.54 4038
106 P 16.98 44.54 3639
107 P 17.71 44.50 3673
108 P 18.41 44.06 3363
109 P 17.68 44.90 5212
110 P 17.80 44.51 3412
111 P 17.74 44.52 3483
112 P 17.84 44.41 2956
113 P 18.05 44.39 3046
114 P 18.16 44.42 3030
115 P 17.97 44.49 3071
116 P 18.17 44.52 3385
117 P 18.18 44.46 3194
118 P 18.12 44.38 3343
119 P 17.74 44.41 3277
120 P 17.71 44.31 3017
121 P 18.02 44.34 2989
122 P 18.02 44.32 2712
123 P 18.09 44.34 3072
124 P 17.94 44.45 2808
125 P 18.01 44.49 1153
126 P 17.88 44.37 2571
127 P 17.95 44.42 2670
128 P 17.91 44.41 2868
129 P 17.79 44.44 2545
130 P 17.77 44.49 2628
131 P 17.88 44.50 1270
132 P 18.23 44.28 2766
133 P 18.07 44.32 3285
134 P 18.00 44.40 2949
135 P 17.91 44.35 2672
136 P 18.15 44.42 2652
137 P 17.72 44.49 2403
138 P 18.07 44.51 2304
139 P 17.76 44.55 2353
140 P 17.62 44.60 2355
141 P 17.64 44.47 2411
142 P 17.47 44.69 3095
143 P 17.35 44.68 1492
144 P 17.52 44.68 2537
145 P 17.61 44.66 2221
146 P 17.64 44.63 2160
147 P 17.73 44.52 2566
148 P 17.47 44.77 2437
149 P 17.33 44.83 992
150 P 17.57 44.68 2217
151 P 17.71 44.66 2227
152 P 17.49 44.69 2909
153 P 17.64 44.54 2627
154 P 17.54 44.66 2618
155 P 17.30 44.65 1276
156 P 17.70 44.50 2601
157 P 17.59 44.73 3496
158 P 17.48 44.61 2734
159 P 17.74 44.64 2741
160 P 17.40 44.61 2784
161 P 17.35 44.79 3071
162 P 17.65 44.45 2564
163 P 17.35 45.01 4810
164 P 17.27 44.67 2942
165 P 17.23 44.59 2792
166 P 17.02 44.94 3636
167 P 17.05 44.89 1073
168 P 17.31 44.78 3207
169 P 17.48 44.58 3167
170 P 17.23 44.47 3341
171 P 17.44 44.50 3782
172 P 17.40 44.76 3664
173 P 17.50 44.76 1688
174 P 17.44 44.72 3645
175 P 17.49 44.54 3362
176 P 17.57 44.56 3991
177 P 17.23 44.59 3558
178 P 17.31 44.71 3528
179 P 16.96 44.86 1439
180 P 17.26 44.57 2972
181 P 17.15 44.81 3513
182 P 17.16 44.77 2881
183 P 17.23 44.66 2889
184 P 17.21 44.64 2803
185 P 17.06 44.73 3320
186 P 17.01 44.84 3594
187 P 16.95 44.93 3540
188 P 17.12 44.78 3395
189 P 17.26 44.64 3031
190 P 17.11 44.84 3566
191 P 16.93 44.92 1306
192 P 17.13 44.90 3024
193 P 17.18 44.84 2974
194 P 17.21 44.73 3115
195 P 17.18 44.90 3677
196 P 17.05 45.00 3492
197 P 17.03 45.04 1599
198 P 17.19 44.84 3125
199 P 17.07 44.72 2952
200 P 17.15 44.83 3522
201 P 17.10 44.76 3115
202 P 17.17 44.83 3466
203 P 17.17 44.77 2184
204 P 17.12 44.84 3929
205 P 17.25 44.88 3456
206 P 17.06 44.83 3008
207 P 17.30 44.68 2786
208 P 17.25 44.84 2893
209 P 17.43 44.56 2457
210 P 17.34 44.77 4149
211 P 17.25 44.75 2528
212 P 16.92 44.86 2620
213 P 17.19 44.92 2768
214 P 17.04 45.34 3887
215 P 16.47 45.25 905
216 P 16.67 45.09 3121
217 P 16.54 44.90 2807
218 P 16.70 44.99 2713
219 P 16.82 44.96 3039
220 P 16.62 45.07 2758
221 P 16.41 45.11 936
222 P 17.35 44.95 2935
223 P 17.35 44.74 3228
224 P 17.32 44.85 3815
225 P 17.33 44.88 3605
226 P 17.41 44.92 3813
227 P 17.42 44.93 1495
228 P 17.72 44.93 4127
229 P 17.41 44.86 3484
230 P 16.83 45.09 3157
231 P 17.15 45.02 2995
232 P 16.77 45.00 3033
233 P 17.12 45.15 2818
234 P 16.64 45.16 2724
235 P 17.27 45.09 2729
236 P 17.33 44.95 2930
237 P 17.67 45.04 3145
238 P 17.45 45.25 4050
239 P 16.88 45.21 1434
240 P 17.07 45.09 3464
241 P 17.51 45.09 3345
242 P 17.26 44.94 3118
243 P 17.42 44.89 3582
244 P 17.11 45.28 3210
245 P 17.03 45.21 1021
246 P 17.01 44.92 2802
247 P 17.12 44.98 3412
248 P 17.29 44.95 2756
249 P 17.65 45.04 2965
250 P 17.16 45.04 2855
251 P 16.66 45.05 1099
252 P 17.46 44.82 3224
253 P 17.60 44.90 3033
254 P 17.27 44.87 2901
255 P 19.30 44.29 2351
% Nframe | type | QP | PSNR | size (Bytes) 
25 P 14.14 47.08 5972
26 P 14.42 46.81 5733
27 P 14.95 46.32 5604
28 P 15.66 45.64 5597
29 P 16.60 44.88 5547
30 P 17.73 44.47 4327
31 P 18.02 44.20 4205
32 P 18.15 44.24 4128
33 P 18.18 44.17 3689
34 P 18.15 44.24 3199
35 P 18.28 44.41 2623
36 P 17.90 44.37 2242
37 P 18.89 44.39 2186
38 P 18.58 44.06 2254
39 P 18.94 43.60 2295
40 P 19.32 43.27 2212
41 P 20.35 42.82 1992
42 P 20.58 42.66 1997
43 P 20.52 42.56 1939
44 P 21.37 42.55 1573
45 P 21.93 42.44 1656
46 P 21.62 42.56 1781
47 P 21.14 42.59 1570
48 P 20.83 42.84 1821
49 P 20.83 42.82 1756
50 P 20.84 42.82 2026
51 P 19.65 42.82 2367
52 P 20.47 42.80 2550
53 P 21.08 42.78 2531
54 P 20.24 42.90 2266
55 P 19.83 42.98 1797
56 P 20.12 43.10 1583
57 P 19.70 43.24 1732
58 P 19.23 43.41 1752
59 P 19.00 43.50 1647
60 P 18.70 43.64 1733
61 P 19.20 43.71 1814
62 P 19.00 43.93 1964
63 P 19.26 43.69 1882
64 P 19.31 43.66 2075
65 P 18.92 43.73 1778
66 P 19.07 43.78 1741
67 P 18.31 43.69 1567
68 P 19.25 43.75 1928
69 P 18.80 43.78 2342
70 P 17.84 43.86 2637
71 P 17.96 43.95 3233
72 P 18.59 43.92 3032
73 P 17.95 44.06 3060
74 P 16.98 44.23 2984
75 P 17.64 44.23 2344
76 P 17.33 44.39 2418
77 P 18.01 44.53 2172
78 P 17.05 44.55 2228
79 P 16.51 44.69 2615
80 P 17.10 44.77 2351
81 P 16.56 44.84 1974
82 P 16.47 44.95 1669
83 P 17.54 44.93 1824
84 P 17.48 44.87 2142
85 P 17.01 44.84 2190
86 P 16.98 44.82 2372
87 P 16.80 44.78 2492
88 P 16.37 44.81 2766
89 P 16.14 44.83 2714
90 P 16.28 44.77 2694
91 P 16.19 44.72 2741
92 P 16.29 44.84 2805
93 P 16.13 44.84 2637
94 P 16.05 45.04 2686
95 P 16.17 45.13 2509
96 P 16.27 45.20 2391
97 P 16.62 45.15 2239
98 P 16.00 45.21 2303
99 P 16.30 45.36 2188
100 P 15.75 45.31 2146
101 P 16.05 45.44 2248
102 P 15.98 45.44 2151
103 P 16.19 45.33 1978
104 P 15.62 45.46 2267
105 P 16.65 45.42 2049
106 P 15.54 45.47 2149
107 P 15.78 45.50 1516
108 P 15.44 45.65 1369
109 P 15.89 45.57 1516
110 P 16.48 45.74 1652
111 P 15.81 45.58 1466
112 P 15.82 45.80 1880
113 P 16.05 45.75 1761
114 P 15.70 45.80 2016
115 P 15.45 45.82 1589
116 P 15.28 45.91 1292
117 P 15.58 45.83 1467
118 P 15.13 45.92 1707
119 P 15.32 46.01 2006
120 P 15.04 45.96 1970
121 P 15.25 46.08 2115
122 P 14.89 46.11 2433
123 P 14.97 46.13 2475
124 P 14.92 46.10 2450
125 P 14.91 46.35 2439
126 P 14.83 46.31 2177
127 P 14.38 46.38 2139
128 P 14.36 46.36 2106
129 P 14.32 46.42 1888
130 P 14.31 46.53 1934
131 P 14.07 46.51 2038
132 P 13.95 46.52 2009
133 P 13.84 46.57 1756
134 P 13.81 46.65 1855
135 P 13.85 46.52 2107
136 P 13.74 46.56 2211
137 P 13.65 46.64 2394
138 P 13.92 46.66 2086
139 P 13.65 46.79 2179
140 P 13.49 46.86 1322
141 P 13.79 46.95 1298
142 P 13.49 46.98 1864
143 P 13.65 46.99 2068
144 P 13.44 47.10 1855
145 P 12.98 47.14 1624
146 P 13.25 47.25 1741
147 P 13.07 47.29 1631
148 P 13.06 47.25 1503
149 P 12.99 47.28 2003
150 P 13.39 47.12 2151
151 P 12.82 47.20 2488
152 P 12.65 47.20 2960
153 P 12.64 47.26 2951
154 P 12.67 47.29 2814
155 P 12.59 47.40 2333
156 P 12.73 47.55 2003
157 P 12.32 47.62 2267
158 P 12.49 47.65 2164
159 P 12.18 47.64 1815
160 P 11.96 47.74 1872
161 P 12.11 47.78 2284
162 P 11.92 47.87 1801
163 P 11.66 47.96 1785
164 P 12.02 47.96 1888
165 P 12.10 47.91 1687
166 P 11.88 47.98 1925
167 P 11.91 47.93 2289
168 P 11.96 47.92 2258
169 P 12.04 47.89 2048
170 P 11.75 48.02 1956
171 P 11.21 48.10 1929
172 P 11.62 48.10 2016
173 P 11.74 48.18 2464
174 P 11.92 48.16 2420
175 P 11.68 48.09 2742
176 P 11.54 48.09 3056
177 P 11.56 48.20 2736
178 P 11.57 48.15 2112
179 P 11.47 48.39 2145
180 P 11.33 48.37 2421
181 P 11.35 48.31 2269
182 P 11.05 48.34 2326
183 P 11.15 48.40 2489
184 P 11.08 48.45 2247
185 P 11.30 48.52 1960
186 P 10.56 48.66 1759
187 P 10.48 48.74 1942
188 P 10.58 48.72 1534
189 P 11.05 48.65 2640
190 P 11.14 48.50 3274
191 P 11.17 48.48 3763
192 P 11.21 48.52 3715
193 P 11.10 48.52 3150
194 P 11.12 48.51 2932
195 P 10.93 48.57 2636
196 P 11.17 48.59 2267
197 P 10.90 48.74 2433
198 P 10.90 48.77 2714
199 P 10.79 48.76 2872
200 P 10.80 48.69 3382
201 P 10.80 48.75 3208
202 P 10.97 48.74 3616
203 P 10.88 48.79 3952
204 P 10.99 48.78 3850
205 P 10.97 48.68 4046
206 P 11.00 48.68 4349
207 P 10.95 48.61 4436
208 P 10.87 48.75 4696
209 P 10.86 48.84 4376
210 P 10.90 48.82 3951
211 P 10.90 48.80 3853
212 P 10.96 48.73 3947
213 P 10.88 48.70 4268
214 P 10.82 48.63 4051
215 P 10.84 48.71 3926
216 P 10.80 48.63 3778
217 P 10.96 48.70 3303
218 P 10.32 48.71 2488
219 P 10.65 48.76 2323
220 P 10.93 48.75 3038
221 P 11.01 48.71 3109
222 P 11.36 48.68 3281
223 P 11.28 48.59 3552
224 P 11.36 48.62 3669
225 P 11.30 48.50 3840
226 P 11.45 48.43 3804
227 P 11.30 48.41 3709
228 P 11.40 48.40 3806
229 P 11.22 48.44 3576
230 P 11.41 48.38 3259
231 P 11.34 48.41 3280
232 P 11.25 48.46 3396
233 P 11.25 48.47 2867
234 P 11.20 48.51 2578
235 P 11.33 48.54 2318
236 P 10.73 48.62 2169
237 P 10.86 48.52 2245
238 P 11.06 48.45 2465
239 P 11.47 48.34 2579
240 P 11.39 48.38 2739
241 P 11.16 48.41 2204
242 P 11.01 48.36 2037
243 P 10.71 48.41 2036
244 P 11.02 48.58 1709
245 P 10.86 48.60 1839
246 P 11.09 48.62 1911
247 P 10.91 48.68 1718
248 P 11.28 48.73 1730
249 P 11.10 48.74 1754
250 P 10.84 48.80 1590
251 P 10.70 48.75 1566
252 P 10.83 48.85 1554
253 P 10.74 48.87 1814
254 P 10.57 48.84 1702
255 P 11.17 48.85 1865
256 P 10.91 48.86 2181
257 P 11.02 48.91 1927
258 P 11.20 48.83 2191
259 P 11.09 48.77 2346
260 P 11.00 48.75 2146
261 P 10.50 48.82 2494
262 P 10.82 48.78 2320
263 P 10.45 48.88 2565
264 P 10.38 48.86 2552
265 P 10.21 49.00 1910
266 P 10.44 49.06 2447
267 P 10.52 49.08 2728
268 P 10.44 49.05 2838
269 P 10.63 49.04 3117
270 P 10.53 49.01 3511
271 P 10.47 48.96 3135
272 P 10.22 49.04 3258
273 P 10.48 49.00 3241
274 P 10.32 49.06 3496
275 P 10.36 49.00 3589
276 P 10.56 49.01 3685
277 P 10.38 49.02 3678
278 P 10.58 49.12 4083
279 P 10.52 49.03 4550
280 P 10.44 48.99 4808
281 P 10.37 48.98 5303
282 P 10.55 48.84 5284
283 P 10.49 48.81 5486
284 P 10.53 48.77 5574
285 P 10.57 48.78 5937
286 P 10.55 48.80 6044
287 P 10.48 48.78 5629
288 P 10.52 48.70 6166
289 P 10.46 48.79 6469
290 P 10.50 48.85 6592
291 P 10.71 48.73 6014
292 P 10.71 48.75 6355
293 P 10.76 48.65 6071
294 P 10.77 48.55 6088
295 P 11.00 48.48 6039
296 P 11.15 48.41 6008
297 P 11.32 48.37 6011
298 P 11.35 48.21 5573
299 P 11.42 48.18 5769
300 P 11.48 48.11 5753
301 P 11.59 48.08 5451
302 P 11.79 47.89 4919
303 P 11.92 47.85 5010
304 P 11.97 47.86 5138
305 P 12.01 47.80 4838
306 P 11.95 47.82 4822
307 P 12.20 47.65 4621
308 P 12.10 47.66 4999
309 P 12.24 47.61 4675
310 P 12.39 47.52 4571
311 P 12.36 47.49 4754
312 P 12.66 47.46 4794
313 P 12.48 47.44 4835
314 P 12.70 47.31 4780
315 P 12.46 47.31 4978
316 P 12.71 47.15 4675
317 P 12.76 47.20 4491
318 P 12.82 47.24 4263
319 P 12.93 47.22 4122
320 P 13.14 47.17 4150
321 P 13.04 47.08 3919
322 P 13.18 47.03 3993
323 P 13.12 47.10 3864
324 P 13.32 46.99 3470
325 P 13.24 47.03 3584
326 P 13.34 47.01 3612
327 P 13.08 46.94 3148
328 P 13.44 46.94 2668
329 P 13.39 47.00 2602
330 P 13.36 47.07 2322
331 P 13.42 47.00 2198
332 P 13.33 46.94 2554
333 P 13.88 46.96 2911
334 P 13.90 46.86 3031
335 P 13.77 46.79 3163
336 P 13.77 46.73 3206
337 P 13.77 46.79 3155
338 P 13.70 46.84 3381
339 P 13.73 46.79 3121
340 P 13.74 46.74 3152
341 P 13.64 46.77 3350
342 P 13.50 46.84 3366
343 P 13.66 46.85 3054
344 P 13.65 46.91 3011
345 P 13.63 46.83 2852
346 P 13.64 46.97 2802
347 P 13.80 46.93 3049
348 P 13.74 46.91 3166
349 P 13.79 46.96 3258
350 P 13.61 46.97 2995
351 P 13.45 47.03 1861
352 P 13.60 46.99 1890
353 P 14.36 46.91 2419
354 P 15.57 45.98 1498
