% Nframe | type | QP | PSNR | size (Bytes) 
0 I 35.48 32.72 2275
1 P 37.75 32.59 46
2 P 37.85 32.32 70
3 P 38.36 31.85 124
4 P 37.45 31.92 175
5 P 38.32 31.75 141
6 P 38.02 31.71 156
7 P 38.13 31.65 198
8 P 38.20 31.61 150
9 P 35.89 31.67 143
10 P 37.88 31.93 142
11 P 39.57 31.92 148
12 P 43.87 30.89 77
13 P 38.88 31.69 152
14 P 36.50 32.37 382
15 P 34.59 33.05 494
16 P 32.01 33.76 644
17 P 30.65 34.75 1070
18 P 29.83 35.22 1207
19 P 29.26 35.68 1299
20 P 28.15 35.99 1147
21 P 27.07 36.51 972
22 P 27.20 37.20 1423
23 P 26.06 37.91 1708
24 P 25.20 38.30 1635
25 P 25.12 38.66 2052
26 P 25.70 38.76 1804
27 P 24.69 39.09 1629
28 P 25.58 39.25 1541
29 P 26.23 39.00 1644
30 P 26.39 38.66 1712
31 P 26.52 38.50 1854
32 P 27.41 38.44 1373
33 P 26.73 38.45 1331
34 P 26.99 38.22 1527
35 P 27.77 37.99 1527
36 P 28.77 37.78 1395
37 P 28.79 37.76 939
38 P 28.32 37.75 635
39 P 29.47 37.73 905
40 P 28.74 37.65 927
41 P 29.13 37.53 858
42 P 29.06 37.40 882
43 P 29.55 37.32 846
44 P 29.59 37.17 688
45 P 28.72 37.14 808
46 P 29.79 37.14 877
47 P 31.11 36.92 691
48 P 31.07 36.97 638
49 P 30.03 36.95 431
50 P 31.25 37.13 519
51 P 29.98 37.09 780
52 P 29.60 36.95 811
53 P 30.22 36.99 766
54 P 29.42 37.08 901
55 P 29.54 37.07 808
56 P 29.03 37.10 842
57 P 29.77 37.12 957
58 P 29.12 37.25 1009
59 P 29.19 37.10 1167
60 P 28.10 37.35 1464
61 P 27.89 37.35 1647
62 P 27.95 37.40 1418
63 P 27.96 37.51 1536
64 P 27.93 37.41 1291
65 P 28.13 37.38 1263
66 P 27.44 37.45 1379
67 P 27.78 37.46 1162
68 P 28.01 37.60 1168
69 P 28.54 37.39 1065
70 P 28.41 37.22 1236
71 P 29.15 37.32 1384
72 P 28.70 37.07 1243
73 P 29.37 37.08 1058
74 P 29.60 37.01 965
75 P 29.00 36.96 1162
76 P 28.81 37.12 1444
77 P 29.17 37.29 1583
78 P 29.10 37.40 1756
79 P 29.29 37.26 1694
80 P 29.39 36.82 1836
81 P 29.57 36.67 1805
82 P 29.63 36.51 1773
83 P 29.88 36.65 1699
84 P 29.52 36.65 1401
85 P 29.04 36.83 1400
86 P 28.77 36.78 1211
87 P 29.62 36.91 1290
88 P 29.40 36.82 1311
89 P 30.00 36.65 1260
90 P 29.88 36.45 1170
91 P 29.77 36.34 1201
92 P 30.21 36.36 1176
93 P 30.79 36.19 1089
94 P 30.89 36.24 891
95 P 30.72 36.26 840
96 P 31.02 36.26 754
97 P 30.06 36.14 684
98 P 30.80 36.02 799
99 P 29.90 35.95 773
100 P 31.18 35.86 763
101 P 31.27 35.95 761
102 P 31.72 35.91 704
103 P 32.13 35.86 854
104 P 31.22 35.86 1016
105 P 31.53 35.66 1046
106 P 31.63 35.71 1008
107 P 31.08 35.74 916
108 P 31.45 35.84 999
109 P 30.79 35.89 1006
110 P 31.50 35.92 992
111 P 30.74 35.99 1004
112 P 31.33 35.99 904
113 P 30.27 36.21 818
114 P 31.09 36.24 663
115 P 30.86 36.29 674
116 P 31.28 36.23 700
117 P 31.12 36.20 851
118 P 30.94 36.14 880
119 P 31.93 36.03 917
120 P 31.64 35.92 874
121 P 31.55 35.99 941
122 P 31.85 35.97 837
123 P 31.75 36.15 802
124 P 31.48 36.19 735
125 P 31.90 36.05 744
126 P 30.57 35.97 827
127 P 31.85 36.12 938
128 P 31.33 36.21 1095
129 P 30.30 36.48 1114
130 P 30.00 36.61 1001
131 P 29.79 36.79 1109
132 P 30.98 36.51 994
133 P 30.65 36.49 1036
134 P 31.26 36.41 962
135 P 30.72 36.50 889
136 P 31.50 36.33 800
137 P 31.01 36.32 850
138 P 31.09 36.36 721
139 P 30.82 36.39 553
140 P 31.58 36.49 747
141 P 31.00 36.55 1039
142 P 31.07 36.42 1169
143 P 31.18 36.49 986
144 P 30.01 36.65 1249
145 P 31.26 36.81 1308
146 P 30.96 37.03 1430
147 P 30.58 37.00 1674
148 P 30.19 36.61 1856
149 P 29.50 36.36 2078
150 P 29.08 36.39 2097
151 P 29.06 36.59 1911
152 P 28.85 36.71 1737
153 P 28.69 36.94 1832
154 P 28.21 37.13 1902
155 P 28.30 37.18 1859
156 P 28.66 37.30 1941
157 P 28.39 37.20 1965
158 P 28.80 37.38 2041
159 P 28.83 37.69 1967
160 P 29.03 37.75 1944
161 P 28.54 37.96 2039
162 P 28.32 38.59 1889
163 P 28.05 39.33 1842
164 P 27.49 40.05 1527
165 P 27.74 40.82 1272
166 P 26.90 40.36 1195
167 P 26.86 40.21 1398
168 P 26.87 40.52 1303
169 P 27.54 39.58 1357
170 P 27.58 39.11 1629
171 P 28.05 39.16 1442
172 P 28.37 38.39 1419
173 P 28.81 38.60 1535
174 P 30.37 37.66 1867
175 P 30.09 37.40 1761
176 P 30.55 36.98 1639
177 P 30.27 37.00 1658
178 P 30.61 36.72 1596
179 P 30.67 36.31 1745
180 P 30.72 36.30 1723
181 P 30.82 35.83 1796
182 P 30.83 35.64 1811
183 P 31.05 35.43 1699
184 P 31.49 35.03 1783
185 P 31.58 34.62 1659
186 P 31.58 34.39 1750
187 P 31.46 34.22 1703
188 P 31.88 34.39 1654
189 P 31.71 34.52 1459
190 P 31.78 34.57 1593
191 P 32.15 34.19 1429
192 P 32.40 33.95 1593
193 P 32.54 33.56 1545
194 P 32.86 33.35 1438
195 P 32.94 33.17 1377
196 P 33.12 33.11 1368
197 P 33.33 32.76 1452
198 P 33.44 32.70 1221
199 P 33.21 32.40 1336
200 P 33.17 32.03 1434
201 P 33.84 31.45 1712
202 P 33.98 30.73 1691
203 P 34.21 29.97 1706
204 P 34.46 29.51 1462
205 P 34.27 29.47 1267
206 P 34.39 29.45 900
207 P 34.60 29.37 804
208 P 34.83 29.31 475
209 P 34.50 29.32 542
210 P 34.51 29.38 300
211 P 34.41 29.28 269
212 P 34.43 29.32 376
213 P 34.85 29.28 312
214 P 34.74 29.19 298
215 P 35.28 29.21 335
216 P 35.04 29.14 297
217 P 35.27 29.21 366
218 P 35.29 29.25 240
219 P 35.06 29.26 158
220 P 34.90 29.35 168
221 P 36.55 29.37 72
222 P 35.25 29.41 137
223 P 34.60 29.47 147
224 P 34.40 29.50 104
225 P 36.03 29.56 85
226 P 34.93 29.57 163
227 P 34.69 29.50 140
228 P 34.43 29.50 226
229 P 34.80 29.60 263
230 P 34.28 29.61 277
231 P 34.80 29.66 89
232 P 34.25 29.69 138
233 P 34.30 29.75 186
234 P 33.58 29.78 134
235 P 32.76 29.82 221
236 P 34.50 29.86 141
237 P 34.21 29.88 170
238 P 34.07 29.92 242
239 P 33.80 29.88 276
240 P 33.50 29.98 363
241 P 33.12 30.01 272
242 P 33.13 30.02 329
243 P 33.60 30.02 294
244 P 33.12 30.09 419
245 P 33.33 30.17 331
246 P 32.94 30.22 306
247 P 34.33 30.08 35
% Nframe | type | QP | PSNR | size (Bytes) 
25 P 29.23 35.03 395
26 P 28.07 35.24 1216
27 P 30.08 35.26 1026
28 P 30.16 35.30 976
29 P 30.69 35.38 1053
30 P 29.84 35.55 891
31 P 28.47 35.49 117
32 P 30.55 35.33 855
33 P 31.01 35.24 855
34 P 31.27 35.16 1278
35 P 30.59 35.06 968
36 P 31.43 34.81 966
37 P 30.86 34.96 1267
38 P 31.01 34.86 278
39 P 30.56 34.82 1567
40 P 30.98 34.70 1142
41 P 29.07 34.83 1180
42 P 31.45 34.91 1113
43 P 29.69 35.08 1240
44 P 30.63 35.13 1183
45 P 30.80 35.17 1176
46 P 30.97 35.21 1121
47 P 31.06 35.11 1098
48 P 30.57 35.28 1451
49 P 30.42 35.37 413
50 P 30.70 35.30 1069
51 P 30.63 35.29 1013
52 P 31.22 35.11 961
53 P 30.92 34.92 1200
54 P 30.34 35.38 2592
55 P 30.05 35.35 332
56 P 31.23 34.99 837
57 P 30.98 34.90 1008
58 P 29.72 34.97 1471
59 P 30.33 34.93 1121
60 P 30.10 34.83 1098
61 P 31.19 35.02 1248
62 P 30.29 34.94 1300
63 P 30.88 34.96 1323
64 P 30.21 35.00 1250
65 P 30.95 34.91 1124
66 P 30.71 34.84 1113
67 P 30.81 34.91 1187
68 P 29.72 34.91 1247
69 P 31.50 34.88 1182
70 P 29.90 34.75 1134
71 P 30.90 34.55 1159
72 P 30.70 34.96 1574
73 P 30.94 35.02 366
74 P 31.07 34.72 1097
75 P 30.84 34.85 1075
76 P 30.95 34.73 1047
77 P 30.81 34.69 1237
78 P 30.87 34.87 1019
79 P 30.47 34.89 309
80 P 31.08 34.72 953
81 P 31.14 34.72 880
82 P 30.86 34.77 1251
83 P 30.94 34.68 942
84 P 31.93 34.68 886
85 P 31.67 34.66 1016
86 P 32.36 34.59 881
87 P 31.19 34.57 909
88 P 30.79 34.61 1047
89 P 31.21 34.59 903
90 P 31.57 34.73 863
91 P 31.80 34.68 898
92 P 31.61 34.62 1039
93 P 31.28 34.70 1109
94 P 32.11 34.61 1113
95 P 32.31 34.56 1039
96 P 31.60 34.93 1540
97 P 31.02 34.91 248
98 P 31.49 34.81 1146
99 P 31.61 34.82 1285
100 P 31.38 34.71 1244
101 P 31.08 34.59 1569
102 P 31.04 34.90 1484
103 P 31.12 34.92 447
104 P 31.13 34.62 1266
105 P 30.12 34.88 1479
106 P 31.40 34.78 1172
107 P 31.75 34.78 1239
108 P 32.11 34.54 1124
109 P 31.31 35.10 2203
110 P 31.72 35.08 1149
111 P 31.68 35.04 1112
112 P 31.72 34.96 897
113 P 31.68 34.92 871
114 P 31.88 34.88 845
115 P 31.00 35.07 935
116 P 31.51 34.90 927
117 P 31.52 34.81 924
118 P 30.99 34.90 1033
119 P 31.66 34.80 929
120 P 31.95 34.88 935
121 P 31.49 34.83 841
122 P 32.41 34.71 740
123 P 31.56 34.83 943
124 P 31.27 34.99 843
125 P 31.58 35.02 213
126 P 31.96 34.92 721
127 P 31.53 34.91 727
128 P 32.11 34.94 849
129 P 31.26 35.02 723
130 P 32.22 35.12 886
131 P 31.32 35.05 253
132 P 32.47 34.92 852
133 P 32.33 34.91 1005
134 P 32.04 34.99 855
135 P 31.54 35.03 837
136 P 31.93 35.01 823
137 P 32.05 35.10 686
138 P 31.29 35.10 599
139 P 31.14 35.06 606
140 P 29.88 35.22 707
141 P 30.73 35.22 677
142 P 30.79 35.34 941
143 P 31.17 35.43 347
144 P 31.25 35.32 695
145 P 30.51 35.29 628
146 P 31.13 35.22 554
147 P 31.09 35.20 859
148 P 30.49 35.31 770
149 P 30.21 35.36 203
150 P 31.14 35.28 674
151 P 31.36 35.25 680
152 P 30.92 35.28 973
153 P 31.20 35.25 813
154 P 30.84 35.44 1047
155 P 30.78 35.43 296
156 P 30.99 35.34 834
157 P 30.35 35.39 1283
158 P 30.49 35.43 907
159 P 30.84 35.35 968
160 P 30.54 35.33 902
161 P 30.46 35.33 1001
162 P 30.80 35.29 781
163 P 30.35 35.48 2145
164 P 30.60 35.42 1000
165 P 30.31 35.27 934
166 P 30.00 35.59 1459
167 P 29.79 35.67 306
168 P 30.67 35.44 1090
169 P 29.82 35.35 1055
170 P 30.38 35.21 1095
171 P 30.21 35.31 1508
172 P 30.07 35.37 1346
173 P 30.37 35.39 424
174 P 30.44 35.23 1273
175 P 30.54 35.28 1214
176 P 30.49 35.36 1538
177 P 30.34 35.34 1151
178 P 30.35 35.54 1269
179 P 29.77 35.57 299
180 P 30.46 35.37 896
181 P 29.91 35.47 1300
182 P 29.72 35.38 857
183 P 30.40 35.40 1001
184 P 30.44 35.53 1010
185 P 30.46 35.42 1016
186 P 29.96 35.37 981
187 P 30.44 35.42 1095
188 P 30.38 35.29 1041
189 P 30.84 35.28 938
190 P 30.21 35.53 1429
191 P 30.11 35.64 328
192 P 30.24 35.44 937
193 P 30.20 35.33 884
194 P 30.45 35.31 907
195 P 30.11 35.40 1184
196 P 29.79 35.52 1187
197 P 30.55 35.52 354
198 P 30.26 35.45 1006
199 P 30.58 35.36 957
200 P 30.47 35.50 1323
201 P 30.57 35.40 1041
202 P 30.15 35.48 1229
203 P 30.05 35.41 457
204 P 29.98 35.36 1367
205 P 29.69 35.36 1108
206 P 30.12 35.39 1023
207 P 30.11 35.46 991
208 P 30.05 35.49 939
209 P 30.97 35.31 701
210 P 30.69 35.98 1822
211 P 31.06 35.80 851
212 P 30.66 35.78 1051
213 P 29.53 35.79 1083
214 P 29.27 36.05 1604
215 P 30.81 36.06 189
216 P 29.94 35.89 1027
217 P 30.38 35.77 1031
218 P 29.30 35.85 1100
219 P 29.04 35.86 1173
220 P 29.33 35.97 1010
221 P 30.03 35.98 166
222 P 30.74 35.79 922
223 P 29.83 35.70 1001
224 P 30.70 35.78 1405
225 P 30.46 35.75 1239
226 P 30.57 35.85 1364
227 P 30.32 35.86 313
228 P 30.95 35.84 1584
229 P 30.29 35.74 1021
230 P 30.21 35.77 974
231 P 30.09 35.76 976
232 P 30.54 35.75 907
233 P 29.74 35.82 883
234 P 30.53 35.79 756
235 P 29.53 35.84 896
236 P 30.23 35.75 903
237 P 30.53 35.67 927
238 P 29.63 35.89 1499
239 P 30.11 35.90 365
240 P 30.47 35.67 1018
241 P 30.29 35.59 1066
242 P 31.04 35.54 1030
243 P 29.87 35.67 1468
244 P 29.50 35.77 1095
245 P 30.21 35.82 291
246 P 30.07 35.70 1014
247 P 30.03 35.73 1246
248 P 30.27 35.69 935
249 P 30.38 35.66 954
250 P 30.25 35.70 956
251 P 29.99 35.70 281
252 P 30.18 35.62 1180
253 P 29.52 35.57 893
254 P 30.62 35.46 904
255 P 33.16 35.15 770
% Nframe | type | QP | PSNR | size (Bytes) 
25 P 26.86 40.95 2166
26 P 27.19 40.32 2092
27 P 27.93 39.39 2166
28 P 28.65 38.34 1949
29 P 29.73 36.93 1774
30 P 30.49 36.76 1118
31 P 30.64 36.91 1225
32 P 30.63 37.01 1339
33 P 30.93 37.01 1170
34 P 30.71 37.14 1089
35 P 30.11 37.04 777
36 P 30.50 37.22 741
37 P 30.43 37.39 713
38 P 31.83 37.01 683
39 P 32.57 36.29 648
40 P 33.87 35.83 560
41 P 32.81 35.40 467
42 P 33.36 35.26 485
43 P 34.31 35.06 429
44 P 33.98 35.21 406
45 P 34.29 35.42 433
46 P 34.49 35.22 403
47 P 33.73 35.42 465
48 P 33.76 35.59 474
49 P 33.96 35.48 413
50 P 33.01 35.51 613
51 P 33.76 35.29 556
52 P 33.05 35.44 697
53 P 33.11 35.43 628
54 P 32.52 35.59 644
55 P 31.65 35.67 521
56 P 32.31 35.90 505
57 P 31.58 35.99 460
58 P 31.65 36.00 447
59 P 31.41 36.06 429
60 P 30.86 36.16 443
61 P 30.83 36.39 584
62 P 30.76 36.31 435
63 P 30.64 36.42 535
64 P 31.24 36.37 455
65 P 29.62 36.37 469
66 P 31.20 36.41 374
67 P 31.20 36.54 362
68 P 29.71 36.62 453
69 P 31.09 36.61 518
70 P 30.35 36.68 576
71 P 30.42 36.55 821
72 P 30.75 36.63 834
73 P 29.83 36.60 798
74 P 30.25 36.64 772
75 P 29.64 36.73 627
76 P 29.78 37.04 626
77 P 28.93 37.18 545
78 P 27.55 37.30 582
79 P 28.41 37.43 583
80 P 29.28 37.41 606
81 P 28.15 37.46 426
82 P 28.57 37.55 347
83 P 28.76 37.57 324
84 P 29.70 37.57 367
85 P 29.71 37.57 468
86 P 29.01 37.61 521
87 P 29.05 37.76 678
88 P 29.53 37.81 694
89 P 29.09 37.80 692
90 P 28.78 37.80 767
91 P 28.42 37.79 756
92 P 28.07 37.92 777
93 P 27.66 37.91 675
94 P 27.36 37.94 680
95 P 27.21 38.08 745
96 P 27.57 38.26 660
97 P 27.86 38.32 611
98 P 27.09 38.47 582
99 P 26.79 38.60 527
100 P 27.12 38.62 512
101 P 25.95 38.67 529
102 P 27.29 38.67 474
103 P 26.81 38.66 468
104 P 26.66 38.66 531
105 P 26.72 38.65 475
106 P 26.41 38.74 596
107 P 26.68 38.78 393
108 P 26.97 38.88 354
109 P 25.72 38.98 440
110 P 26.60 38.96 350
111 P 26.56 39.01 359
112 P 26.20 39.07 399
113 P 25.70 39.05 403
114 P 26.17 39.10 460
115 P 25.68 39.24 551
116 P 25.68 39.31 375
117 P 25.69 39.32 342
118 P 25.50 39.41 385
119 P 25.99 39.51 466
120 P 25.13 39.57 435
121 P 25.74 39.58 468
122 P 25.87 39.54 464
123 P 25.32 39.65 693
124 P 25.07 39.66 635
125 P 25.51 39.85 734
126 P 25.14 39.85 625
127 P 26.02 39.86 536
128 P 25.17 40.05 779
129 P 25.10 40.01 576
130 P 24.40 40.14 632
131 P 24.17 40.24 611
132 P 24.39 40.27 600
133 P 24.67 40.32 500
134 P 23.71 40.40 602
135 P 24.29 40.42 528
136 P 23.25 40.50 650
137 P 23.68 40.49 524
138 P 23.00 40.55 679
139 P 23.29 40.59 606
140 P 22.15 40.70 327
141 P 22.54 40.79 331
142 P 23.35 40.84 389
143 P 22.72 40.85 469
144 P 22.83 40.85 511
145 P 22.77 40.92 497
146 P 22.59 41.07 491
147 P 22.14 41.13 406
148 P 22.80 41.17 350
149 P 21.96 41.14 447
150 P 22.39 41.14 652
151 P 22.38 41.16 726
152 P 22.43 41.21 717
153 P 22.91 41.27 889
154 P 21.67 41.31 844
155 P 21.92 41.41 762
156 P 22.14 41.50 597
157 P 22.19 41.55 582
158 P 21.57 41.59 628
159 P 22.06 41.64 547
160 P 22.00 41.81 663
161 P 21.78 41.82 639
162 P 21.51 41.97 569
163 P 22.18 42.02 529
164 P 21.97 42.02 520
165 P 21.70 42.07 494
166 P 21.83 42.08 493
167 P 21.67 42.07 541
168 P 21.93 42.00 508
169 P 21.25 42.11 627
170 P 21.49 42.20 475
171 P 21.31 42.28 417
172 P 21.08 42.32 529
173 P 21.67 42.28 568
174 P 21.39 42.27 664
175 P 21.27 42.27 678
176 P 20.86 42.34 963
177 P 21.23 42.49 923
178 P 20.28 42.61 647
179 P 20.40 42.66 435
180 P 20.10 42.69 637
181 P 20.85 42.65 581
182 P 20.62 42.72 737
183 P 20.25 42.80 678
184 P 19.50 42.86 622
185 P 19.42 43.02 488
186 P 17.94 43.06 383
187 P 19.65 43.24 603
188 P 19.54 43.20 499
189 P 19.76 43.06 681
190 P 19.48 43.00 1017
191 P 20.15 42.93 1206
192 P 19.85 42.94 1215
193 P 19.63 43.11 1228
194 P 19.99 43.12 989
195 P 19.66 43.24 840
196 P 19.31 43.31 766
197 P 18.77 43.41 770
198 P 18.66 43.42 807
199 P 19.09 43.46 976
200 P 18.12 43.41 1051
201 P 19.22 43.43 931
202 P 18.52 43.43 1082
203 P 19.28 43.43 1286
204 P 18.99 43.42 1330
205 P 19.70 43.32 1151
206 P 19.19 43.26 1501
207 P 18.99 43.30 1541
208 P 18.42 43.34 1679
209 P 19.17 43.43 1629
210 P 19.00 43.51 1326
211 P 18.77 43.51 1278
212 P 19.26 43.45 1198
213 P 18.98 43.41 1540
214 P 19.12 43.44 1587
215 P 18.69 43.45 1456
216 P 18.95 43.44 1263
217 P 18.92 43.44 918
218 P 18.93 43.63 874
219 P 19.27 43.65 627
220 P 19.38 43.51 796
221 P 19.21 43.47 766
222 P 19.60 43.42 804
223 P 19.25 43.34 936
224 P 19.80 43.30 1067
225 P 19.27 43.20 1371
226 P 19.37 43.10 1324
227 P 20.01 43.14 1270
228 P 20.07 43.15 1185
229 P 19.86 43.11 1175
230 P 19.58 43.06 1013
231 P 19.76 43.06 960
232 P 20.09 43.23 1172
233 P 19.88 43.26 819
234 P 19.83 43.28 706
235 P 19.63 43.37 709
236 P 19.54 43.38 474
237 P 19.35 43.48 813
238 P 19.01 43.34 743
239 P 20.27 43.24 898
240 P 19.80 43.23 836
241 P 19.55 43.27 580
242 P 19.70 43.35 624
243 P 18.79 43.36 527
244 P 19.48 43.41 329
245 P 19.25 43.48 463
246 P 19.77 43.55 442
247 P 19.31 43.62 267
248 P 18.83 43.64 323
249 P 19.10 43.65 297
250 P 19.06 43.73 314
251 P 18.96 43.74 263
252 P 18.25 43.79 355
253 P 18.48 43.77 321
254 P 17.89 43.77 339
255 P 18.94 43.84 461
256 P 18.72 43.84 445
257 P 19.48 43.87 438
258 P 18.69 43.82 542
259 P 18.72 43.82 522
260 P 18.55 43.84 645
261 P 18.57 43.88 605
262 P 18.27 43.93 708
263 P 18.33 43.92 736
264 P 18.42 43.98 663
265 P 18.29 44.10 588
266 P 18.00 44.12 675
267 P 17.78 44.23 774
268 P 17.56 44.21 719
269 P 18.00 44.27 1059
270 P 17.41 44.25 1166
271 P 17.21 44.30 1088
272 P 16.65 44.39 1152
273 P 17.26 44.43 1243
274 P 16.83 44.39 1183
275 P 17.30 44.42 1279
276 P 17.33 44.31 1227
277 P 17.62 44.40 1403
278 P 17.09 44.41 1681
279 P 16.78 44.42 1900
280 P 17.39 44.38 2116
281 P 16.94 44.37 2273
282 P 17.14 44.28 2449
283 P 17.70 44.28 2838
284 P 17.43 44.37 2938
285 P 17.08 44.32 2729
286 P 17.07 44.33 2986
287 P 17.20 44.28 2737
288 P 17.13 44.41 3214
289 P 17.23 44.28 3250
290 P 17.66 44.20 3258
291 P 17.71 44.19 3128
292 P 17.52 44.06 3004
293 P 17.95 44.01 2917
294 P 17.63 43.89 2943
295 P 18.05 43.72 2846
296 P 18.34 43.63 2736
297 P 19.07 43.49 2696
298 P 18.40 43.37 2657
299 P 19.19 43.21 2528
300 P 19.59 43.15 2535
301 P 20.45 42.85 1989
302 P 20.32 42.69 2093
303 P 20.88 42.62 2052
304 P 21.39 42.52 2002
305 P 21.35 42.37 1890
306 P 21.07 42.29 1771
307 P 21.34 42.20 1757
308 P 21.23 42.14 1576
309 P 21.71 42.09 1379
310 P 21.73 41.98 1216
311 P 21.87 41.91 1373
312 P 22.27 41.89 1456
313 P 22.02 41.85 1534
314 P 22.48 41.78 1555
315 P 21.79 41.66 1625
316 P 22.72 41.56 1503
317 P 22.48 41.52 1422
318 P 22.68 41.51 1199
319 P 22.28 41.43 1155
320 P 22.31 41.38 1189
321 P 23.13 41.36 1227
322 P 22.90 41.39 1163
323 P 22.86 41.30 1044
324 P 22.73 41.32 1151
325 P 22.80 41.30 1054
326 P 23.14 41.35 1080
327 P 23.11 41.28 985
328 P 22.97 41.32 892
329 P 23.27 41.32 751
330 P 22.66 41.37 685
331 P 23.30 41.32 574
332 P 23.44 41.24 704
333 P 23.43 41.26 919
334 P 23.35 41.20 875
335 P 22.61 41.16 927
336 P 23.46 41.17 1040
337 P 23.57 41.10 876
338 P 22.90 41.11 1039
339 P 22.78 41.11 1053
340 P 23.00 41.14 1076
341 P 22.95 41.21 1055
342 P 23.14 41.20 967
343 P 23.05 41.24 986
344 P 23.41 41.25 940
345 P 22.58 41.31 973
346 P 23.57 41.33 841
347 P 23.03 41.32 1001
348 P 23.17 41.35 998
349 P 23.35 41.38 978
350 P 23.24 41.43 1054
351 P 22.63 41.42 507
352 P 23.05 41.48 518
353 P 23.13 41.46 662
354 P 25.16 40.83 257
