% Nframe | type | QP | PSNR | size (Bytes) 
0 I 32.83 35.38 5335
1 P 34.54 35.01 110
2 P 35.41 34.67 204
3 P 36.53 34.68 395
4 P 34.95 34.62 532
5 P 35.44 34.49 476
6 P 35.06 34.52 590
7 P 35.85 34.37 569
8 P 36.70 34.25 481
9 P 36.37 34.21 438
10 P 35.20 34.39 443
11 P 35.93 34.50 580
12 P 38.07 33.42 208
13 P 37.82 33.75 480
14 P 35.29 34.32 821
15 P 33.09 34.99 886
16 P 31.18 35.89 1174
17 P 29.83 36.63 1843
18 P 29.10 37.08 2336
19 P 28.84 37.18 2366
20 P 27.56 37.48 2610
21 P 26.76 37.95 2113
22 P 26.05 38.52 2556
23 P 25.89 39.06 3279
24 P 25.03 39.43 3491
25 P 24.59 39.57 3922
26 P 24.77 39.70 3416
27 P 24.41 40.01 3085
28 P 24.40 40.23 3106
29 P 25.44 40.00 3378
30 P 24.83 39.82 3907
31 P 26.18 39.77 3865
32 P 26.05 39.72 3062
33 P 26.19 39.71 2891
34 P 26.06 39.61 3518
35 P 25.92 39.25 3458
36 P 26.50 39.13 3102
37 P 26.74 38.95 1940
38 P 27.94 38.98 1387
39 P 28.48 39.00 1831
40 P 27.76 38.87 2093
41 P 27.81 38.67 1852
42 P 28.01 38.57 1756
43 P 28.88 38.43 1545
44 P 29.05 38.43 1511
45 P 28.15 38.44 1662
46 P 30.39 38.07 1553
47 P 30.59 37.84 1515
48 P 30.59 37.73 1225
49 P 30.76 37.96 1006
50 P 30.30 38.31 1145
51 P 29.71 38.24 1638
52 P 29.33 38.07 1770
53 P 29.88 38.05 1519
54 P 30.01 38.00 1683
55 P 29.38 38.01 1717
56 P 29.13 38.00 1558
57 P 29.23 38.09 1740
58 P 28.22 38.12 1637
59 P 29.00 38.35 2535
60 P 28.45 38.59 2808
61 P 28.39 38.53 2989
62 P 27.85 38.36 2744
63 P 28.17 38.37 2781
64 P 28.60 38.28 2388
65 P 27.85 38.27 2243
66 P 27.41 38.30 2430
67 P 27.93 38.40 2299
68 P 27.46 38.52 2091
69 P 28.12 38.36 2207
70 P 27.56 38.33 2531
71 P 28.34 38.27 2426
72 P 28.14 38.19 2464
73 P 28.47 38.06 2092
74 P 28.66 37.97 2023
75 P 28.77 38.08 2279
76 P 29.03 38.21 2694
77 P 28.60 38.54 3231
78 P 28.28 38.70 3294
79 P 28.44 38.58 3404
80 P 28.79 38.22 3623
81 P 28.77 37.99 3560
82 P 29.51 37.76 3414
83 P 28.55 37.81 3198
84 P 28.57 37.89 2759
85 P 28.53 38.08 2756
86 P 28.29 38.33 2498
87 P 27.99 38.18 2529
88 P 28.40 38.11 2529
89 P 28.74 37.88 2538
90 P 29.02 37.74 2490
91 P 29.49 37.65 2410
92 P 29.57 37.53 2441
93 P 30.42 37.37 2227
94 P 30.10 37.40 1831
95 P 29.95 37.38 1740
96 P 29.31 37.28 1484
97 P 30.20 37.36 1323
98 P 30.57 37.12 1476
99 P 30.69 37.05 1699
100 P 29.81 36.95 1788
101 P 30.00 36.93 1496
102 P 30.76 36.84 1400
103 P 30.08 37.13 1918
104 P 30.13 37.05 2052
105 P 30.61 36.89 2209
106 P 30.47 36.99 1902
107 P 30.99 36.90 1767
108 P 30.64 36.93 1908
109 P 30.74 36.97 1867
110 P 30.47 37.16 2006
111 P 30.29 37.15 2013
112 P 30.66 37.11 1693
113 P 30.30 37.19 1550
114 P 30.17 37.30 1370
115 P 30.77 37.37 1272
116 P 30.47 37.37 1483
117 P 31.01 37.33 1709
118 P 31.29 37.29 1686
119 P 31.62 37.14 1986
120 P 31.03 37.07 1900
121 P 30.45 37.07 1853
122 P 31.12 37.11 1854
123 P 31.25 37.13 1508
124 P 31.32 37.29 1450
125 P 30.90 37.23 1593
126 P 31.26 37.11 1623
127 P 30.55 37.09 1767
128 P 30.91 37.24 2125
129 P 31.10 37.45 2088
130 P 30.31 37.88 2162
131 P 30.32 37.96 2246
132 P 30.70 37.80 2241
133 P 30.41 37.64 2194
134 P 30.36 37.57 1969
135 P 30.86 37.52 1632
136 P 30.70 37.45 1883
137 P 30.32 37.51 1900
138 P 30.92 37.37 1370
139 P 29.30 37.51 1168
140 P 30.93 37.62 1656
141 P 30.22 37.65 2069
142 P 31.15 37.70 2312
143 P 31.16 37.94 1988
144 P 30.72 38.15 2312
145 P 30.81 38.21 2397
146 P 30.99 38.33 2728
147 P 29.34 38.36 3358
148 P 28.76 37.85 3627
149 P 29.10 37.66 3919
150 P 29.11 37.62 4032
151 P 28.48 37.93 3754
152 P 28.02 38.16 3366
153 P 27.69 38.32 3460
154 P 27.91 38.50 3545
155 P 27.75 38.79 3697
156 P 27.47 39.00 3670
157 P 27.86 38.97 3465
158 P 27.78 39.09 3692
159 P 27.95 39.35 3783
160 P 28.25 39.31 3529
161 P 27.82 39.69 4041
162 P 27.39 40.31 3785
163 P 27.28 41.04 3578
164 P 26.55 41.86 3317
165 P 26.54 42.67 2842
166 P 26.15 42.40 2738
167 P 26.57 42.04 2740
168 P 26.31 42.02 2805
169 P 27.06 41.51 3058
170 P 26.83 41.08 3425
171 P 27.39 40.83 3385
172 P 27.52 39.94 2938
173 P 28.18 39.95 2837
174 P 29.63 39.41 3623
175 P 29.58 38.72 3302
176 P 29.36 38.46 3250
177 P 29.46 38.57 3124
178 P 29.39 38.19 3143
179 P 29.57 37.84 3331
180 P 29.50 37.49 3217
181 P 29.72 37.29 3701
182 P 30.10 36.98 3463
183 P 30.17 36.83 3425
184 P 30.93 36.29 3514
185 P 30.82 35.93 3633
186 P 31.06 35.62 3526
187 P 30.99 35.51 3542
188 P 30.97 35.61 3244
189 P 31.04 35.79 2714
190 P 30.67 35.81 3034
191 P 31.09 35.45 2961
192 P 31.38 35.16 3208
193 P 31.54 34.87 3117
194 P 31.82 34.59 2929
195 P 32.16 34.46 2833
196 P 32.16 34.27 2859
197 P 32.48 33.99 3246
198 P 32.42 33.82 2607
199 P 32.96 33.43 2599
200 P 33.23 32.98 2805
201 P 33.50 32.35 3498
202 P 33.60 31.79 3812
203 P 33.77 31.12 4375
204 P 33.96 30.33 3453
205 P 34.24 29.97 2854
206 P 34.04 29.98 2215
207 P 34.43 29.71 2000
208 P 34.22 29.66 1292
209 P 34.51 29.70 1211
210 P 34.16 29.70 939
211 P 34.54 29.66 845
212 P 34.15 29.81 960
213 P 34.65 29.82 915
214 P 34.25 29.78 906
215 P 34.55 29.79 779
216 P 34.65 29.71 870
217 P 35.29 29.72 622
218 P 34.35 29.68 503
219 P 34.61 29.65 221
220 P 34.58 29.71 289
221 P 35.12 29.75 241
222 P 35.91 29.75 169
223 P 35.23 29.83 221
224 P 34.81 29.85 277
225 P 35.58 29.92 232
226 P 34.90 29.94 382
227 P 34.86 29.92 404
228 P 34.57 29.86 421
229 P 34.97 29.98 561
230 P 34.67 29.97 515
231 P 34.98 30.02 201
232 P 33.86 30.03 268
233 P 34.25 30.08 354
234 P 33.98 30.11 311
235 P 34.21 30.11 372
236 P 34.02 30.14 319
237 P 33.79 30.16 513
238 P 33.84 30.18 486
239 P 33.99 30.17 601
240 P 34.04 30.13 633
241 P 33.89 30.26 961
242 P 33.46 30.33 832
243 P 32.80 30.32 875
244 P 33.12 30.39 1042
245 P 33.00 30.48 877
246 P 32.62 30.51 719
247 P 35.31 30.28 108
% Nframe | type | QP | PSNR | size (Bytes) 
25 P 27.46 37.43 963
26 P 26.68 37.60 2267
27 P 28.29 37.65 2010
28 P 28.23 37.73 1898
29 P 28.47 37.80 2190
30 P 28.18 37.96 1728
31 P 28.46 37.97 477
32 P 28.83 37.81 1695
33 P 28.65 37.68 1733
34 P 28.99 37.74 2689
35 P 28.81 37.60 2004
36 P 29.61 37.37 1990
37 P 29.20 37.56 2561
38 P 27.75 37.49 791
39 P 27.33 37.36 3063
40 P 28.60 37.42 2428
41 P 28.54 37.58 2449
42 P 28.05 37.60 2269
43 P 27.23 37.79 2513
44 P 27.66 37.78 2358
45 P 28.41 37.83 2444
46 P 29.10 37.86 2363
47 P 28.32 37.82 2287
48 P 28.81 37.87 2886
49 P 28.41 37.92 940
50 P 28.80 37.88 2204
51 P 29.16 37.80 2082
52 P 29.32 37.77 2083
53 P 29.25 37.53 2438
54 P 28.03 37.76 5179
55 P 28.52 37.77 980
56 P 29.19 37.48 2056
57 P 28.42 37.42 1994
58 P 29.19 37.45 2750
59 P 28.73 37.41 2256
60 P 28.30 37.39 2235
61 P 29.04 37.40 2363
62 P 28.69 37.48 2723
63 P 29.05 37.41 2499
64 P 28.47 37.44 2505
65 P 29.12 37.42 2253
66 P 29.03 37.36 2079
67 P 29.64 37.37 2470
68 P 28.66 37.32 2331
69 P 28.64 37.23 2282
70 P 29.02 37.14 2381
71 P 29.94 37.08 2319
72 P 28.41 37.37 3086
73 P 29.55 37.35 745
74 P 29.04 37.23 2347
75 P 29.30 37.22 2228
76 P 30.02 37.18 2148
77 P 28.81 37.25 2388
78 P 29.74 37.31 2053
79 P 29.25 37.30 672
80 P 29.85 37.13 2000
81 P 29.46 37.16 1801
82 P 29.99 37.17 2406
83 P 29.74 37.19 1764
84 P 30.45 37.16 1902
85 P 30.14 37.14 2010
86 P 29.86 37.15 1826
87 P 30.18 37.15 1788
88 P 29.93 37.16 2102
89 P 30.07 37.16 1702
90 P 30.54 37.16 1657
91 P 30.34 37.09 1863
92 P 30.14 37.13 1969
93 P 29.99 37.18 2125
94 P 29.80 37.18 2087
95 P 29.47 37.14 1932
96 P 29.60 37.39 2984
97 P 30.34 37.39 600
98 P 29.51 37.20 2272
99 P 29.94 37.28 2447
100 P 29.46 37.13 2427
101 P 29.75 37.29 3150
102 P 29.02 37.31 2805
103 P 28.00 37.30 1013
104 P 29.66 37.12 2376
105 P 28.66 37.29 2975
106 P 28.96 37.34 2495
107 P 29.52 37.33 2432
108 P 29.77 37.09 2128
109 P 29.86 37.73 4548
110 P 29.88 37.49 2112
111 P 29.84 37.49 2222
112 P 29.96 37.49 1822
113 P 30.03 37.40 1655
114 P 29.79 37.37 1762
115 P 29.85 37.55 1989
116 P 29.92 37.44 1903
117 P 29.81 37.41 2046
118 P 29.59 37.30 2047
119 P 28.88 37.27 2058
120 P 29.70 37.25 1833
121 P 29.88 37.28 1815
122 P 29.99 37.20 1614
123 P 29.89 37.28 1904
124 P 29.51 37.49 1988
125 P 30.42 37.45 529
126 P 30.27 37.37 1385
127 P 29.80 37.41 1514
128 P 30.39 37.44 1722
129 P 30.36 37.44 1501
130 P 30.27 37.50 1712
131 P 30.29 37.49 650
132 P 30.54 37.42 1824
133 P 30.17 37.39 2322
134 P 30.14 37.42 1776
135 P 30.38 37.41 1770
136 P 30.15 37.34 1602
137 P 30.05 37.52 1524
138 P 30.38 37.57 1503
139 P 29.92 37.49 1396
140 P 29.40 37.56 1460
141 P 29.49 37.58 1482
142 P 29.30 37.76 2082
143 P 29.33 37.74 751
144 P 29.39 37.71 1528
145 P 29.40 37.62 1298
146 P 29.70 37.59 1326
147 P 29.79 37.55 1665
148 P 29.22 37.71 1698
149 P 29.45 37.77 491
150 P 29.49 37.68 1398
151 P 29.68 37.60 1359
152 P 29.64 37.78 2162
153 P 29.65 37.59 1606
154 P 29.54 37.72 1888
155 P 29.42 37.74 774
156 P 29.45 37.61 1694
157 P 29.41 37.71 2455
158 P 29.56 37.77 1864
159 P 29.62 37.76 1899
160 P 29.59 37.71 2008
161 P 29.27 37.72 1945
162 P 29.09 37.71 1611
163 P 29.05 37.80 4359
164 P 28.66 37.65 2086
165 P 28.88 37.61 1952
166 P 28.93 37.92 2928
167 P 28.27 37.91 601
168 P 28.96 37.70 2082
169 P 29.03 37.68 2068
170 P 28.75 37.64 2271
171 P 28.94 37.67 2793
172 P 28.99 37.84 2452
173 P 28.56 37.80 1019
174 P 28.83 37.68 2390
175 P 29.54 37.63 2294
176 P 29.11 37.68 2975
177 P 29.12 37.73 2396
178 P 28.88 37.81 2474
179 P 28.91 37.81 717
180 P 28.82 37.68 2019
181 P 28.66 37.76 2417
182 P 28.85 37.67 1852
183 P 28.49 37.71 1994
184 P 29.07 37.69 1978
185 P 28.91 37.72 2158
186 P 29.35 37.73 2242
187 P 28.83 37.73 2185
188 P 28.66 37.72 2281
189 P 29.00 37.66 1958
190 P 28.41 37.79 2773
191 P 28.22 37.82 700
192 P 28.71 37.63 1821
193 P 28.79 37.63 1879
194 P 29.09 37.67 1962
195 P 28.95 37.71 2592
196 P 28.55 37.82 2311
197 P 28.72 37.81 870
198 P 28.86 37.68 2043
199 P 29.13 37.66 1947
200 P 29.09 37.76 2633
201 P 29.30 37.75 2251
202 P 29.11 37.77 2410
203 P 28.30 37.75 1256
204 P 28.82 37.70 2780
205 P 28.95 37.67 2329
206 P 29.04 37.70 1978
207 P 28.67 37.77 2005
208 P 28.96 37.83 1977
209 P 29.20 37.61 1624
210 P 29.29 38.31 3479
211 P 28.14 38.23 1639
212 P 28.78 38.18 1734
213 P 28.45 38.18 1932
214 P 27.87 38.46 2904
215 P 28.51 38.40 502
216 P 28.27 38.30 2024
217 P 28.13 38.17 1844
218 P 28.20 38.14 1889
219 P 28.37 38.15 2285
220 P 28.18 38.30 1828
221 P 28.51 38.31 422
222 P 28.56 38.16 1785
223 P 28.37 38.13 2011
224 P 28.53 38.15 2640
225 P 29.03 38.11 2355
226 P 29.00 38.22 2604
227 P 28.79 38.16 749
228 P 28.83 38.04 2984
229 P 28.29 38.05 2138
230 P 28.31 38.10 1889
231 P 28.48 38.11 1815
232 P 28.55 38.10 1809
233 P 28.24 38.15 1720
234 P 28.48 38.20 1600
235 P 28.36 38.18 1660
236 P 28.33 38.16 1785
237 P 28.92 38.05 1796
238 P 28.09 38.14 2686
239 P 29.58 38.18 794
240 P 28.64 38.09 2206
241 P 28.76 38.08 2188
242 P 29.24 38.03 1998
243 P 28.28 38.05 2538
244 P 28.53 38.16 2015
245 P 29.38 38.17 585
246 P 28.51 38.12 1891
247 P 28.50 38.09 2197
248 P 28.46 38.11 1805
249 P 28.67 38.09 1758
250 P 28.53 38.14 1846
251 P 29.41 38.16 607
252 P 27.96 38.08 2231
253 P 28.86 37.98 1727
254 P 28.99 38.02 1830
255 P 31.30 37.54 1269
% Nframe | type | QP | PSNR | size (Bytes) 
25 P 25.70 42.76 3947
26 P 26.16 42.37 4015
27 P 26.72 41.41 4051
28 P 27.38 40.14 3888
29 P 28.60 38.35 3780
30 P 29.28 38.15 2323
31 P 29.62 38.66 2563
32 P 29.83 38.79 2545
33 P 30.29 38.89 2231
34 P 29.83 39.11 1951
35 P 28.74 39.11 1535
36 P 30.06 39.23 1346
37 P 28.89 39.25 1321
38 P 29.85 38.94 1285
39 P 30.08 38.28 1369
40 P 31.77 37.49 1123
41 P 32.58 36.98 1090
42 P 32.91 36.70 983
43 P 33.19 36.54 993
44 P 32.80 36.69 886
45 P 32.91 36.91 893
46 P 32.55 36.93 937
47 P 32.13 37.12 933
48 P 32.00 37.28 885
49 P 32.15 37.26 977
50 P 31.95 37.05 1052
51 P 32.32 37.03 1450
52 P 31.72 36.89 1373
53 P 31.73 36.89 1454
54 P 31.35 37.06 1311
55 P 31.37 37.24 1099
56 P 31.31 37.42 898
57 P 30.70 37.38 904
58 P 30.19 37.40 1005
59 P 30.28 37.41 873
60 P 30.24 37.53 967
61 P 29.86 37.64 1043
62 P 29.36 37.71 1137
63 P 30.02 37.71 1202
64 P 29.67 37.62 1178
65 P 29.69 37.48 997
66 P 30.09 37.54 804
67 P 30.04 37.63 699
68 P 29.38 37.79 1033
69 P 29.45 37.73 1094
70 P 29.27 37.86 1403
71 P 28.79 37.81 1820
72 P 29.12 37.78 1808
73 P 29.27 37.84 1940
74 P 29.07 37.78 1651
75 P 28.14 37.96 1539
76 P 28.20 38.12 1353
77 P 28.56 38.26 1212
78 P 27.67 38.43 1323
79 P 27.67 38.46 1315
80 P 27.47 38.32 1219
81 P 27.12 38.32 919
82 P 27.19 38.44 864
83 P 28.27 38.57 821
84 P 28.56 38.58 909
85 P 27.93 38.55 974
86 P 28.44 38.64 1159
87 P 28.37 38.69 1404
88 P 28.41 38.74 1520
89 P 28.35 38.72 1532
90 P 28.01 38.66 1628
91 P 27.45 38.57 1784
92 P 27.92 38.57 1664
93 P 27.42 38.58 1527
94 P 26.62 38.62 1503
95 P 27.18 38.77 1507
96 P 26.55 38.86 1308
97 P 26.68 39.05 1299
98 P 26.62 39.19 1151
99 P 26.73 39.26 995
100 P 26.53 39.29 1126
101 P 26.51 39.33 1140
102 P 26.50 39.33 957
103 P 26.47 39.32 900
104 P 26.47 39.30 1028
105 P 26.44 39.24 1097
106 P 26.58 39.27 1000
107 P 26.17 39.30 892
108 P 26.69 39.38 671
109 P 26.47 39.41 806
110 P 26.44 39.40 714
111 P 26.49 39.47 892
112 P 26.17 39.53 795
113 P 25.23 39.58 910
114 P 25.86 39.58 1140
115 P 25.90 39.63 977
116 P 25.54 39.66 889
117 P 25.57 39.74 719
118 P 25.25 39.78 844
119 P 24.73 39.85 1009
120 P 24.61 39.94 1053
121 P 25.05 40.08 1320
122 P 24.40 40.17 1318
123 P 24.60 40.12 1367
124 P 24.98 40.19 1668
125 P 24.87 40.28 1684
126 P 24.78 40.31 1539
127 P 23.52 40.42 1472
128 P 24.41 40.47 1351
129 P 23.31 40.48 1409
130 P 23.64 40.61 1275
131 P 23.48 40.67 1423
132 P 23.45 40.71 1516
133 P 23.44 40.76 1213
134 P 23.52 40.81 1054
135 P 23.47 40.85 1231
136 P 23.13 40.88 1200
137 P 23.02 40.90 1020
138 P 22.91 40.92 1214
139 P 22.69 40.94 1315
140 P 21.70 41.05 890
141 P 22.47 41.13 779
142 P 22.36 41.16 1089
143 P 22.66 41.13 1138
144 P 22.59 41.09 1173
145 P 22.22 41.22 1129
146 P 21.99 41.28 1055
147 P 21.88 41.33 1009
148 P 21.92 41.35 1037
149 P 21.91 41.32 1060
150 P 21.83 41.36 1444
151 P 22.13 41.42 1466
152 P 22.17 41.48 1583
153 P 21.83 41.48 1679
154 P 21.55 41.53 2001
155 P 21.79 41.58 1595
156 P 21.77 41.67 1280
157 P 21.72 41.71 1534
158 P 21.47 41.70 1534
159 P 21.44 41.82 1344
160 P 20.72 42.00 1425
161 P 21.05 42.02 1525
162 P 21.49 42.07 1009
163 P 21.21 42.11 1073
164 P 21.40 42.18 1278
165 P 20.95 42.18 1202
166 P 21.27 42.18 1198
167 P 21.26 42.16 1269
168 P 21.01 42.21 1505
169 P 20.92 42.22 1322
170 P 21.16 42.30 1113
171 P 20.89 42.35 893
172 P 20.54 42.35 1098
173 P 21.38 42.32 1395
174 P 21.31 42.28 1388
175 P 20.94 42.32 1676
176 P 21.08 42.37 2278
177 P 20.71 42.45 1745
178 P 21.13 42.54 1197
179 P 21.02 42.60 1004
180 P 20.69 42.57 1315
181 P 20.81 42.62 1638
182 P 20.35 42.65 1576
183 P 20.87 42.72 1406
184 P 20.54 42.84 1421
185 P 20.07 42.95 952
186 P 20.20 43.01 822
187 P 19.71 43.08 1056
188 P 19.55 43.12 946
189 P 19.96 42.96 1270
190 P 19.85 42.88 1973
191 P 20.66 42.83 2474
192 P 20.08 42.85 2747
193 P 20.14 42.89 2374
194 P 20.00 42.89 2088
195 P 19.64 43.00 2016
196 P 19.50 43.03 1537
197 P 19.27 43.16 1580
198 P 19.56 43.15 1648
199 P 19.52 43.14 2024
200 P 19.79 43.18 2415
201 P 19.41 43.21 1999
202 P 19.74 43.13 2228
203 P 19.10 43.18 2593
204 P 19.30 43.19 2318
205 P 19.57 43.15 2269
206 P 19.62 43.11 2486
207 P 19.10 43.15 2609
208 P 19.55 43.08 2587
209 P 19.34 43.16 3035
210 P 19.32 43.20 2776
211 P 19.50 43.23 2614
212 P 19.43 43.23 2502
213 P 19.02 43.15 2978
214 P 19.34 43.16 3465
215 P 19.27 43.07 2689
216 P 19.17 43.11 2516
217 P 19.92 43.22 2407
218 P 19.24 43.28 1440
219 P 19.16 43.39 1382
220 P 19.28 43.35 1634
221 P 19.43 43.27 1887
222 P 19.59 43.18 1951
223 P 19.77 43.08 2276
224 P 19.92 43.00 2349
225 P 19.88 42.94 2847
226 P 19.58 42.93 2718
227 P 19.92 42.92 2239
228 P 20.22 42.91 2283
229 P 20.29 42.94 2590
230 P 19.86 42.86 2244
231 P 19.57 42.88 2059
232 P 20.13 42.96 2224
233 P 19.74 43.00 1837
234 P 19.83 43.03 1547
235 P 19.63 43.12 1369
236 P 19.10 43.16 1037
237 P 18.98 43.15 1584
238 P 19.44 43.06 1777
239 P 19.79 42.92 2045
240 P 20.10 42.96 1934
241 P 19.92 43.05 1278
242 P 19.85 43.04 1291
243 P 20.18 43.05 1276
244 P 19.65 43.18 962
245 P 20.04 43.17 801
246 P 19.73 43.26 842
247 P 20.27 43.33 780
248 P 19.55 43.30 834
249 P 18.98 43.29 825
250 P 19.42 43.34 755
251 P 18.52 43.36 673
252 P 19.33 43.38 649
253 P 19.74 43.38 826
254 P 19.28 43.35 688
255 P 19.40 43.38 846
256 P 19.27 43.37 1000
257 P 19.50 43.43 821
258 P 19.46 43.39 1306
259 P 19.28 43.43 1281
260 P 19.36 43.43 1215
261 P 18.99 43.46 1412
262 P 19.14 43.48 1483
263 P 18.43 43.55 1506
264 P 18.49 43.63 1450
265 P 18.02 43.72 1180
266 P 18.14 43.73 1310
267 P 18.20 43.76 1581
268 P 18.19 43.72 1670
269 P 17.77 43.72 2153
270 P 18.10 43.78 2686
271 P 18.25 43.76 2063
272 P 17.85 43.89 2304
273 P 17.43 43.83 2309
274 P 17.68 43.87 2641
275 P 17.91 43.85 2586
276 P 17.98 43.89 2918
277 P 17.95 43.87 2473
278 P 17.77 43.92 3136
279 P 17.91 43.87 3486
280 P 17.75 43.88 4173
281 P 17.69 43.89 4243
282 P 17.77 43.92 4432
283 P 17.55 43.93 4673
284 P 17.67 43.88 4635
285 P 17.91 43.82 4997
286 P 17.82 43.84 5230
287 P 18.36 43.86 4836
288 P 18.02 43.87 5048
289 P 17.93 43.88 5694
290 P 18.02 43.79 5652
291 P 18.37 43.82 5456
292 P 18.17 43.72 5306
293 P 19.01 43.71 5105
294 P 18.85 43.61 4941
295 P 18.92 43.52 5138
296 P 19.23 43.45 5124
297 P 19.68 43.33 5298
298 P 19.23 43.09 4830
299 P 19.57 43.01 4812
300 P 19.60 42.88 4439
301 P 19.73 42.79 4335
302 P 20.34 42.65 4132
303 P 20.72 42.59 4110
304 P 20.90 42.53 4176
305 P 20.97 42.49 4073
306 P 21.26 42.34 3759
307 P 21.10 42.33 3526
308 P 21.53 42.34 3121
309 P 21.54 42.39 2662
310 P 21.29 42.36 2484
311 P 21.57 42.26 2493
312 P 21.40 42.22 3036
313 P 22.06 42.12 2837
314 P 21.25 42.08 3167
315 P 21.68 42.06 3470
316 P 22.00 41.94 3207
317 P 21.89 41.82 2810
318 P 22.14 41.78 2207
319 P 21.92 41.70 2255
320 P 21.89 41.63 2183
321 P 21.95 41.64 2387
322 P 22.01 41.51 2179
323 P 22.58 41.49 1954
324 P 22.57 41.52 2118
325 P 21.52 41.53 2078
326 P 22.23 41.53 2007
327 P 22.45 41.53 1914
328 P 22.62 41.45 1761
329 P 22.39 41.50 1771
330 P 22.12 41.50 1328
331 P 22.38 41.47 1265
332 P 22.68 41.47 1499
333 P 22.87 41.44 1660
334 P 22.31 41.40 1766
335 P 22.19 41.42 1916
336 P 22.43 41.43 1974
337 P 22.56 41.48 1926
338 P 22.25 41.48 2068
339 P 22.67 41.50 1895
340 P 22.26 41.45 1868
341 P 22.37 41.46 1928
342 P 22.66 41.41 1873
343 P 22.54 41.43 2017
344 P 22.74 41.47 2013
345 P 22.33 41.55 2136
346 P 22.13 41.59 1887
347 P 22.20 41.58 2137
348 P 22.65 41.55 2091
349 P 22.46 41.56 2196
350 P 22.01 41.60 2121
351 P 22.31 41.59 1391
352 P 22.50 41.63 1214
353 P 22.50 41.54 1382
354 P 23.43 41.03 746
