% Nframe | type | QP | PSNR | size (Bytes) 
0 I 43.66 30.28 5163
1 P 48.83 30.10 74
2 P 47.45 29.97 160
3 P 48.30 29.66 243
4 P 48.27 29.44 410
5 P 48.37 29.26 495
6 P 47.13 29.23 591
7 P 45.95 29.06 568
8 P 48.17 28.72 523
9 P 48.25 28.65 363
10 P 47.68 29.01 294
11 P 47.91 29.21 379
12 P 50.93 28.76 243
13 P 51.00 28.39 292
14 P 49.93 28.17 216
15 P 50.83 28.37 167
16 P 49.40 28.89 222
17 P 49.44 29.26 534
18 P 48.32 29.14 732
19 P 47.19 29.11 772
20 P 47.22 28.81 710
21 P 44.83 28.96 527
22 P 46.11 29.54 660
23 P 45.03 30.13 870
24 P 44.13 30.30 920
25 P 43.56 30.23 979
26 P 42.43 30.35 987
27 P 41.76 30.86 1157
28 P 41.49 31.03 1132
29 P 41.90 30.88 1141
30 P 41.84 30.92 1302
31 P 41.80 30.98 1306
32 P 41.21 31.28 1229
33 P 41.26 31.37 1132
34 P 40.85 31.10 1249
35 P 41.29 31.00 1416
36 P 40.94 31.01 1467
37 P 40.86 30.97 1116
38 P 40.72 31.15 809
39 P 40.24 31.24 892
40 P 41.11 31.26 955
41 P 41.33 31.10 843
42 P 41.20 31.04 970
43 P 41.26 31.02 817
44 P 41.39 31.05 865
45 P 40.64 31.16 810
46 P 41.08 31.09 874
47 P 41.58 30.86 788
48 P 43.57 30.69 574
49 P 43.26 30.83 530
50 P 42.45 31.08 632
51 P 42.01 31.03 710
52 P 41.32 31.00 861
53 P 41.99 30.97 792
54 P 41.90 30.94 887
55 P 42.03 30.82 835
56 P 41.12 30.77 841
57 P 42.26 30.83 928
58 P 40.63 31.19 1000
59 P 41.10 31.39 1238
60 P 40.82 31.68 1537
61 P 40.66 31.57 1667
62 P 40.90 31.27 1381
63 P 40.60 31.12 1531
64 P 40.59 31.10 1417
65 P 40.41 31.09 1331
66 P 41.19 31.15 1223
67 P 41.25 31.25 1195
68 P 40.17 31.26 1068
69 P 40.36 31.26 1189
70 P 40.56 31.14 1291
71 P 40.92 31.20 1207
72 P 40.98 31.14 1106
73 P 41.90 30.92 919
74 P 40.80 30.84 767
75 P 41.39 31.05 1043
76 P 41.73 31.35 1126
77 P 41.48 31.84 1519
78 P 41.58 32.01 1641
79 P 41.49 31.79 1718
80 P 42.32 31.47 1639
81 P 41.89 31.23 1710
82 P 41.88 31.01 1722
83 P 42.17 31.03 1609
84 P 41.89 31.05 1421
85 P 41.71 31.05 1391
86 P 40.98 31.09 1359
87 P 41.69 31.04 1207
88 P 41.23 31.14 1336
89 P 41.93 31.00 1294
90 P 42.71 30.91 1120
91 P 42.30 30.98 1129
92 P 42.86 30.92 1052
93 P 42.33 30.84 1130
94 P 43.18 30.72 959
95 P 42.64 30.57 951
96 P 43.15 30.44 868
97 P 43.27 30.55 807
98 P 42.49 30.43 871
99 P 42.72 30.23 804
100 P 42.98 30.04 780
101 P 43.51 30.04 650
102 P 43.13 30.09 861
103 P 42.56 30.38 1090
104 P 42.77 30.28 980
105 P 43.00 30.20 1200
106 P 42.40 30.17 988
107 P 43.15 30.19 1058
108 P 42.92 30.12 954
109 P 43.01 30.14 939
110 P 42.98 30.26 1029
111 P 43.17 30.18 1081
112 P 43.45 30.24 959
113 P 43.65 30.27 846
114 P 42.25 30.38 736
115 P 43.49 30.45 743
116 P 42.83 30.55 925
117 P 43.58 30.52 902
118 P 43.84 30.47 839
119 P 43.96 30.38 913
120 P 43.66 30.24 866
121 P 43.73 30.26 870
122 P 43.30 30.34 939
123 P 43.40 30.34 751
124 P 44.18 30.35 809
125 P 44.47 30.39 846
126 P 43.72 30.31 758
127 P 43.67 30.25 852
128 P 42.97 30.45 1023
129 P 43.90 30.70 1090
130 P 42.10 30.99 1018
131 P 42.17 31.15 1148
132 P 42.08 30.84 1111
133 P 43.26 30.68 1219
134 P 42.10 30.52 1013
135 P 43.02 30.55 959
136 P 42.78 30.48 923
137 P 42.94 30.44 975
138 P 42.51 30.31 713
139 P 43.15 30.41 674
140 P 43.21 30.52 838
141 P 42.01 30.68 957
142 P 42.32 30.89 1162
143 P 41.98 31.24 1147
144 P 41.73 31.59 1272
145 P 41.82 31.78 1376
146 P 43.14 31.88 1473
147 P 41.51 31.80 1862
148 P 42.37 31.32 1878
149 P 42.25 31.04 2107
150 P 42.10 31.10 2226
151 P 41.41 31.36 2114
152 P 41.53 31.64 1762
153 P 42.20 31.99 1591
154 P 40.84 32.18 2005
155 P 40.13 32.14 2030
156 P 39.95 32.33 2226
157 P 39.94 32.37 2889
158 P 39.93 32.66 3585
159 P 39.98 32.92 3796
160 P 40.32 32.81 3701
161 P 40.54 33.08 3788
162 P 39.97 33.92 4066
163 P 39.72 34.03 3495
164 P 39.18 34.79 3625
165 P 39.05 35.34 3154
166 P 38.85 34.95 2668
167 P 39.85 34.91 2764
168 P 39.47 34.86 2577
169 P 39.81 34.49 2730
170 P 39.65 34.15 3022
171 P 40.59 34.19 3239
172 P 40.63 33.91 3597
173 P 41.45 33.21 3507
174 P 44.24 32.73 3844
175 P 43.01 30.54 2598
176 P 43.46 29.89 2301
177 P 43.95 29.41 1708
178 P 44.07 29.23 1682
179 P 44.64 29.00 1766
180 P 44.40 28.67 1507
181 P 45.15 28.43 1905
182 P 44.82 28.21 1859
183 P 45.94 27.89 1808
184 P 46.18 27.49 1667
185 P 46.75 27.19 2027
186 P 47.08 26.85 1806
187 P 46.84 26.54 1942
188 P 46.61 26.49 2107
189 P 46.88 26.63 2034
190 P 47.05 26.53 1738
191 P 47.03 26.34 1614
192 P 47.07 26.18 1466
193 P 47.67 25.87 1489
194 P 47.62 25.81 1429
195 P 47.77 25.65 1382
196 P 48.20 25.45 1733
197 P 48.02 25.27 1672
198 P 48.44 25.14 1181
199 P 48.65 24.99 1525
200 P 48.78 24.87 1147
201 P 48.93 24.43 1871
202 P 48.83 24.07 1788
203 P 49.51 23.69 1732
204 P 49.88 23.17 1713
205 P 50.19 22.70 1755
206 P 50.19 22.61 1902
207 P 50.67 22.26 1391
208 P 50.84 22.19 575
209 P 50.82 22.18 699
210 P 50.35 22.16 335
211 P 50.97 22.15 406
212 P 50.94 22.21 607
213 P 50.85 22.16 642
214 P 50.78 22.18 541
215 P 50.86 22.18 636
216 P 50.67 22.16 553
217 P 50.66 22.14 358
218 P 50.87 22.11 213
219 P 51.00 22.11 138
220 P 51.00 22.12 81
221 P 51.00 22.14 65
222 P 51.00 22.13 50
223 P 51.00 22.17 66
224 P 51.00 22.17 44
225 P 51.00 22.23 18
226 P 51.00 22.30 36
227 P 51.00 22.34 58
228 P 51.00 22.36 67
229 P 51.00 22.34 86
230 P 50.92 22.37 62
231 P 50.42 22.37 65
232 P 51.00 22.38 47
233 P 51.00 22.38 62
234 P 51.00 22.38 61
235 P 49.35 22.41 75
236 P 49.74 22.44 77
237 P 51.00 22.45 62
238 P 50.51 22.49 84
239 P 50.80 22.49 94
240 P 48.17 22.51 121
241 P 51.00 22.52 129
242 P 50.17 22.56 144
243 P 51.00 22.57 171
244 P 50.82 22.58 193
245 P 48.89 22.60 173
246 P 51.00 22.61 98
247 P 50.52 22.60 88
% Nframe | type | QP | PSNR | size (Bytes) 
25 P 46.59 28.90 74
26 P 46.54 28.82 473
27 P 47.69 28.75 506
28 P 47.14 28.75 550
29 P 46.12 28.77 729
30 P 44.95 28.86 650
31 P 44.12 28.87 164
32 P 46.15 28.89 681
33 P 45.20 28.90 655
34 P 44.39 28.93 1175
35 P 43.95 28.84 816
36 P 45.59 28.80 814
37 P 43.54 28.83 988
38 P 40.34 28.88 386
39 P 40.19 28.91 1441
40 P 41.60 29.07 1100
41 P 39.94 29.15 1143
42 P 41.89 29.27 1075
43 P 39.70 29.38 1247
44 P 40.37 29.35 1081
45 P 40.14 29.56 1332
46 P 42.11 29.56 1016
47 P 41.72 29.60 1028
48 P 42.21 29.76 1403
49 P 41.12 29.81 408
50 P 40.23 29.84 1123
51 P 40.92 29.81 1020
52 P 42.88 29.77 1032
53 P 42.33 29.63 1107
54 P 41.32 29.75 2674
55 P 41.13 29.73 315
56 P 42.47 29.60 861
57 P 41.64 29.49 817
58 P 41.05 29.57 1175
59 P 42.68 29.56 973
60 P 41.59 29.57 951
61 P 42.43 29.60 1109
62 P 42.04 29.63 1174
63 P 42.14 29.67 1065
64 P 42.02 29.63 1051
65 P 42.74 29.60 939
66 P 42.74 29.50 876
67 P 42.71 29.55 1039
68 P 43.04 29.62 1077
69 P 42.09 29.62 1019
70 P 42.79 29.60 1048
71 P 41.02 29.59 1183
72 P 41.77 29.76 1517
73 P 42.89 29.79 324
74 P 43.74 29.64 1101
75 P 42.26 29.64 1015
76 P 42.60 29.65 928
77 P 42.32 29.67 1222
78 P 41.94 29.76 984
79 P 43.88 29.73 308
80 P 42.89 29.67 956
81 P 43.26 29.66 861
82 P 42.80 29.69 1237
83 P 43.03 29.68 878
84 P 43.52 29.65 842
85 P 42.86 29.70 919
86 P 43.74 29.71 902
87 P 43.17 29.69 965
88 P 42.17 29.80 1003
89 P 44.19 29.77 775
90 P 42.84 29.79 772
91 P 42.00 29.79 959
92 P 43.36 29.72 936
93 P 41.44 29.77 1095
94 P 42.34 29.73 1099
95 P 41.99 29.65 982
96 P 42.03 29.92 1651
97 P 42.88 29.92 337
98 P 41.91 29.79 1117
99 P 41.92 29.84 1336
100 P 41.86 29.81 1240
101 P 41.66 29.70 1660
102 P 42.06 29.79 1489
103 P 41.11 29.81 428
104 P 42.03 29.75 1182
105 P 41.19 29.87 1650
106 P 41.50 29.81 1187
107 P 41.47 29.82 1272
108 P 41.80 29.69 1135
109 P 43.12 29.97 2477
110 P 43.13 29.93 1077
111 P 43.05 29.89 1123
112 P 42.75 29.87 922
113 P 43.32 29.80 796
114 P 42.51 29.74 897
115 P 43.34 29.91 1039
116 P 42.55 29.88 1080
117 P 42.48 29.77 993
118 P 43.27 29.76 1057
119 P 42.47 29.71 1026
120 P 43.08 29.67 930
121 P 43.38 29.59 847
122 P 44.29 29.58 845
123 P 44.54 29.65 963
124 P 43.07 29.69 976
125 P 43.85 29.69 277
126 P 44.01 29.70 824
127 P 43.45 29.67 754
128 P 43.35 29.73 917
129 P 44.24 29.76 667
130 P 43.12 29.85 888
131 P 44.92 29.87 284
132 P 43.64 29.80 833
133 P 43.70 29.83 1146
134 P 43.64 29.77 794
135 P 43.46 29.75 814
136 P 43.82 29.72 713
137 P 44.38 29.79 655
138 P 43.35 29.88 670
139 P 42.55 29.87 655
140 P 43.27 29.93 703
141 P 43.01 29.90 669
142 P 42.99 30.07 989
143 P 41.21 30.04 259
144 P 42.99 29.96 638
145 P 43.93 30.01 570
146 P 43.83 29.94 533
147 P 44.31 29.93 782
148 P 42.53 30.03 740
149 P 42.97 30.09 166
150 P 43.33 30.06 510
151 P 44.51 30.07 558
152 P 43.81 30.08 810
153 P 43.27 30.09 738
154 P 42.49 30.10 746
155 P 43.05 30.11 323
156 P 41.33 30.05 793
157 P 42.48 30.15 1156
158 P 41.15 30.15 885
159 P 42.02 30.16 850
160 P 41.58 30.12 897
161 P 41.79 30.21 1049
162 P 41.88 30.25 810
163 P 41.38 30.34 2537
164 P 40.81 30.28 898
165 P 42.52 30.26 828
166 P 41.16 30.41 1393
167 P 40.00 30.49 307
168 P 42.27 30.43 1050
169 P 42.32 30.39 988
170 P 41.86 30.39 1068
171 P 42.58 30.37 1367
172 P 42.61 30.45 1165
173 P 41.41 30.43 437
174 P 42.86 30.40 1096
175 P 42.15 30.37 1007
176 P 42.93 30.43 1473
177 P 42.19 30.45 1138
178 P 41.55 30.52 1174
179 P 41.14 30.57 335
180 P 41.84 30.50 855
181 P 42.27 30.50 1119
182 P 41.75 30.47 875
183 P 41.55 30.45 913
184 P 41.82 30.50 839
185 P 42.50 30.52 968
186 P 41.27 30.43 938
187 P 41.93 30.48 977
188 P 41.25 30.50 993
189 P 41.56 30.44 797
190 P 41.70 30.49 1334
191 P 41.20 30.54 292
192 P 41.46 30.45 790
193 P 41.27 30.45 985
194 P 42.14 30.38 837
195 P 41.55 30.44 1203
196 P 41.06 30.58 1122
197 P 40.89 30.56 373
198 P 41.55 30.55 882
199 P 41.10 30.53 898
200 P 41.71 30.64 1296
201 P 41.29 30.50 893
202 P 41.72 30.57 1124
203 P 40.81 30.56 490
204 P 40.92 30.62 1236
205 P 42.44 30.54 1011
206 P 41.19 30.63 937
207 P 42.04 30.60 861
208 P 41.91 30.64 869
209 P 41.56 30.54 624
210 P 41.50 31.11 2129
211 P 41.08 31.05 893
212 P 42.05 31.09 1027
213 P 39.26 31.06 1063
214 P 42.11 31.19 1712
215 P 39.34 31.21 216
216 P 39.49 31.13 1167
217 P 39.74 31.10 1098
218 P 40.63 31.06 963
219 P 40.91 31.05 1312
220 P 41.67 31.12 1066
221 P 40.58 31.17 198
222 P 42.22 31.11 969
223 P 41.97 31.10 1124
224 P 42.16 31.09 1496
225 P 41.20 31.10 1297
226 P 41.48 31.16 1427
227 P 41.86 31.11 306
228 P 40.83 31.10 1696
229 P 41.36 31.08 1166
230 P 41.25 31.11 1078
231 P 40.22 30.96 1020
232 P 41.66 30.94 1039
233 P 41.06 30.99 931
234 P 41.39 30.92 797
235 P 41.09 30.98 1024
236 P 41.69 31.01 972
237 P 41.78 30.94 981
238 P 40.69 30.95 1654
239 P 41.81 30.96 356
240 P 40.85 30.86 1248
241 P 40.75 30.81 1242
242 P 42.04 30.74 1165
243 P 41.81 30.81 1478
244 P 39.99 30.83 1085
245 P 41.34 30.93 382
246 P 42.27 30.86 921
247 P 41.71 30.79 1255
248 P 41.48 30.81 1045
249 P 41.68 30.76 959
250 P 41.38 30.76 1034
251 P 41.29 30.75 321
252 P 41.47 30.70 1098
253 P 41.79 30.64 972
254 P 41.77 30.60 988
255 P 42.13 30.33 758
% Nframe | type | QP | PSNR | size (Bytes) 
25 P 43.97 31.33 2060
26 P 44.05 30.76 1712
27 P 44.80 30.13 1788
28 P 45.46 29.42 1370
29 P 46.58 28.58 1300
30 P 46.95 28.37 671
31 P 46.62 28.63 978
32 P 47.67 28.42 1197
33 P 47.05 28.59 1311
34 P 46.98 28.47 1241
35 P 46.91 28.67 1141
36 P 48.23 28.76 811
37 P 46.11 28.60 1077
38 P 48.37 28.36 954
39 P 48.46 28.13 1047
40 P 49.57 27.87 670
41 P 49.26 27.62 676
42 P 49.44 27.47 540
43 P 48.93 27.50 371
44 P 48.86 27.67 353
45 P 49.45 27.75 472
46 P 49.50 27.64 622
47 P 49.17 27.54 692
48 P 48.82 27.44 789
49 P 49.67 27.43 834
50 P 49.26 27.14 784
51 P 48.92 27.00 871
52 P 49.18 27.05 813
53 P 49.10 26.99 779
54 P 49.25 27.10 780
55 P 48.95 27.22 755
56 P 48.19 27.46 789
57 P 48.51 27.47 712
58 P 47.94 27.42 696
59 P 48.08 27.36 665
60 P 48.42 27.54 761
61 P 48.32 27.36 661
62 P 48.03 27.43 756
63 P 48.40 27.39 662
64 P 47.96 27.43 607
65 P 47.62 27.35 389
66 P 47.97 27.39 307
67 P 48.71 27.47 286
68 P 48.61 27.61 365
69 P 48.75 27.57 234
70 P 48.57 27.67 293
71 P 47.70 27.72 439
72 P 48.61 27.68 368
73 P 47.57 27.70 434
74 P 48.66 27.82 441
75 P 47.52 27.81 426
76 P 47.62 27.86 505
77 P 47.63 27.87 481
78 P 46.94 27.90 596
79 P 47.03 27.94 584
80 P 47.32 28.01 521
81 P 47.21 28.04 309
82 P 46.18 28.16 179
83 P 46.58 28.38 191
84 P 45.26 28.57 196
85 P 46.44 28.71 204
86 P 45.84 28.78 271
87 P 46.36 28.85 403
88 P 46.83 28.92 484
89 P 45.88 28.85 472
90 P 45.98 28.87 524
91 P 46.01 28.87 439
92 P 45.78 28.86 432
93 P 44.20 28.90 417
94 P 45.00 28.90 329
95 P 44.99 29.01 421
96 P 45.43 29.08 441
97 P 44.97 29.22 495
98 P 44.35 29.32 582
99 P 44.19 29.37 546
100 P 44.43 29.49 622
101 P 44.27 29.44 565
102 P 44.16 29.47 596
103 P 44.15 29.44 512
104 P 43.69 29.45 523
105 P 43.81 29.60 483
106 P 43.29 29.63 414
107 P 42.73 29.71 405
108 P 41.99 29.82 289
109 P 41.89 29.85 244
110 P 42.28 29.92 334
111 P 42.52 29.98 330
112 P 42.09 30.01 297
113 P 41.97 30.03 316
114 P 42.66 30.09 310
115 P 42.56 30.16 251
116 P 41.00 30.35 185
117 P 40.33 30.50 93
118 P 41.44 30.61 132
119 P 41.31 30.62 184
120 P 41.33 30.64 242
121 P 41.47 30.80 386
122 P 42.69 30.79 367
123 P 42.09 30.80 398
124 P 41.87 30.94 407
125 P 40.96 31.05 455
126 P 39.43 31.10 314
127 P 40.14 31.18 347
128 P 38.81 31.22 300
129 P 39.17 31.33 361
130 P 40.40 31.42 419
131 P 40.72 31.50 376
132 P 39.91 31.54 316
133 P 39.57 31.60 273
134 P 38.70 31.71 377
135 P 39.77 31.81 348
136 P 39.56 31.87 363
137 P 39.33 31.89 362
138 P 39.46 31.97 405
139 P 38.60 32.00 293
140 P 37.43 32.07 248
141 P 38.12 32.17 239
142 P 39.90 32.29 180
143 P 39.27 32.37 246
144 P 38.74 32.44 152
145 P 35.66 32.50 190
146 P 37.01 32.55 165
147 P 39.11 32.59 174
148 P 39.87 32.61 154
149 P 38.42 32.60 204
150 P 37.06 32.60 304
151 P 38.69 32.62 453
152 P 38.86 32.62 559
153 P 38.52 32.68 713
154 P 36.90 32.76 708
155 P 37.16 32.83 414
156 P 35.71 32.94 497
157 P 36.32 33.05 478
158 P 36.57 33.20 467
159 P 37.01 33.30 316
160 P 36.55 33.42 465
161 P 36.70 33.50 567
162 P 35.34 33.57 350
163 P 35.45 33.63 361
164 P 35.15 33.72 404
165 P 34.40 33.76 276
166 P 33.74 33.80 228
167 P 36.17 33.86 327
168 P 36.07 33.89 339
169 P 35.04 33.92 355
170 P 36.82 34.03 346
171 P 35.19 34.09 249
172 P 34.67 34.13 277
173 P 35.77 34.12 304
174 P 34.92 34.13 450
175 P 35.44 34.13 518
176 P 34.79 34.16 628
177 P 35.62 34.21 589
178 P 34.98 34.27 466
179 P 34.53 34.32 375
180 P 35.20 34.38 436
181 P 35.24 34.50 540
182 P 35.77 34.53 436
183 P 35.16 34.57 477
184 P 35.59 34.64 391
185 P 34.99 34.69 258
186 P 35.23 34.75 193
187 P 31.80 34.83 235
188 P 32.73 34.82 259
189 P 35.58 34.75 362
190 P 35.66 34.79 683
191 P 34.99 34.78 662
192 P 35.41 34.85 693
193 P 35.76 34.83 520
194 P 35.73 34.84 526
195 P 35.23 34.89 460
196 P 34.08 34.90 339
197 P 35.01 34.90 322
198 P 35.81 34.91 356
199 P 34.46 34.90 494
200 P 35.66 34.87 483
201 P 34.02 34.92 629
202 P 34.71 34.96 704
203 P 35.16 35.03 733
204 P 35.01 35.01 732
205 P 34.28 35.06 916
206 P 34.62 35.09 871
207 P 34.62 35.10 944
208 P 34.23 35.11 902
209 P 34.34 35.11 806
210 P 34.71 35.15 624
211 P 33.95 35.15 651
212 P 33.47 35.19 812
213 P 34.20 35.18 784
214 P 33.87 35.23 1006
215 P 34.67 35.24 883
216 P 34.05 35.27 736
217 P 33.56 35.36 703
218 P 33.45 35.38 468
219 P 33.57 35.45 407
220 P 34.24 35.41 516
221 P 34.00 35.42 553
222 P 33.85 35.41 638
223 P 34.29 35.46 632
224 P 34.12 35.52 563
225 P 33.98 35.51 673
226 P 33.75 35.58 774
227 P 34.77 35.52 606
228 P 34.57 35.49 657
229 P 33.60 35.56 651
230 P 33.95 35.59 634
231 P 34.26 35.55 534
232 P 34.40 35.62 629
233 P 34.19 35.66 618
234 P 33.69 35.69 562
235 P 32.99 35.69 285
236 P 32.47 35.74 308
237 P 33.88 35.80 420
238 P 32.16 35.73 453
239 P 34.34 35.75 528
240 P 33.87 35.75 560
241 P 34.51 35.77 435
242 P 34.08 35.77 457
243 P 33.75 35.80 429
244 P 34.91 35.87 220
245 P 32.68 35.92 331
246 P 31.18 35.95 281
247 P 34.29 36.01 231
248 P 32.98 36.02 179
249 P 31.85 36.04 289
250 P 31.76 36.05 143
251 P 32.28 36.06 134
252 P 32.83 36.10 122
253 P 32.44 36.08 149
254 P 30.60 36.09 200
255 P 32.76 36.08 150
256 P 32.51 36.09 241
257 P 33.47 36.11 276
258 P 32.98 36.11 311
259 P 32.33 36.11 329
260 P 32.87 36.09 310
261 P 32.60 36.11 327
262 P 32.57 36.10 273
263 P 33.37 36.12 412
264 P 32.15 36.14 389
265 P 29.68 36.17 247
266 P 33.67 36.19 264
267 P 32.71 36.21 298
268 P 32.72 36.21 266
269 P 32.84 36.22 441
270 P 32.96 36.18 522
271 P 32.89 36.21 569
272 P 32.34 36.26 740
273 P 33.14 36.25 582
274 P 32.69 36.24 612
275 P 33.15 36.26 701
276 P 32.74 36.26 759
277 P 32.52 36.26 693
278 P 32.63 36.34 952
279 P 32.42 36.37 829
280 P 32.46 36.40 1094
281 P 32.60 36.43 1050
282 P 32.65 36.47 1276
283 P 32.84 36.52 1345
284 P 32.54 36.51 1365
285 P 32.48 36.51 1592
286 P 32.93 36.64 1572
287 P 32.44 36.76 1445
288 P 32.70 36.97 1824
289 P 32.52 36.99 1804
290 P 32.16 36.97 2049
291 P 32.44 36.98 2066
292 P 32.72 36.95 1969
293 P 32.34 37.03 1989
294 P 32.14 37.06 2082
295 P 32.41 37.01 1988
296 P 31.92 37.01 2187
297 P 32.10 36.97 2197
298 P 32.28 36.86 2196
299 P 32.32 36.81 2303
300 P 32.50 36.81 2164
301 P 32.24 36.83 2186
302 P 32.64 36.68 2015
303 P 32.55 36.73 2109
304 P 32.40 36.73 2098
305 P 32.50 36.73 2237
306 P 32.60 36.64 2041
307 P 32.59 36.76 2214
308 P 32.16 36.91 1932
309 P 32.08 37.05 1926
310 P 32.32 37.04 1652
311 P 32.31 37.09 1769
312 P 32.29 37.10 1856
313 P 32.12 37.10 1936
314 P 32.31 37.13 1975
315 P 32.38 37.12 2180
316 P 32.46 37.07 2242
317 P 32.52 36.91 1935
318 P 32.87 36.83 1669
319 P 32.44 36.84 1745
320 P 32.49 36.81 1587
321 P 32.45 36.83 1616
322 P 32.86 36.77 1524
323 P 32.77 36.82 1506
324 P 32.39 36.81 1595
325 P 32.35 36.89 1666
326 P 32.33 36.85 1467
327 P 32.66 36.84 1316
328 P 33.06 36.74 1166
329 P 33.14 36.67 1145
330 P 32.65 36.69 949
331 P 33.21 36.66 880
332 P 32.93 36.72 1103
333 P 32.85 36.72 1101
334 P 33.40 36.73 1122
335 P 33.03 36.81 1192
336 P 33.06 36.74 1268
337 P 33.10 36.73 1127
338 P 32.67 36.69 1342
339 P 33.15 36.65 1178
340 P 33.18 36.66 1286
341 P 33.21 36.62 1185
342 P 33.61 36.58 1171
343 P 33.16 36.53 1127
344 P 33.96 36.53 967
345 P 33.44 36.59 1025
346 P 33.98 36.62 904
347 P 33.95 36.58 1054
348 P 33.80 36.61 1146
349 P 33.53 36.59 1114
350 P 33.33 36.57 1135
351 P 33.82 36.52 709
352 P 33.99 36.57 475
353 P 33.76 36.62 757
354 P 35.78 36.20 379
