% Nframe | type | QP | PSNR | size (Bytes) 
0 I 32.05 37.22 14540
1 P 34.68 36.83 450
2 P 35.58 36.61 838
3 P 36.08 36.60 1309
4 P 35.67 36.68 1632
5 P 35.31 36.70 1753
6 P 35.50 36.77 1713
7 P 34.86 36.67 1472
8 P 35.93 36.35 1392
9 P 36.37 36.11 1357
10 P 35.69 36.34 1459
11 P 35.41 36.50 1701
12 P 37.74 35.26 571
13 P 39.92 34.82 881
14 P 37.61 35.24 1435
15 P 36.69 35.77 1453
16 P 35.18 36.72 1781
17 P 34.52 37.33 2585
18 P 32.63 37.51 3529
19 P 31.52 37.53 4013
20 P 30.73 37.25 4217
21 P 30.06 37.59 3277
22 P 29.77 38.21 4122
23 P 28.59 38.53 6043
24 P 27.64 38.93 6407
25 P 27.41 39.02 7040
26 P 27.31 39.17 6827
27 P 26.99 39.58 5992
28 P 26.91 39.78 5664
29 P 26.76 39.60 6878
30 P 27.86 39.50 8174
31 P 27.78 39.55 8098
32 P 27.18 39.66 7753
33 P 27.03 39.71 6656
34 P 27.32 39.56 7745
35 P 27.82 39.21 7584
36 P 28.14 39.09 6831
37 P 28.02 38.94 4640
38 P 28.90 39.10 3133
39 P 29.07 39.14 4071
40 P 29.11 39.13 4436
41 P 29.24 38.99 3851
42 P 29.40 38.82 3399
43 P 29.58 38.67 3091
44 P 29.32 38.65 3066
45 P 30.15 38.64 3037
46 P 30.83 38.38 2923
47 P 32.31 37.94 2718
48 P 32.47 37.80 2552
49 P 32.87 38.10 1872
50 P 32.32 38.37 2019
51 P 31.43 38.38 2896
52 P 30.84 38.11 3080
53 P 31.28 38.10 2918
54 P 31.67 38.08 3321
55 P 31.92 37.96 3221
56 P 31.21 37.99 3230
57 P 31.15 38.00 3202
58 P 30.70 38.36 3596
59 P 31.06 38.55 4650
60 P 30.94 38.75 5855
61 P 29.87 38.67 5661
62 P 29.52 38.44 5319
63 P 30.27 38.29 5350
64 P 30.47 38.22 4994
65 P 30.21 38.20 4436
66 P 29.44 38.34 4735
67 P 29.62 38.46 4464
68 P 29.81 38.57 4161
69 P 30.27 38.44 4374
70 P 30.17 38.34 4824
71 P 29.87 38.33 4673
72 P 30.53 38.22 4734
73 P 30.70 37.93 4032
74 P 30.71 37.85 3803
75 P 30.94 38.11 4413
76 P 30.00 38.30 5230
77 P 29.65 38.66 6559
78 P 29.66 38.83 6973
79 P 29.88 38.79 6912
80 P 30.03 38.42 7232
81 P 29.98 38.17 7782
82 P 30.11 37.93 7347
83 P 30.31 37.87 6260
84 P 30.09 38.05 6005
85 P 29.49 38.07 5369
86 P 29.24 38.26 5048
87 P 29.70 38.30 5024
88 P 29.75 38.17 5126
89 P 30.27 38.06 5097
90 P 30.50 37.92 4908
91 P 31.22 37.82 4890
92 P 30.84 37.88 5202
93 P 31.07 37.67 4452
94 P 31.63 37.67 3469
95 P 31.79 37.55 3381
96 P 31.59 37.47 2968
97 P 31.93 37.52 2767
98 P 32.37 37.48 3162
99 P 32.35 37.18 3155
100 P 32.10 36.98 3368
101 P 32.60 36.91 2889
102 P 31.90 37.02 3044
103 P 32.09 37.32 3734
104 P 32.37 37.31 3859
105 P 32.60 37.07 4314
106 P 32.55 37.21 3916
107 P 31.88 37.05 3487
108 P 32.33 37.06 3556
109 P 32.34 37.06 3755
110 P 31.91 37.20 3924
111 P 31.67 37.13 3790
112 P 31.89 37.18 3492
113 P 32.13 37.22 3087
114 P 31.89 37.38 2720
115 P 33.47 37.53 2507
116 P 33.18 37.61 2881
117 P 32.79 37.58 3122
118 P 32.96 37.53 3357
119 P 33.38 37.38 3716
120 P 32.62 37.22 3649
121 P 33.01 37.23 3666
122 P 32.88 37.22 3719
123 P 33.08 37.31 3031
124 P 32.91 37.49 2820
125 P 32.94 37.39 2897
126 P 33.70 37.26 2985
127 P 32.86 37.15 3594
128 P 32.60 37.49 4340
129 P 32.66 37.70 4303
130 P 32.22 38.06 5015
131 P 32.22 38.17 4861
132 P 31.81 37.98 4354
133 P 32.05 37.70 4519
134 P 32.63 37.62 4005
135 P 32.75 37.62 3373
136 P 32.40 37.58 4031
137 P 32.33 37.52 3516
138 P 32.24 37.43 3138
139 P 33.28 37.60 2186
140 P 31.93 37.68 3236
141 P 32.73 37.82 3979
142 P 32.47 37.89 4208
143 P 32.00 38.24 3994
144 P 32.43 38.48 4627
145 P 31.98 38.56 5101
146 P 32.04 38.65 5370
147 P 31.08 38.56 6751
148 P 30.42 38.07 7588
149 P 30.16 37.74 8119
150 P 30.02 37.93 7849
151 P 29.95 38.24 7512
152 P 29.96 38.53 6552
153 P 29.44 38.80 6938
154 P 29.64 38.99 6996
155 P 29.33 39.26 7311
156 P 29.33 39.56 7818
157 P 29.24 39.87 9612
158 P 29.41 40.11 10630
159 P 29.27 40.49 11156
160 P 29.35 40.51 10779
161 P 29.50 40.83 10885
162 P 29.14 41.59 9501
163 P 28.98 42.45 8603
164 P 28.64 42.94 7519
165 P 28.37 43.65 6628
166 P 28.01 43.41 6563
167 P 28.51 43.23 6377
168 P 27.92 43.16 6372
169 P 28.15 42.54 6940
170 P 28.51 41.95 7921
171 P 28.83 41.88 8320
172 P 29.29 41.51 8426
173 P 29.80 41.25 8597
174 P 31.22 40.48 9776
175 P 31.09 40.00 10014
176 P 31.27 39.30 8050
177 P 31.27 38.78 5810
178 P 31.53 38.39 6420
179 P 31.67 38.06 6554
180 P 31.87 37.66 6288
181 P 32.47 37.40 7049
182 P 32.50 37.01 6580
183 P 32.76 36.83 6537
184 P 32.93 36.34 6764
185 P 33.31 35.86 6412
186 P 33.45 35.46 6724
187 P 33.75 35.17 6596
188 P 33.64 35.14 5970
189 P 33.36 35.46 5234
190 P 33.38 35.33 5318
191 P 33.89 35.04 5484
192 P 34.04 34.75 5984
193 P 33.90 34.41 6004
194 P 34.28 34.23 5349
195 P 34.61 33.95 4877
196 P 35.24 33.57 5500
197 P 35.19 33.37 6577
198 P 35.43 33.23 5058
199 P 35.37 32.91 5194
200 P 36.01 32.55 5771
201 P 35.83 31.97 7472
202 P 36.41 31.39 7585
203 P 36.58 30.60 8491
204 P 36.69 29.93 8463
205 P 36.97 29.41 6507
206 P 37.13 29.29 4559
207 P 37.38 28.62 4521
208 P 37.67 28.59 2873
209 P 37.64 28.70 2762
210 P 37.49 28.67 2209
211 P 37.80 28.64 1925
212 P 37.78 28.87 1886
213 P 37.66 28.87 1546
214 P 37.58 28.80 1602
215 P 38.06 28.79 1486
216 P 37.89 28.73 1608
217 P 38.33 28.60 1325
218 P 38.24 28.57 1223
219 P 38.48 28.57 900
220 P 38.04 28.65 750
221 P 38.06 28.68 540
222 P 37.89 28.69 455
223 P 37.95 28.77 509
224 P 38.77 28.76 398
225 P 38.65 28.83 566
226 P 38.31 28.76 786
227 P 38.27 28.76 1030
228 P 38.32 28.73 1042
229 P 38.16 28.83 1055
230 P 37.74 28.87 1389
231 P 37.30 28.93 597
232 P 37.17 28.95 658
233 P 37.92 28.97 610
234 P 37.36 29.00 496
235 P 37.62 28.99 832
236 P 37.98 29.01 651
237 P 37.46 28.99 1129
238 P 36.79 29.00 1217
239 P 37.78 28.98 1303
240 P 37.05 29.05 1726
241 P 36.94 29.08 1839
242 P 36.82 29.15 1839
243 P 36.78 29.12 1779
244 P 36.84 29.19 2195
245 P 36.42 29.24 1605
246 P 36.70 29.27 1442
247 P 37.35 29.03 329
% Nframe | type | QP | PSNR | size (Bytes) 
25 P 28.23 38.34 1729
26 P 27.43 38.52 4204
27 P 29.07 38.57 3838
28 P 28.00 38.70 3880
29 P 27.48 38.84 4805
30 P 27.99 39.01 3954
31 P 28.90 39.05 1441
32 P 29.61 38.99 3636
33 P 29.32 38.97 3751
34 P 29.78 39.02 5838
35 P 29.03 38.94 4506
36 P 30.15 38.74 4111
37 P 29.49 38.81 5367
38 P 29.07 38.82 2301
39 P 27.95 38.75 6795
40 P 28.47 38.81 5352
41 P 28.45 38.87 5012
42 P 28.54 38.90 4636
43 P 27.22 39.00 5264
44 P 28.67 39.08 5174
45 P 28.44 39.12 4994
46 P 30.13 39.08 4545
47 P 29.97 39.04 4469
48 P 29.28 39.18 6101
49 P 29.06 39.16 2123
50 P 29.56 39.14 4681
51 P 29.52 39.07 4300
52 P 29.97 38.92 4345
53 P 29.85 38.76 4942
54 P 28.26 38.92 10429
55 P 28.90 38.87 2115
56 P 29.99 38.64 3913
57 P 29.10 38.55 3973
58 P 29.75 38.56 5269
59 P 29.14 38.61 4592
60 P 29.35 38.59 4298
61 P 29.12 38.58 4646
62 P 28.53 38.59 5091
63 P 29.15 38.59 4755
64 P 29.68 38.62 4682
65 P 29.67 38.63 4516
66 P 30.61 38.48 4021
67 P 30.70 38.52 4676
68 P 30.73 38.51 4590
69 P 30.86 38.49 4574
70 P 30.14 38.43 4780
71 P 30.05 38.36 4722
72 P 29.78 38.60 6199
73 P 30.47 38.57 1622
74 P 30.40 38.38 4620
75 P 29.86 38.42 4466
76 P 30.82 38.35 4165
77 P 30.71 38.41 5020
78 P 30.83 38.51 4338
79 P 29.15 38.47 1461
80 P 30.95 38.27 3934
81 P 31.01 38.32 3636
82 P 30.50 38.36 5003
83 P 30.74 38.36 3650
84 P 31.08 38.29 3656
85 P 30.49 38.32 3977
86 P 31.27 38.31 3548
87 P 31.20 38.29 3686
88 P 31.79 38.30 3999
89 P 30.45 38.33 3420
90 P 31.25 38.35 3312
91 P 30.67 38.31 3781
92 P 31.04 38.34 3929
93 P 30.74 38.33 4022
94 P 31.11 38.33 4072
95 P 30.67 38.26 3860
96 P 30.14 38.52 6021
97 P 30.02 38.50 1350
98 P 29.77 38.36 4254
99 P 30.96 38.40 4773
100 P 30.95 38.29 4675
101 P 29.94 38.35 6379
102 P 30.59 38.42 5702
103 P 31.23 38.43 2028
104 P 30.29 38.27 4351
105 P 29.06 38.52 6046
106 P 29.41 38.45 4810
107 P 30.15 38.44 5032
108 P 30.23 38.32 4605
109 P 31.14 38.68 9034
110 P 31.05 38.57 4446
111 P 31.11 38.57 4630
112 P 31.12 38.56 3835
113 P 31.02 38.51 3769
114 P 31.36 38.46 3810
115 P 31.05 38.57 3917
116 P 30.36 38.56 4035
117 P 31.11 38.50 4214
118 P 30.73 38.42 4254
119 P 30.47 38.38 4028
120 P 31.01 38.35 3746
121 P 30.88 38.32 3713
122 P 30.98 38.28 3414
123 P 31.17 38.29 3811
124 P 30.85 38.39 3742
125 P 30.66 38.44 1333
126 P 30.78 38.38 3017
127 P 31.09 38.35 2976
128 P 30.81 38.41 3700
129 P 31.24 38.43 3257
130 P 30.37 38.51 3770
131 P 31.19 38.48 1383
132 P 31.41 38.37 3672
133 P 31.12 38.35 4614
134 P 31.78 38.44 3828
135 P 31.19 38.40 3644
136 P 31.42 38.38 3485
137 P 31.38 38.41 3030
138 P 31.13 38.50 3147
139 P 30.73 38.46 3135
140 P 30.34 38.50 3153
141 P 30.93 38.51 3309
142 P 30.98 38.65 4273
143 P 30.59 38.66 1726
144 P 31.16 38.65 3361
145 P 30.75 38.58 2719
146 P 30.99 38.56 2802
147 P 31.44 38.53 3563
148 P 30.51 38.55 3244
149 P 30.67 38.62 968
150 P 30.86 38.59 2757
151 P 30.51 38.54 2801
152 P 30.80 38.57 4073
153 P 30.73 38.58 3597
154 P 30.78 38.63 3838
155 P 30.20 38.65 1631
156 P 30.95 38.52 3247
157 P 30.84 38.59 4957
158 P 30.69 38.59 3783
159 P 30.87 38.56 3733
160 P 30.36 38.55 3885
161 P 30.29 38.59 3966
162 P 29.91 38.58 3369
163 P 30.53 38.68 8903
164 P 29.68 38.58 4374
165 P 30.11 38.55 3925
166 P 30.22 38.71 5623
167 P 29.79 38.72 1431
168 P 30.01 38.62 4243
169 P 30.19 38.57 4152
170 P 30.16 38.55 4608
171 P 30.26 38.58 5942
172 P 30.10 38.60 5014
173 P 29.73 38.56 2359
174 P 30.43 38.56 4986
175 P 30.46 38.53 4655
176 P 30.29 38.58 6151
177 P 30.35 38.54 4770
178 P 29.99 38.66 5069
179 P 29.60 38.69 1606
180 P 29.85 38.57 4142
181 P 29.88 38.63 5142
182 P 29.72 38.63 3910
183 P 30.27 38.62 4029
184 P 30.76 38.65 3949
185 P 30.37 38.64 4203
186 P 30.29 38.60 4348
187 P 30.22 38.65 4355
188 P 30.02 38.65 4445
189 P 29.91 38.59 3817
190 P 29.98 38.64 5527
191 P 29.96 38.66 1544
192 P 29.89 38.58 3823
193 P 30.11 38.57 4049
194 P 30.57 38.56 3983
195 P 30.02 38.61 5060
196 P 29.95 38.71 4821
197 P 29.65 38.72 1968
198 P 30.00 38.61 4138
199 P 30.04 38.57 4118
200 P 29.89 38.65 5624
201 P 30.27 38.58 4515
202 P 30.14 38.57 4848
203 P 30.00 38.58 2588
204 P 29.97 38.55 5536
205 P 30.29 38.48 4766
206 P 30.32 38.54 4139
207 P 30.50 38.53 3948
208 P 30.28 38.56 4008
209 P 30.60 38.47 3455
210 P 30.59 38.98 6772
211 P 30.16 38.90 3258
212 P 29.97 38.93 3702
213 P 30.38 38.92 3618
214 P 29.70 39.14 5841
215 P 29.72 39.10 1068
216 P 29.90 38.97 3801
217 P 29.31 38.95 3979
218 P 30.25 38.93 3734
219 P 29.45 38.95 4768
220 P 29.46 39.07 3803
221 P 30.68 39.10 952
222 P 30.14 38.97 3410
223 P 30.20 38.97 3836
224 P 30.04 38.97 5215
225 P 30.41 39.01 4444
226 P 30.78 39.08 4774
227 P 30.67 39.03 1519
228 P 30.16 38.92 5571
229 P 30.04 38.91 4232
230 P 29.77 38.91 3752
231 P 29.85 38.90 3652
232 P 29.90 38.90 3726
233 P 29.88 38.97 3411
234 P 29.87 39.00 3210
235 P 29.80 38.98 3497
236 P 29.93 38.97 3412
237 P 30.30 38.84 3521
238 P 29.78 38.95 5419
239 P 30.46 38.96 1551
240 P 29.70 38.83 4174
241 P 30.28 38.83 4297
242 P 30.20 38.79 3761
243 P 29.82 38.88 5205
244 P 29.57 38.98 3840
245 P 31.06 38.99 1130
246 P 30.56 38.90 3397
247 P 29.93 38.92 4474
248 P 29.91 38.87 3464
249 P 29.89 38.84 3464
250 P 30.28 38.89 3710
251 P 30.22 38.86 1236
252 P 30.02 38.79 4306
253 P 29.79 38.80 3673
254 P 29.82 38.82 3489
255 P 31.35 38.45 2792
% Nframe | type | QP | PSNR | size (Bytes) 
25 P 28.18 43.09 7147
26 P 28.47 42.65 6984
27 P 29.10 41.83 7422
28 P 29.90 40.75 7395
29 P 31.15 38.43 7285
30 P 32.25 38.21 4332
31 P 31.73 39.03 4749
32 P 31.55 39.27 4893
33 P 31.25 39.62 4427
34 P 31.13 39.76 3718
35 P 31.15 39.82 3081
36 P 31.16 39.87 2804
37 P 31.90 39.81 2453
38 P 31.89 39.55 2572
39 P 31.66 38.88 2783
40 P 32.89 38.05 2561
41 P 33.98 37.40 2275
42 P 34.63 37.08 2292
43 P 34.35 36.66 2234
44 P 34.75 36.83 1955
45 P 34.35 37.25 2029
46 P 34.05 37.23 2095
47 P 34.35 37.38 1926
48 P 33.94 37.72 2050
49 P 33.87 37.60 2145
50 P 33.90 37.42 2461
51 P 33.89 37.20 2780
52 P 33.94 36.98 3015
53 P 33.84 36.93 2853
54 P 33.41 37.33 2761
55 P 33.22 37.58 2278
56 P 33.25 37.75 1874
57 P 32.76 37.68 2005
58 P 32.73 37.49 1965
59 P 32.40 37.57 2011
60 P 32.66 37.55 2124
61 P 32.02 37.70 2347
62 P 32.22 37.80 2145
63 P 32.63 37.64 2325
64 P 32.60 37.49 2650
65 P 32.50 37.21 2393
66 P 32.57 37.15 1707
67 P 32.53 37.33 1614
68 P 32.35 37.56 1878
69 P 32.19 37.47 2333
70 P 32.16 37.64 2712
71 P 31.82 37.67 3909
72 P 32.05 37.58 3784
73 P 31.69 37.39 3719
74 P 31.49 37.39 3820
75 P 31.28 37.53 3167
76 P 31.22 37.71 3007
77 P 30.35 37.92 2608
78 P 30.52 38.06 2609
79 P 30.29 38.05 2922
80 P 30.49 37.72 2860
81 P 30.45 37.69 2115
82 P 30.50 37.78 1890
83 P 31.00 37.97 1869
84 P 30.83 38.05 1870
85 P 31.17 38.16 2181
86 P 31.20 38.36 2271
87 P 30.91 38.42 2713
88 P 30.78 38.44 2873
89 P 30.67 38.34 3191
90 P 30.69 38.20 3401
91 P 30.23 37.94 3964
92 P 30.29 37.85 3575
93 P 30.07 37.77 3598
94 P 29.98 37.84 3194
95 P 29.52 37.98 2895
96 P 29.78 38.11 2772
97 P 29.34 38.28 2580
98 P 29.55 38.49 2245
99 P 29.48 38.63 2042
100 P 28.98 38.69 2256
101 P 29.20 38.63 2135
102 P 29.12 38.57 1956
103 P 29.57 38.51 1865
104 P 29.33 38.41 2176
105 P 29.23 38.39 2264
106 P 29.16 38.28 2048
107 P 29.33 38.29 1854
108 P 29.17 38.40 1442
109 P 29.33 38.40 1590
110 P 29.07 38.41 1671
111 P 28.62 38.56 1733
112 P 28.56 38.67 1693
113 P 28.77 38.69 1905
114 P 28.58 38.62 2194
115 P 28.20 38.63 2178
116 P 28.46 38.69 1851
117 P 27.95 38.81 1817
118 P 27.75 38.94 1911
119 P 27.43 38.98 1787
120 P 27.34 39.10 2149
121 P 26.88 39.18 2157
122 P 26.81 39.24 2457
123 P 27.32 39.17 2830
124 P 27.52 39.13 3257
125 P 27.22 39.18 3712
126 P 27.11 39.20 3460
127 P 27.12 39.28 3090
128 P 27.06 39.35 2629
129 P 27.26 39.43 2913
130 P 26.86 39.50 2617
131 P 26.73 39.51 2811
132 P 26.85 39.50 3011
133 P 27.13 39.54 2535
134 P 26.90 39.67 2516
135 P 26.57 39.75 2201
136 P 27.02 39.84 2151
137 P 26.73 39.86 2046
138 P 26.49 39.89 1890
139 P 26.60 39.90 1924
140 P 26.60 39.94 1344
141 P 26.71 39.99 1453
142 P 26.70 40.02 1873
143 P 26.76 40.01 1998
144 P 26.43 39.99 2182
145 P 26.32 40.03 1967
146 P 26.32 40.04 2056
147 P 26.45 40.07 1908
148 P 26.65 40.10 2009
149 P 26.28 40.13 2014
150 P 26.23 40.21 2328
151 P 25.90 40.31 2398
152 P 25.42 40.33 2607
153 P 25.68 40.34 2773
154 P 25.12 40.39 3207
155 P 25.24 40.44 2990
156 P 25.31 40.50 2402
157 P 25.66 40.51 2899
158 P 25.33 40.54 3312
159 P 25.13 40.62 2974
160 P 24.85 40.75 2860
161 P 24.64 40.74 3171
162 P 24.26 40.85 2730
163 P 24.33 40.85 2541
164 P 24.12 40.94 2912
165 P 23.78 40.93 2760
166 P 23.67 40.93 2850
167 P 23.84 40.97 3057
168 P 23.47 41.04 3193
169 P 23.79 41.03 2944
170 P 23.45 41.11 2634
171 P 22.98 41.16 2647
172 P 23.31 41.17 2775
173 P 23.36 41.18 2658
174 P 23.34 41.21 2596
175 P 23.15 41.27 2635
176 P 23.17 41.23 3720
177 P 23.19 41.25 3692
178 P 23.11 41.30 2352
179 P 23.38 41.36 2576
180 P 23.15 41.34 2799
181 P 22.87 41.35 3403
182 P 23.25 41.37 3062
183 P 22.95 41.39 3229
184 P 23.11 41.46 2868
185 P 22.88 41.54 2434
186 P 23.14 41.56 2083
187 P 22.71 41.62 2705
188 P 22.76 41.67 2350
189 P 22.70 41.62 2732
190 P 22.70 41.60 3911
191 P 22.73 41.59 4607
192 P 22.47 41.56 5119
193 P 22.50 41.57 4772
194 P 22.45 41.57 4655
195 P 22.34 41.62 4312
196 P 21.96 41.62 4075
197 P 22.19 41.72 3018
198 P 22.02 41.73 3492
199 P 21.93 41.74 3900
200 P 21.88 41.75 4443
201 P 22.18 41.81 3848
202 P 21.92 41.86 3582
203 P 22.24 41.90 4063
204 P 21.91 41.87 4216
205 P 21.94 41.90 3634
206 P 21.93 41.91 4061
207 P 21.97 41.89 4343
208 P 22.28 41.82 4597
209 P 22.25 41.79 4600
210 P 21.87 41.81 4841
211 P 21.95 41.84 4440
212 P 22.14 41.82 4172
213 P 21.89 41.84 5042
214 P 21.98 41.87 4887
215 P 21.92 41.86 5119
216 P 21.77 41.93 4387
217 P 21.83 41.94 4540
218 P 21.80 41.98 3110
219 P 21.97 42.00 2885
220 P 21.76 42.03 3537
221 P 22.12 41.98 3655
222 P 21.97 41.96 4050
223 P 21.92 41.93 3400
224 P 22.09 41.94 3490
225 P 21.94 41.92 4278
226 P 21.86 41.94 4090
227 P 22.19 41.93 3972
228 P 21.78 41.88 4126
229 P 22.27 41.83 4002
230 P 21.94 41.82 4315
231 P 22.11 41.86 4120
232 P 21.99 41.89 4282
233 P 21.76 41.90 4111
234 P 21.97 41.95 3706
235 P 21.87 41.99 2974
236 P 21.79 42.00 2780
237 P 21.69 42.00 3710
238 P 21.93 41.91 4275
239 P 21.79 41.94 4603
240 P 21.98 41.92 4324
241 P 22.07 41.95 3142
242 P 21.69 41.98 3149
243 P 21.70 41.98 3312
244 P 21.45 42.03 2424
245 P 21.56 42.06 2660
246 P 21.63 42.07 2524
247 P 21.87 42.07 2460
248 P 21.60 42.06 2959
249 P 21.44 42.07 2721
250 P 21.64 42.10 2383
251 P 21.35 42.08 2038
252 P 21.36 42.12 2262
253 P 21.60 42.08 2709
254 P 21.53 42.06 2483
255 P 21.95 42.06 2236
256 P 21.68 42.08 2850
257 P 21.65 42.14 2900
258 P 21.93 42.09 3214
259 P 21.53 42.12 3186
260 P 21.33 42.11 3306
261 P 21.48 42.10 3265
262 P 21.70 42.11 3465
263 P 21.32 42.22 3385
264 P 21.22 42.25 3382
265 P 21.07 42.31 2816
266 P 21.02 42.29 3355
267 P 20.85 42.24 4220
268 P 20.81 42.33 3858
269 P 20.59 42.34 4425
270 P 20.64 42.33 4780
271 P 20.81 42.35 4697
272 P 20.91 42.36 4776
273 P 20.75 42.35 4783
274 P 20.84 42.37 5287
275 P 20.59 42.39 4958
276 P 20.65 42.36 5483
277 P 20.80 42.39 4740
278 P 20.74 42.40 5593
279 P 20.77 42.42 6140
280 P 20.50 42.44 7363
281 P 20.73 42.45 7844
282 P 20.66 42.46 8216
283 P 20.71 42.49 8699
284 P 20.87 42.45 8888
285 P 20.78 42.39 8996
286 P 20.64 42.46 9062
287 P 20.77 42.51 8978
288 P 20.88 42.59 10348
289 P 20.92 42.66 11583
290 P 20.83 42.64 11216
291 P 20.91 42.63 10263
292 P 21.05 42.58 10537
293 P 21.32 42.55 9925
294 P 21.34 42.47 10248
295 P 21.56 42.41 10046
296 P 21.64 42.36 9919
297 P 21.89 42.25 10326
298 P 21.96 42.13 10196
299 P 21.97 41.99 10291
300 P 22.52 41.88 9387
301 P 22.51 41.82 9685
302 P 22.91 41.63 9158
303 P 23.05 41.64 8574
304 P 23.32 41.52 8431
305 P 23.14 41.41 8680
306 P 23.29 41.29 8542
307 P 23.58 41.32 7550
308 P 23.50 41.48 6909
309 P 24.23 41.55 5402
310 P 24.30 41.52 4685
311 P 24.86 41.47 4905
312 P 24.98 41.44 5317
313 P 25.31 41.35 5380
314 P 25.06 41.34 5781
315 P 24.94 41.25 6188
316 P 25.21 41.13 5892
317 P 25.66 40.92 5401
318 P 25.69 40.84 4206
319 P 25.66 40.81 4226
320 P 25.53 40.76 3890
321 P 25.49 40.72 4303
322 P 25.79 40.68 4075
323 P 26.06 40.69 3520
324 P 25.96 40.68 3706
325 P 26.07 40.71 3532
326 P 26.25 40.64 3196
327 P 26.37 40.61 3143
328 P 26.53 40.54 3292
329 P 26.43 40.48 3244
330 P 26.14 40.48 2961
331 P 26.35 40.56 3022
332 P 25.90 40.61 2835
333 P 26.36 40.60 3063
334 P 26.07 40.63 3107
335 P 26.47 40.74 3602
336 P 26.11 40.71 3570
337 P 26.18 40.72 3416
338 P 25.72 40.73 3527
339 P 25.85 40.75 3364
340 P 25.84 40.73 3255
341 P 25.55 40.74 3514
342 P 26.00 40.66 3519
343 P 25.90 40.61 3748
344 P 25.89 40.63 3604
345 P 26.15 40.72 3661
346 P 25.65 40.71 3376
347 P 25.97 40.66 4071
348 P 26.03 40.72 4247
349 P 25.82 40.71 4134
350 P 25.73 40.70 4024
351 P 26.01 40.66 2754
352 P 25.83 40.73 2598
353 P 26.23 40.82 2683
354 P 27.76 40.33 1339
