% Nframe | type | QP | PSNR | size (Bytes) 
0 I 27.88 37.30 3348
1 P 28.85 37.03 115
2 P 29.98 36.76 206
3 P 30.20 36.75 308
4 P 29.90 36.54 389
5 P 30.50 36.53 490
6 P 29.70 36.37 483
7 P 31.08 36.43 576
8 P 31.36 36.52 461
9 P 30.53 36.32 326
10 P 31.09 36.33 319
11 P 30.55 36.56 563
12 P 33.12 35.65 269
13 P 29.51 36.90 924
14 P 24.98 38.12 1382
15 P 23.08 39.10 1424
16 P 22.15 40.07 1746
17 P 21.12 40.81 2202
18 P 20.62 41.23 2536
19 P 20.43 41.58 2510
20 P 19.71 42.16 2484
21 P 18.83 42.70 2293
22 P 18.18 43.15 2954
23 P 17.82 43.55 3416
24 P 17.58 43.95 3424
25 P 17.47 43.85 3410
26 P 17.77 43.81 2923
27 P 17.85 43.85 2855
28 P 17.92 43.87 2922
29 P 18.17 43.72 3104
30 P 18.24 43.57 3334
31 P 18.91 43.43 3025
32 P 18.97 43.46 2864
33 P 19.04 43.41 2685
34 P 18.82 43.23 3057
35 P 19.57 42.99 2845
36 P 19.80 42.70 2622
37 P 20.05 42.62 1999
38 P 19.57 42.56 1798
39 P 20.39 42.54 2202
40 P 19.81 42.33 2286
41 P 19.62 42.26 2094
42 P 20.03 42.08 2054
43 P 20.56 42.11 1867
44 P 20.87 42.06 1926
45 P 20.59 42.09 2031
46 P 21.07 41.92 1874
47 P 21.50 41.83 1648
48 P 21.63 41.85 1392
49 P 21.30 41.93 1404
50 P 22.00 41.98 1538
51 P 21.32 41.91 1941
52 P 21.02 41.83 2006
53 P 21.69 41.70 1577
54 P 21.12 41.81 1818
55 P 21.39 41.89 1810
56 P 21.19 41.81 1577
57 P 20.89 41.79 1815
58 P 21.34 41.63 1878
59 P 21.15 41.69 2444
60 P 20.83 41.83 2831
61 P 20.40 41.88 2981
62 P 20.42 41.94 2889
63 P 20.17 42.01 2765
64 P 20.38 41.96 2521
65 P 20.36 41.82 2115
66 P 20.54 41.85 2436
67 P 20.76 41.85 2226
68 P 20.84 41.95 2077
69 P 20.02 42.05 2499
70 P 20.26 41.87 2496
71 P 20.69 41.91 2480
72 P 20.60 41.82 2429
73 P 20.34 41.76 2054
74 P 21.28 41.68 1821
75 P 20.96 41.57 2246
76 P 21.50 41.48 2523
77 P 20.95 41.60 2767
78 P 21.02 41.68 3104
79 P 20.89 41.56 3097
80 P 21.21 41.41 3247
81 P 20.77 41.18 2937
82 P 21.02 41.20 3046
83 P 21.50 41.24 2723
84 P 21.11 41.16 2593
85 P 21.18 41.38 2558
86 P 21.31 41.33 2292
87 P 21.17 41.41 2430
88 P 21.21 41.30 2475
89 P 21.15 41.29 2553
90 P 21.43 41.17 2350
91 P 21.62 41.04 2247
92 P 21.97 41.03 2456
93 P 21.81 40.86 2268
94 P 21.78 40.89 1920
95 P 21.95 40.91 1944
96 P 22.55 40.71 1746
97 P 21.87 40.85 1603
98 P 22.39 40.81 1808
99 P 22.29 40.60 1698
100 P 22.07 40.58 1666
101 P 22.28 40.58 1657
102 P 23.15 40.46 1700
103 P 22.29 40.57 2030
104 P 23.35 40.38 1988
105 P 22.38 40.51 2201
106 P 22.52 40.53 1962
107 P 22.72 40.40 1877
108 P 23.05 40.60 1998
109 P 22.59 40.55 1908
110 P 21.65 40.75 1979
111 P 22.31 40.74 1894
112 P 22.83 40.78 1658
113 P 22.08 40.86 1668
114 P 23.05 40.91 1588
115 P 23.13 40.88 1610
116 P 23.17 40.78 1687
117 P 23.40 40.77 1808
118 P 23.11 40.64 1768
119 P 23.94 40.59 1875
120 P 23.00 40.62 1790
121 P 23.39 40.51 1667
122 P 23.40 40.56 1671
123 P 23.45 40.61 1625
124 P 23.35 40.70 1556
125 P 23.83 40.59 1628
126 P 23.39 40.57 1704
127 P 22.65 40.58 1660
128 P 22.88 40.68 1874
129 P 23.32 40.94 1934
130 P 23.16 41.22 1991
131 P 22.92 41.40 2064
132 P 23.07 41.24 2062
133 P 23.13 41.13 1971
134 P 23.49 41.20 1846
135 P 22.94 41.21 1589
136 P 23.27 41.11 1775
137 P 23.65 41.17 1817
138 P 23.09 40.95 1572
139 P 23.19 41.04 1507
140 P 22.23 41.07 1845
141 P 23.01 41.13 2100
142 P 22.52 41.21 2154
143 P 23.42 41.12 1920
144 P 22.58 41.30 2334
145 P 21.95 41.29 2430
146 P 22.44 41.39 2649
147 P 22.07 41.68 3044
148 P 22.22 41.23 3191
149 P 22.05 41.09 3517
150 P 22.23 41.01 3632
151 P 21.38 41.05 3372
152 P 21.60 41.18 3269
153 P 21.47 41.28 3390
154 P 21.35 41.30 3282
155 P 21.52 41.44 3497
156 P 21.39 41.46 3237
157 P 21.66 41.71 3171
158 P 21.81 41.83 3261
159 P 21.80 41.82 3317
160 P 21.88 42.03 3318
161 P 21.74 42.04 3360
162 P 21.41 42.63 3071
163 P 21.10 43.22 2900
164 P 21.08 43.96 2466
165 P 20.44 44.67 2158
166 P 20.78 44.49 2077
167 P 20.46 44.29 2221
168 P 20.15 44.45 2339
169 P 20.91 44.00 2445
170 P 20.50 43.63 2771
171 P 20.85 43.50 2568
172 P 21.40 43.00 2451
173 P 21.60 42.78 2528
174 P 22.37 41.94 3161
175 P 22.82 41.67 3177
176 P 22.99 41.51 2942
177 P 22.85 41.69 3025
178 P 22.84 41.40 2971
179 P 22.89 41.20 3100
180 P 23.12 40.88 3066
181 P 23.43 40.44 3302
182 P 23.62 40.20 3304
183 P 23.81 40.10 3232
184 P 23.92 39.84 3316
185 P 23.87 39.74 3382
186 P 24.03 39.51 3195
187 P 24.16 39.46 3286
188 P 23.92 39.43 3220
189 P 24.10 39.59 2888
190 P 24.21 39.47 2916
191 P 24.54 39.28 2891
192 P 24.45 38.96 3037
193 P 24.59 38.58 2906
194 P 24.93 38.29 2738
195 P 25.09 38.19 2718
196 P 25.16 38.10 2811
197 P 25.44 38.01 2943
198 P 25.17 37.98 2608
199 P 25.37 37.78 2592
200 P 25.54 37.30 2785
201 P 25.77 36.72 3407
202 P 25.83 35.94 3758
203 P 25.94 35.47 4214
204 P 26.12 35.23 3439
205 P 26.28 35.14 3224
206 P 26.33 35.03 3000
207 P 26.16 35.08 2939
208 P 26.24 35.07 1630
209 P 26.23 35.12 1769
210 P 26.16 35.14 1250
211 P 26.30 35.11 1084
212 P 26.50 34.95 1173
213 P 26.47 34.90 1453
214 P 26.75 34.89 1417
215 P 26.78 34.83 1493
216 P 26.69 34.81 1393
217 P 26.80 34.74 909
218 P 26.60 35.01 1063
219 P 26.39 35.02 401
220 P 27.19 35.08 265
221 P 26.39 35.16 319
222 P 26.90 35.22 264
223 P 25.92 35.35 212
224 P 26.43 35.37 169
225 P 26.57 35.51 171
226 P 26.73 35.41 343
227 P 26.71 35.25 559
228 P 26.58 35.19 693
229 P 26.26 35.31 535
230 P 26.05 35.33 496
231 P 26.59 35.40 169
232 P 26.17 35.42 244
233 P 26.09 35.44 215
234 P 25.19 35.54 353
235 P 26.01 35.55 434
236 P 26.08 35.58 245
237 P 25.64 35.54 506
238 P 26.00 35.53 651
239 P 25.92 35.63 795
240 P 26.00 35.63 852
241 P 25.55 35.65 845
242 P 25.45 35.74 1039
243 P 25.53 35.78 1039
244 P 25.06 35.95 1397
245 P 25.06 36.01 672
246 P 24.61 35.99 600
247 P 28.28 35.52 129
% Nframe | type | QP | PSNR | size (Bytes) 
25 P 19.39 42.24 713
26 P 19.81 42.41 2153
27 P 20.29 42.28 1836
28 P 20.40 42.14 1677
29 P 20.60 42.28 1998
30 P 19.34 42.45 1725
31 P 19.36 42.43 524
32 P 20.30 42.20 1707
33 P 20.87 42.16 1711
34 P 20.12 42.07 2406
35 P 20.83 41.94 2045
36 P 20.62 41.60 2077
37 P 20.67 41.90 2547
38 P 20.04 41.88 891
39 P 20.52 41.68 3020
40 P 19.51 41.75 2763
41 P 20.29 41.92 2569
42 P 20.38 42.03 2452
43 P 18.77 42.17 2420
44 P 20.33 42.27 2605
45 P 19.69 42.33 2647
46 P 20.43 42.35 2509
47 P 20.22 42.21 2527
48 P 19.94 42.47 2981
49 P 19.97 42.46 1042
50 P 20.11 42.38 2609
51 P 20.11 42.25 2505
52 P 20.61 42.12 2467
53 P 20.93 41.79 2725
54 P 20.06 42.36 4121
55 P 19.73 42.32 978
56 P 20.87 41.89 2266
57 P 20.37 41.79 2182
58 P 20.41 41.75 2777
59 P 19.80 41.81 2447
60 P 20.77 41.80 2503
61 P 19.90 41.79 2548
62 P 19.90 41.69 2704
63 P 20.50 41.64 2536
64 P 19.76 41.76 2586
65 P 20.89 41.63 2299
66 P 20.45 41.63 2208
67 P 21.48 41.75 2386
68 P 21.26 41.63 2402
69 P 20.21 41.60 2345
70 P 20.11 41.44 2269
71 P 21.60 41.40 2371
72 P 20.60 41.84 2782
73 P 20.45 41.81 806
74 P 20.92 41.40 2225
75 P 20.70 41.53 2274
76 P 20.33 41.33 2000
77 P 20.96 41.44 2396
78 P 20.84 41.80 2209
79 P 21.19 41.78 754
80 P 21.21 41.51 2084
81 P 21.36 41.35 1925
82 P 21.21 41.28 2342
83 P 21.30 41.36 1920
84 P 21.51 41.32 1943
85 P 21.67 41.31 2108
86 P 21.60 41.25 1941
87 P 21.86 41.24 2025
88 P 21.55 41.35 2055
89 P 21.75 41.31 1979
90 P 20.97 41.21 1845
91 P 21.33 41.26 2149
92 P 21.55 41.22 2128
93 P 21.79 41.16 2284
94 P 21.73 41.35 2423
95 P 21.67 41.10 2114
96 P 21.54 41.45 2860
97 P 20.98 41.55 843
98 P 21.62 41.26 2395
99 P 21.44 41.25 2535
100 P 21.54 41.11 2429
101 P 21.82 41.17 2899
102 P 20.71 41.37 2884
103 P 20.65 41.37 1017
104 P 21.97 40.97 2436
105 P 20.56 41.36 2845
106 P 20.75 41.21 2340
107 P 21.52 41.22 2450
108 P 22.16 40.82 2216
109 P 21.53 41.55 3551
110 P 21.62 41.33 2228
111 P 21.69 41.37 2239
112 P 21.82 41.29 1867
113 P 21.67 41.28 1962
114 P 21.89 41.15 1816
115 P 21.50 41.39 2029
116 P 21.44 41.31 2110
117 P 21.83 41.23 2103
118 P 21.79 41.23 2113
119 P 21.81 41.13 2010
120 P 21.92 41.17 1895
121 P 22.30 41.19 1787
122 P 22.33 41.12 1696
123 P 21.93 41.17 1959
124 P 21.87 41.21 1697
125 P 21.68 41.25 723
126 P 21.92 41.19 1548
127 P 22.15 41.15 1539
128 P 21.83 41.25 1783
129 P 22.25 41.25 1511
130 P 21.85 41.39 1746
131 P 21.28 41.40 782
132 P 22.17 41.10 1735
133 P 21.88 41.16 2111
134 P 21.92 41.21 1883
135 P 21.83 41.21 1808
136 P 21.90 41.24 1653
137 P 21.67 41.34 1557
138 P 21.38 41.53 1556
139 P 21.43 41.57 1513
140 P 21.34 41.63 1485
141 P 21.36 41.52 1565
142 P 21.22 41.70 2035
143 P 21.00 41.68 843
144 P 21.40 41.64 1601
145 P 21.24 41.59 1368
146 P 21.76 41.53 1346
147 P 21.26 41.60 1758
148 P 21.29 41.68 1499
149 P 20.86 41.60 471
150 P 21.22 41.64 1495
151 P 21.23 41.64 1515
152 P 21.18 41.82 2002
153 P 21.44 41.54 1635
154 P 21.20 41.73 1802
155 P 21.43 41.74 713
156 P 21.32 41.48 1639
157 P 21.21 41.78 2398
158 P 21.06 41.69 1811
159 P 21.33 41.70 1796
160 P 21.24 41.53 1807
161 P 21.19 41.75 2026
162 P 21.40 41.58 1714
163 P 20.95 41.87 3370
164 P 20.78 41.67 2010
165 P 20.80 41.50 1845
166 P 20.77 41.95 2580
167 P 20.75 41.92 588
168 P 20.88 41.80 2164
169 P 21.03 41.72 2186
170 P 20.78 41.56 2292
171 P 21.02 41.75 2740
172 P 20.98 41.77 2485
173 P 20.97 41.69 987
174 P 21.05 41.64 2416
175 P 21.29 41.51 2247
176 P 21.21 41.62 2783
177 P 21.21 41.56 2316
178 P 20.94 41.78 2392
179 P 20.85 41.85 771
180 P 20.92 41.80 1978
181 P 20.53 41.73 2201
182 P 20.55 41.62 1890
183 P 21.10 41.77 1926
184 P 20.80 41.61 1851
185 P 21.00 41.78 2260
186 P 20.80 41.75 2299
187 P 20.81 41.76 2279
188 P 20.94 41.72 2283
189 P 21.00 41.49 1903
190 P 20.74 41.96 2564
191 P 20.57 42.00 717
192 P 20.49 41.80 1950
193 P 20.75 41.74 1964
194 P 20.76 41.60 1970
195 P 20.70 41.89 2546
196 P 20.56 41.85 2266
197 P 20.71 41.81 914
198 P 20.77 41.76 2000
199 P 20.85 41.77 2030
200 P 20.88 41.93 2454
201 P 20.87 41.90 2142
202 P 20.84 41.91 2360
203 P 20.73 41.91 1279
204 P 20.85 41.80 2580
205 P 20.70 41.78 2212
206 P 20.79 41.82 1961
207 P 20.52 41.78 1910
208 P 20.77 41.82 1883
209 P 21.10 41.55 1642
210 P 20.91 42.07 2988
211 P 20.38 42.03 1652
212 P 20.06 42.20 1719
213 P 20.52 42.14 1898
214 P 20.28 42.31 2705
215 P 20.04 42.37 596
216 P 20.36 42.09 2042
217 P 20.40 42.07 1930
218 P 20.53 42.09 1864
219 P 20.38 42.01 2039
220 P 20.36 42.21 1871
221 P 19.93 42.22 546
222 P 20.69 42.01 1866
223 P 20.50 41.87 2187
224 P 20.90 41.79 2512
225 P 20.86 41.78 2405
226 P 21.16 42.04 2665
227 P 20.34 41.98 894
228 P 20.99 41.81 2902
229 P 20.92 41.87 2367
230 P 20.66 42.05 2057
231 P 20.10 42.05 1943
232 P 20.20 42.05 1954
233 P 20.35 42.13 1858
234 P 20.57 42.14 1700
235 P 20.26 42.20 1877
236 P 20.25 41.95 1938
237 P 20.71 41.98 2060
238 P 20.34 42.26 2824
239 P 20.22 42.26 835
240 P 20.52 42.05 2258
241 P 20.50 41.99 2203
242 P 20.69 41.97 2145
243 P 20.49 41.99 2515
244 P 20.37 42.28 2131
245 P 20.15 42.23 644
246 P 21.01 42.04 1962
247 P 20.84 42.07 2364
248 P 20.53 42.05 1821
249 P 20.66 41.93 1828
250 P 20.40 42.07 1900
251 P 20.75 42.01 688
252 P 20.52 41.98 2220
253 P 20.97 41.98 1915
254 P 20.84 41.91 1809
255 P 21.98 41.32 1552
% Nframe | type | QP | PSNR | size (Bytes) 
25 P 17.73 45.20 4199
26 P 17.65 44.87 3886
27 P 18.84 44.30 3824
28 P 18.96 43.39 3899
29 P 20.18 42.36 3816
30 P 21.63 41.98 2761
31 P 21.68 41.90 2827
32 P 22.43 41.77 2732
33 P 22.28 41.87 2447
34 P 21.77 41.86 2113
35 P 22.06 42.05 1659
36 P 21.65 41.99 1465
37 P 21.97 42.07 1435
38 P 22.80 41.72 1414
39 P 23.61 41.24 1424
40 P 24.07 40.78 1354
41 P 23.65 40.35 1215
42 P 24.44 40.29 1239
43 P 23.76 40.11 1092
44 P 24.87 40.08 932
45 P 24.67 40.09 988
46 P 25.04 40.15 1070
47 P 25.15 40.10 909
48 P 24.95 40.30 1001
49 P 25.06 40.39 1096
50 P 25.09 40.41 1228
51 P 24.55 40.39 1437
52 P 24.60 40.39 1532
53 P 24.27 40.45 1535
54 P 24.35 40.53 1340
55 P 24.24 40.68 1183
56 P 23.30 40.75 912
57 P 23.41 40.91 1011
58 P 23.03 40.96 1055
59 P 23.19 41.16 974
60 P 22.62 41.15 922
61 P 22.50 41.36 1135
62 P 22.95 41.36 1126
63 P 22.85 41.34 1168
64 P 22.83 41.34 1150
65 P 23.00 41.43 1099
66 P 23.02 41.36 911
67 P 23.26 41.40 859
68 P 22.61 41.53 1161
69 P 21.96 41.53 1337
70 P 23.08 41.48 1521
71 P 22.26 41.52 2061
72 P 21.81 41.58 1946
73 P 22.48 41.65 1956
74 P 21.91 41.93 1897
75 P 21.25 41.98 1554
76 P 20.97 42.08 1413
77 P 20.78 42.25 1394
78 P 21.62 42.35 1364
79 P 21.12 42.51 1552
80 P 21.16 42.50 1352
81 P 20.07 42.61 1167
82 P 21.19 42.75 1001
83 P 21.27 42.68 969
84 P 21.08 42.62 1168
85 P 20.89 42.60 1286
86 P 21.27 42.54 1398
87 P 21.22 42.68 1677
88 P 21.23 42.67 1702
89 P 20.67 42.66 1710
90 P 20.69 42.75 1737
91 P 21.08 42.66 1763
92 P 20.42 42.79 1830
93 P 20.06 42.82 1655
94 P 19.60 43.02 1837
95 P 19.70 42.96 1538
96 P 19.70 43.10 1471
97 P 19.98 43.12 1473
98 P 19.19 43.17 1383
99 P 19.88 43.31 1353
100 P 19.08 43.27 1283
101 P 19.95 43.36 1276
102 P 19.55 43.41 1222
103 P 19.31 43.44 1202
104 P 19.33 43.40 1409
105 P 19.15 43.53 1301
106 P 18.99 43.50 1269
107 P 19.02 43.65 977
108 P 18.80 43.69 779
109 P 19.14 43.72 974
110 P 18.90 43.77 884
111 P 18.55 43.71 911
112 P 19.40 43.67 1004
113 P 18.93 43.71 1048
114 P 18.81 43.78 1267
115 P 18.67 43.85 959
116 P 18.49 43.95 726
117 P 18.37 43.98 928
118 P 18.72 44.06 969
119 P 18.17 44.07 1183
120 P 18.05 44.10 1252
121 P 18.57 44.08 1273
122 P 18.48 44.14 1507
123 P 18.71 44.16 1529
124 P 18.23 44.17 1502
125 P 17.45 44.32 1539
126 P 17.97 44.38 1321
127 P 17.17 44.58 1364
128 P 17.15 44.61 1326
129 P 17.57 44.63 1208
130 P 16.71 44.69 1250
131 P 17.04 44.81 1272
132 P 16.55 44.82 1301
133 P 16.79 44.89 1053
134 P 17.04 44.91 1124
135 P 16.39 44.88 1263
136 P 16.99 44.94 1292
137 P 16.50 44.99 1299
138 P 16.73 45.02 1304
139 P 16.42 45.10 1220
140 P 15.44 45.20 654
141 P 15.77 45.22 632
142 P 15.68 45.33 1030
143 P 16.74 45.35 1115
144 P 16.12 45.38 1061
145 P 16.27 45.42 862
146 P 16.05 45.59 1077
147 P 15.94 45.65 848
148 P 15.79 45.68 860
149 P 16.39 45.68 1023
150 P 15.84 45.61 1397
151 P 16.14 45.52 1429
152 P 15.63 45.62 1779
153 P 15.17 45.67 1962
154 P 15.13 45.68 1651
155 P 15.58 45.83 1435
156 P 15.35 45.91 1214
157 P 15.14 46.11 1304
158 P 15.30 46.09 1207
159 P 14.79 46.12 1101
160 P 14.90 46.24 1182
161 P 14.79 46.30 1255
162 P 14.73 46.41 935
163 P 14.82 46.44 908
164 P 14.32 46.40 946
165 P 15.10 46.45 921
166 P 15.25 46.43 933
167 P 14.98 46.46 1199
168 P 14.99 46.46 1286
169 P 14.55 46.48 1167
170 P 14.42 46.63 1003
171 P 13.73 46.74 1005
172 P 13.70 46.77 1126
173 P 14.05 46.77 1439
174 P 14.19 46.72 1540
175 P 14.19 46.72 1622
176 P 13.70 46.80 2066
177 P 13.50 46.90 1800
178 P 13.50 46.98 1412
179 P 13.37 47.03 1194
180 P 13.66 47.03 1348
181 P 13.42 47.08 1602
182 P 13.43 47.08 1443
183 P 13.20 47.13 1456
184 P 12.60 47.20 1411
185 P 12.87 47.31 1265
186 P 12.66 47.42 1028
187 P 11.80 47.48 1125
188 P 12.57 47.55 1124
189 P 12.58 47.32 1728
190 P 12.71 47.24 2230
191 P 12.90 47.19 2645
192 P 12.87 47.33 2585
193 P 12.57 47.31 2238
194 P 12.67 47.31 2074
195 P 12.34 47.41 1817
196 P 12.40 47.41 1613
197 P 12.60 47.51 1743
198 P 12.23 47.58 2058
199 P 12.42 47.58 2080
200 P 12.52 47.64 2487
201 P 12.40 47.64 2127
202 P 12.39 47.55 2601
203 P 12.46 47.61 2846
204 P 12.54 47.52 2697
205 P 12.63 47.49 2896
206 P 12.50 47.50 3316
207 P 12.43 47.52 3416
208 P 12.17 47.55 3241
209 P 12.32 47.64 2970
210 P 12.48 47.60 2740
211 P 12.32 47.62 2909
212 P 12.51 47.53 2700
213 P 12.44 47.53 3078
214 P 12.45 47.48 2968
215 P 12.41 47.52 2737
216 P 12.63 47.50 2741
217 P 12.60 47.53 2143
218 P 12.28 47.65 1577
219 P 12.48 47.64 1404
220 P 12.47 47.64 1854
221 P 12.60 47.56 2009
222 P 12.84 47.52 2201
223 P 12.90 47.36 2280
224 P 13.01 47.30 2347
225 P 13.25 47.21 2580
226 P 13.43 47.21 2594
227 P 13.25 47.22 2416
228 P 13.47 47.12 2345
229 P 13.31 47.16 2371
230 P 13.12 47.19 2179
231 P 13.15 47.19 2237
232 P 13.27 47.22 2220
233 P 13.15 47.17 1776
234 P 12.93 47.24 1658
235 P 12.90 47.21 1398
236 P 12.79 47.31 1156
237 P 13.06 47.29 1402
238 P 13.26 47.17 1450
239 P 13.07 47.14 1795
240 P 13.27 47.12 1701
241 P 13.23 47.21 1262
242 P 13.00 47.19 1304
243 P 13.27 47.21 1192
244 P 12.94 47.39 971
245 P 12.85 47.43 903
246 P 12.93 47.43 1030
247 P 12.84 47.56 1041
248 P 12.58 47.51 833
249 P 12.88 47.55 900
250 P 12.73 47.56 728
251 P 12.52 47.64 842
252 P 12.58 47.72 988
253 P 12.07 47.64 999
254 P 12.39 47.60 930
255 P 12.83 47.60 1017
256 P 12.84 47.58 1331
257 P 13.07 47.66 1082
258 P 12.91 47.65 1537
259 P 12.55 47.61 1403
260 P 12.70 47.63 1578
261 P 12.52 47.67 1611
262 P 12.26 47.72 1788
263 P 12.35 47.80 1681
264 P 12.27 47.77 1685
265 P 12.23 47.87 1234
266 P 11.81 47.96 1629
267 P 11.96 47.99 1759
268 P 12.02 48.00 1698
269 P 12.24 47.90 1978
270 P 11.91 47.89 2520
271 P 12.15 47.86 2172
272 P 11.50 47.98 2325
273 P 11.80 47.93 2336
274 P 11.43 48.02 2455
275 P 11.93 47.97 2544
276 P 11.84 48.06 2704
277 P 11.85 48.10 2595
278 P 11.87 48.00 2746
279 P 11.92 47.92 3183
280 P 11.78 47.93 3842
281 P 11.91 47.90 3817
282 P 11.87 47.83 4116
283 P 11.94 47.81 4236
284 P 11.96 47.76 4439
285 P 11.92 47.78 4450
286 P 12.02 47.72 4552
287 P 12.05 47.70 4442
288 P 12.02 47.69 4732
289 P 12.28 47.64 4658
290 P 12.17 47.61 4981
291 P 12.24 47.62 4773
292 P 12.27 47.50 4682
293 P 12.49 47.47 4560
294 P 12.67 47.35 4375
295 P 12.64 47.20 4459
296 P 12.94 47.23 4521
297 P 13.08 47.14 4503
298 P 13.20 47.11 4321
299 P 13.27 46.94 4215
300 P 13.35 46.92 4007
301 P 13.90 46.77 3788
302 P 13.94 46.71 3587
303 P 13.94 46.59 3591
304 P 14.20 46.51 3470
305 P 14.20 46.46 3283
306 P 14.22 46.46 3253
307 P 14.31 46.35 3248
308 P 14.87 46.30 3337
309 P 14.53 46.32 3111
310 P 14.67 46.11 3064
311 P 14.98 46.07 3128
312 P 14.85 46.06 3178
313 P 14.72 45.95 3169
314 P 14.95 45.98 3365
315 P 15.07 45.91 3181
316 P 15.29 45.79 3148
317 P 15.78 45.77 2847
318 P 15.28 45.72 2651
319 P 15.80 45.68 2696
320 P 16.08 45.65 2599
321 P 16.26 45.66 2578
322 P 15.77 45.59 2547
323 P 16.49 45.58 2412
324 P 15.87 45.53 2293
325 P 15.98 45.54 2343
326 P 15.82 45.54 2407
327 P 16.28 45.49 1937
328 P 16.16 45.44 1691
329 P 16.32 45.50 1597
330 P 16.28 45.54 1462
331 P 16.05 45.56 1390
332 P 15.66 45.43 1647
333 P 16.11 45.41 1797
334 P 16.46 45.40 2103
335 P 16.09 45.31 1951
336 P 15.90 45.32 2112
337 P 16.27 45.43 2147
338 P 16.11 45.31 2153
339 P 15.95 45.36 2268
340 P 16.02 45.26 2148
341 P 16.03 45.29 2209
342 P 16.14 45.37 2272
343 P 15.80 45.40 2054
344 P 15.97 45.54 2022
345 P 15.96 45.57 2022
346 P 15.90 45.58 1786
347 P 15.96 45.64 2220
348 P 15.98 45.52 2084
349 P 16.01 45.55 2036
350 P 16.34 45.57 1959
351 P 16.13 45.53 1150
352 P 16.41 45.57 1029
353 P 16.77 45.51 1454
354 P 17.65 44.65 943
