% Nframe | type | QP | PSNR | size (Bytes) 
0 I 29.80 37.92 12029
1 P 33.66 37.49 384
2 P 32.99 37.40 833
3 P 32.91 37.26 1105
4 P 33.72 37.35 1519
5 P 32.95 37.48 1581
6 P 32.58 37.48 1519
7 P 32.68 37.21 1322
8 P 34.07 36.98 1263
9 P 34.25 36.81 1189
10 P 33.51 36.99 1378
11 P 33.53 37.19 1695
12 P 37.44 36.04 557
13 P 35.76 35.91 1059
14 P 33.55 36.39 1755
15 P 33.06 37.04 1809
16 P 30.65 37.91 2097
17 P 29.04 38.58 3332
18 P 28.09 38.91 4132
19 P 27.34 39.00 4663
20 P 26.66 38.89 4861
21 P 26.17 39.33 4042
22 P 25.22 39.90 5136
23 P 25.11 40.23 6645
24 P 24.56 40.66 6633
25 P 23.84 40.70 7579
26 P 23.87 40.81 7097
27 P 23.60 41.13 6255
28 P 23.11 41.37 6219
29 P 23.45 41.20 7190
30 P 23.50 40.99 8306
31 P 24.31 40.94 8112
32 P 24.14 41.05 7208
33 P 24.43 41.07 6135
34 P 24.49 40.84 7093
35 P 24.84 40.50 7217
36 P 25.30 40.42 6457
37 P 26.09 40.21 4086
38 P 26.35 40.28 2960
39 P 26.44 40.28 3995
40 P 26.26 40.23 4215
41 P 26.67 40.08 3778
42 P 26.38 39.92 3431
43 P 26.76 39.80 3136
44 P 26.95 39.78 3035
45 P 27.20 39.77 3154
46 P 28.50 39.53 3004
47 P 29.31 39.14 2956
48 P 29.53 39.05 2504
49 P 28.99 39.25 1899
50 P 29.02 39.58 2169
51 P 29.01 39.54 2952
52 P 28.84 39.34 3305
53 P 29.58 39.31 3048
54 P 28.70 39.32 3309
55 P 28.41 39.20 3377
56 P 28.04 39.18 3348
57 P 28.39 39.23 3548
58 P 27.82 39.49 3700
59 P 27.46 39.72 4903
60 P 27.70 39.86 5647
61 P 26.74 39.80 5590
62 P 26.83 39.57 5148
63 P 26.98 39.48 5543
64 P 26.95 39.45 5036
65 P 26.69 39.52 4609
66 P 26.92 39.52 4649
67 P 26.60 39.62 4461
68 P 26.39 39.79 4195
69 P 26.70 39.64 4400
70 P 26.91 39.56 4951
71 P 27.59 39.50 4629
72 P 27.47 39.37 4661
73 P 27.16 39.19 4317
74 P 28.04 39.05 3762
75 P 27.70 39.28 4704
76 P 27.42 39.54 5416
77 P 27.34 39.76 6143
78 P 27.43 40.02 6581
79 P 27.44 39.89 6412
80 P 27.41 39.55 6960
81 P 27.52 39.30 7229
82 P 28.09 39.08 6897
83 P 27.58 39.03 6000
84 P 28.12 39.30 5770
85 P 27.24 39.39 5216
86 P 26.98 39.50 4645
87 P 27.10 39.47 4771
88 P 27.35 39.40 4839
89 P 27.51 39.29 4931
90 P 28.12 39.04 4671
91 P 28.30 39.05 4834
92 P 28.28 38.97 4880
93 P 28.69 38.88 4492
94 P 28.22 38.88 3480
95 P 28.89 38.78 3416
96 P 29.19 38.67 2906
97 P 29.24 38.72 2795
98 P 29.36 38.61 3191
99 P 29.34 38.34 3259
100 P 28.81 38.17 3447
101 P 29.35 38.16 3089
102 P 29.06 38.27 3103
103 P 29.03 38.58 3807
104 P 30.52 38.57 4132
105 P 29.71 38.28 4276
106 P 28.76 38.41 3744
107 P 29.87 38.35 3560
108 P 29.73 38.32 3735
109 P 29.23 38.32 3793
110 P 28.96 38.45 3867
111 P 28.49 38.39 3745
112 P 29.23 38.47 3476
113 P 29.83 38.47 3076
114 P 30.05 38.58 2606
115 P 30.08 38.74 2599
116 P 29.60 38.76 2972
117 P 30.12 38.72 3131
118 P 30.06 38.68 3347
119 P 30.03 38.58 3855
120 P 29.84 38.47 3838
121 P 30.70 38.42 3636
122 P 30.07 38.40 3708
123 P 30.33 38.51 2979
124 P 29.90 38.69 2835
125 P 30.13 38.62 3138
126 P 29.84 38.51 3221
127 P 29.94 38.44 3735
128 P 29.41 38.66 4337
129 P 30.04 38.99 4412
130 P 29.32 39.33 4788
131 P 29.65 39.37 4608
132 P 29.74 39.28 4358
133 P 29.43 39.00 4552
134 P 29.58 38.92 3934
135 P 29.59 38.97 3428
136 P 30.05 38.82 3779
137 P 28.91 38.83 3688
138 P 30.34 38.71 2913
139 P 29.21 38.84 2244
140 P 30.20 38.91 3382
141 P 29.72 39.01 4055
142 P 29.42 39.06 4300
143 P 30.01 39.39 3939
144 P 30.16 39.57 4601
145 P 29.54 39.69 4899
146 P 29.07 39.80 5139
147 P 28.36 39.79 6441
148 P 27.80 39.27 7100
149 P 27.95 39.09 7514
150 P 28.03 39.10 7410
151 P 27.23 39.32 7002
152 P 27.34 39.65 6395
153 P 26.96 39.90 6643
154 P 26.52 40.09 7111
155 P 26.74 40.31 6947
156 P 26.64 40.47 6817
157 P 26.64 40.60 6719
158 P 26.57 40.91 7866
159 P 26.78 41.22 9394
160 P 26.85 41.52 9773
161 P 26.76 41.70 9540
162 P 26.45 42.40 8526
163 P 26.12 43.24 8053
164 P 25.65 44.03 7126
165 P 25.28 44.77 5751
166 P 25.40 44.45 5684
167 P 25.21 44.36 5882
168 P 25.61 44.48 5898
169 P 25.31 43.77 6361
170 P 25.66 43.07 7322
171 P 26.12 42.95 7912
172 P 26.41 42.57 8121
173 P 26.69 42.48 8244
174 P 28.73 41.60 9169
175 P 28.38 40.71 7265
176 P 28.31 40.41 6202
177 P 28.15 40.09 5862
178 P 28.40 39.71 6333
179 P 28.44 39.40 6586
180 P 28.66 39.18 6330
181 P 29.15 38.78 6985
182 P 29.16 38.49 6915
183 P 29.23 38.24 6314
184 P 29.61 37.79 6819
185 P 30.07 37.32 6897
186 P 29.94 37.01 7175
187 P 30.11 36.78 6725
188 P 30.27 36.64 5934
189 P 30.16 37.02 5698
190 P 30.06 37.00 5849
191 P 30.48 36.68 5725
192 P 30.66 36.35 6161
193 P 30.65 36.05 6214
194 P 31.15 35.81 5743
195 P 31.37 35.51 5396
196 P 31.82 35.28 5986
197 P 31.64 35.06 7150
198 P 31.72 34.83 5199
199 P 31.88 34.56 5900
200 P 32.27 34.24 6368
201 P 32.51 33.68 7788
202 P 33.02 32.93 8194
203 P 33.05 32.27 9472
204 P 33.48 31.39 8548
205 P 33.32 30.89 7500
206 P 33.49 30.83 5299
207 P 33.79 30.27 5164
208 P 33.90 30.24 2672
209 P 33.80 30.29 2506
210 P 34.04 30.25 1922
211 P 34.19 30.24 1992
212 P 34.35 30.39 1721
213 P 34.20 30.39 1998
214 P 34.33 30.35 1514
215 P 34.39 30.35 1781
216 P 34.99 30.26 1450
217 P 34.86 30.18 1301
218 P 34.58 30.18 1087
219 P 35.25 30.16 733
220 P 35.24 30.20 620
221 P 35.40 30.22 486
222 P 34.77 30.26 550
223 P 34.72 30.32 457
224 P 34.75 30.30 429
225 P 34.95 30.33 492
226 P 34.48 30.28 903
227 P 34.67 30.27 1056
228 P 35.03 30.28 1219
229 P 34.29 30.41 1244
230 P 34.08 30.44 1319
231 P 34.08 30.49 566
232 P 34.55 30.50 624
233 P 34.09 30.53 637
234 P 34.19 30.57 709
235 P 33.53 30.54 827
236 P 33.87 30.58 866
237 P 34.04 30.53 1086
238 P 33.64 30.55 1131
239 P 33.98 30.54 1400
240 P 33.42 30.58 1580
241 P 33.67 30.60 1703
242 P 33.27 30.65 1993
243 P 33.63 30.65 1869
244 P 33.48 30.73 2361
245 P 33.07 30.80 1855
246 P 32.87 30.85 1749
247 P 36.41 30.55 286
% Nframe | type | QP | PSNR | size (Bytes) 
25 P 24.89 39.93 2013
26 P 23.68 40.19 4951
27 P 25.35 40.20 4057
28 P 24.72 40.27 3946
29 P 24.07 40.43 4862
30 P 24.71 40.56 3943
31 P 22.81 40.61 1415
32 P 24.45 40.47 3710
33 P 24.65 40.43 3699
34 P 24.87 40.41 5463
35 P 25.03 40.37 4506
36 P 25.16 40.12 4390
37 P 24.81 40.24 5392
38 P 24.59 40.19 2156
39 P 23.89 40.08 6504
40 P 23.78 40.07 5098
41 P 24.31 40.17 4950
42 P 23.56 40.20 4675
43 P 24.31 40.35 5088
44 P 24.17 40.42 5008
45 P 24.51 40.46 5058
46 P 25.45 40.45 4754
47 P 23.98 40.39 4606
48 P 24.94 40.44 5953
49 P 23.77 40.40 2332
50 P 25.40 40.45 4717
51 P 25.64 40.38 4600
52 P 25.01 40.24 4413
53 P 25.30 40.13 4922
54 P 24.76 40.24 9830
55 P 24.19 40.21 2178
56 P 25.36 39.97 4158
57 P 24.71 39.90 4173
58 P 25.02 39.92 5442
59 P 25.24 39.87 4668
60 P 25.37 39.78 4483
61 P 25.50 39.82 4746
62 P 25.09 39.84 5211
63 P 24.47 39.85 4907
64 P 24.67 39.89 4890
65 P 25.00 39.92 4506
66 P 26.28 39.73 4061
67 P 26.06 39.71 4521
68 P 26.06 39.78 4796
69 P 26.15 39.70 4523
70 P 25.95 39.65 4704
71 P 26.14 39.56 4673
72 P 26.08 39.83 6233
73 P 26.24 39.81 1722
74 P 25.54 39.55 4657
75 P 25.24 39.60 4447
76 P 28.02 39.54 4164
77 P 27.68 39.52 4760
78 P 27.60 39.69 4142
79 P 28.31 39.70 1576
80 P 28.27 39.53 3881
81 P 28.39 39.49 3436
82 P 27.82 39.53 4723
83 P 27.71 39.56 3658
84 P 28.06 39.57 3814
85 P 27.57 39.58 4030
86 P 28.02 39.53 3594
87 P 27.78 39.46 3693
88 P 28.56 39.53 3972
89 P 28.39 39.51 3195
90 P 28.58 39.54 3209
91 P 28.30 39.54 3733
92 P 27.95 39.57 3937
93 P 28.09 39.53 3870
94 P 28.71 39.55 3936
95 P 27.87 39.46 3903
96 P 28.19 39.77 5789
97 P 28.34 39.71 1360
98 P 28.29 39.59 4347
99 P 27.54 39.59 4728
100 P 27.77 39.52 4834
101 P 27.48 39.50 6063
102 P 26.05 39.58 5718
103 P 25.17 39.65 2276
104 P 26.51 39.54 4698
105 P 25.65 39.70 5896
106 P 25.50 39.72 4776
107 P 26.33 39.72 4993
108 P 27.89 39.50 4414
109 P 27.26 39.93 8638
110 P 27.01 39.80 4609
111 P 26.95 39.83 4720
112 P 28.16 39.83 3984
113 P 28.33 39.77 3672
114 P 28.12 39.74 3987
115 P 28.12 39.79 3793
116 P 27.99 39.78 4232
117 P 27.94 39.68 4175
118 P 27.94 39.64 4377
119 P 27.75 39.59 4131
120 P 27.98 39.61 3906
121 P 28.06 39.52 3574
122 P 28.08 39.49 3526
123 P 27.90 39.58 3934
124 P 28.00 39.66 3733
125 P 28.33 39.69 1423
126 P 28.28 39.62 2998
127 P 28.27 39.63 3095
128 P 28.42 39.67 3561
129 P 28.36 39.69 3208
130 P 28.28 39.76 3589
131 P 28.13 39.75 1509
132 P 28.54 39.56 3615
133 P 28.54 39.60 4529
134 P 28.55 39.62 3642
135 P 28.70 39.64 3791
136 P 28.74 39.62 3549
137 P 28.61 39.72 3212
138 P 28.37 39.75 3057
139 P 28.05 39.76 3133
140 P 27.52 39.80 2996
141 P 27.77 39.81 3218
142 P 27.85 39.94 4187
143 P 27.31 39.95 1921
144 P 27.56 39.93 3370
145 P 27.62 39.87 2871
146 P 27.99 39.83 2823
147 P 28.56 39.82 3579
148 P 27.74 39.93 3355
149 P 27.07 39.94 990
150 P 27.66 39.88 2958
151 P 27.77 39.84 2980
152 P 27.82 39.91 4107
153 P 26.64 39.83 3731
154 P 26.69 39.91 3903
155 P 26.14 39.88 1602
156 P 27.06 39.80 3536
157 P 26.89 39.88 5115
158 P 26.78 39.89 3911
159 P 26.79 39.87 3835
160 P 26.58 39.83 3846
161 P 26.62 39.85 3931
162 P 26.55 39.84 3380
163 P 26.69 39.93 8380
164 P 25.99 39.82 4378
165 P 25.98 39.80 3968
166 P 25.83 40.01 5627
167 P 25.45 40.08 1577
168 P 26.16 39.90 4257
169 P 26.56 39.89 4348
170 P 26.18 39.83 4542
171 P 26.83 39.82 5612
172 P 26.50 39.94 5205
173 P 26.01 39.86 2206
174 P 26.57 39.77 4871
175 P 26.49 39.69 4651
176 P 26.66 39.89 6158
177 P 26.03 39.82 4831
178 P 26.13 39.94 4970
179 P 25.47 39.95 1699
180 P 26.23 39.79 3909
181 P 26.53 39.89 4961
182 P 26.45 39.86 3767
183 P 26.34 39.87 3987
184 P 26.77 39.86 3883
185 P 25.89 39.87 4369
186 P 26.38 39.85 4490
187 P 26.00 39.89 4484
188 P 26.41 39.86 4613
189 P 26.18 39.82 3893
190 P 26.00 39.90 5391
191 P 25.76 39.94 1653
192 P 25.96 39.82 3883
193 P 25.82 39.79 4044
194 P 26.00 39.81 4094
195 P 25.82 39.91 5204
196 P 25.74 39.96 4659
197 P 26.09 39.91 1791
198 P 25.69 39.85 4199
199 P 26.20 39.77 3966
200 P 26.60 39.88 5356
201 P 26.36 39.82 4517
202 P 26.03 39.85 4974
203 P 26.05 39.79 2678
204 P 26.10 39.79 5698
205 P 26.19 39.71 5032
206 P 26.77 39.75 4070
207 P 26.39 39.85 4136
208 P 26.65 39.88 3888
209 P 26.47 39.73 3456
210 P 27.11 40.30 6575
211 P 26.76 40.22 3302
212 P 26.36 40.25 3691
213 P 26.25 40.18 3601
214 P 25.80 40.44 5729
215 P 26.21 40.40 1199
216 P 25.84 40.26 3860
217 P 25.79 40.24 3958
218 P 25.80 40.19 3551
219 P 25.98 40.20 4452
220 P 25.57 40.33 3687
221 P 25.57 40.38 1103
222 P 26.18 40.25 3524
223 P 26.03 40.18 3757
224 P 26.23 40.17 5053
225 P 26.54 40.14 4621
226 P 26.89 40.25 4690
227 P 26.47 40.20 1627
228 P 26.29 40.12 5617
229 P 26.20 40.17 4393
230 P 26.17 40.22 3951
231 P 25.93 40.20 3686
232 P 25.83 40.21 3566
233 P 25.69 40.21 3222
234 P 25.70 40.25 3204
235 P 26.06 40.23 3480
236 P 25.93 40.19 3599
237 P 26.21 40.13 3703
238 P 25.94 40.22 5559
239 P 26.24 40.20 1689
240 P 26.10 40.12 4249
241 P 26.19 40.07 4238
242 P 26.21 40.00 3743
243 P 26.03 40.12 5025
244 P 25.91 40.18 3808
245 P 25.89 40.20 1256
246 P 26.04 40.16 3421
247 P 26.15 40.16 4288
248 P 25.79 40.15 3401
249 P 26.25 40.10 3399
250 P 25.88 40.16 3549
251 P 25.06 40.15 1307
252 P 25.87 40.05 4247
253 P 26.49 40.01 3603
254 P 25.77 39.98 3359
255 P 29.10 39.66 2795
% Nframe | type | QP | PSNR | size (Bytes) 
25 P 24.94 44.41 7097
26 P 25.17 44.02 6871
27 P 25.34 43.28 7665
28 P 25.94 42.04 7669
29 P 27.17 39.84 7855
30 P 28.61 39.53 4856
31 P 28.72 40.20 4999
32 P 27.89 40.52 5055
33 P 28.07 40.86 4376
34 P 27.49 41.12 3979
35 P 27.52 41.18 3131
36 P 27.93 41.25 2683
37 P 27.86 41.22 2570
38 P 27.83 41.05 2747
39 P 29.19 40.28 2824
40 P 30.58 39.29 2598
41 P 31.03 38.77 2556
42 P 31.06 38.37 2261
43 P 31.65 37.99 2369
44 P 31.40 38.12 1928
45 P 31.33 38.45 1920
46 P 30.50 38.52 2018
47 P 31.20 38.68 1898
48 P 30.76 39.03 1973
49 P 30.58 38.91 2056
50 P 30.36 38.68 2535
51 P 30.78 38.33 2852
52 P 30.64 38.14 3058
53 P 30.33 38.22 3180
54 P 30.10 38.48 2759
55 P 29.76 38.66 2249
56 P 29.72 38.90 2064
57 P 29.60 38.88 2035
58 P 28.99 38.74 2152
59 P 29.24 38.82 2063
60 P 28.65 38.80 2207
61 P 28.27 38.99 2339
62 P 28.51 39.10 2259
63 P 28.33 39.03 2538
64 P 28.81 38.77 2597
65 P 28.64 38.54 2413
66 P 28.65 38.57 1916
67 P 28.62 38.77 1668
68 P 27.77 38.95 2110
69 P 28.59 38.83 2645
70 P 28.34 38.94 2883
71 P 27.54 38.98 4371
72 P 28.11 38.97 4283
73 P 28.01 38.88 4317
74 P 28.02 38.85 4062
75 P 27.50 39.01 3444
76 P 27.50 39.22 3245
77 P 27.36 39.38 2686
78 P 26.83 39.51 2810
79 P 26.96 39.47 2912
80 P 26.52 39.19 3053
81 P 26.49 39.21 2272
82 P 26.89 39.28 1890
83 P 27.44 39.43 1919
84 P 27.61 39.47 1994
85 P 27.93 39.54 2328
86 P 27.61 39.64 2589
87 P 27.60 39.72 2987
88 P 27.80 39.74 3281
89 P 27.31 39.63 3464
90 P 27.61 39.50 3864
91 P 26.79 39.33 4285
92 P 26.75 39.26 3904
93 P 26.80 39.18 3382
94 P 26.40 39.24 3275
95 P 26.90 39.38 2968
96 P 26.49 39.50 2766
97 P 26.23 39.65 2618
98 P 26.08 39.84 2612
99 P 26.39 40.04 2229
100 P 26.36 40.07 2260
101 P 26.40 40.00 2010
102 P 26.21 39.98 2046
103 P 26.12 39.88 2046
104 P 26.27 39.80 2146
105 P 25.84 39.77 2339
106 P 26.33 39.68 2195
107 P 25.92 39.73 2055
108 P 25.86 39.85 1510
109 P 26.14 39.86 1707
110 P 25.86 39.90 1838
111 P 25.92 39.97 1525
112 P 25.65 40.08 1650
113 P 25.16 40.05 1872
114 P 25.23 40.02 2395
115 P 25.02 39.99 2076
116 P 25.02 40.11 2062
117 P 24.91 40.20 1797
118 P 24.86 40.33 1989
119 P 23.95 40.42 2235
120 P 24.29 40.51 2146
121 P 24.42 40.61 2359
122 P 24.01 40.60 2701
123 P 24.38 40.59 3395
124 P 24.77 40.56 3551
125 P 24.46 40.65 3972
126 P 24.31 40.60 3505
127 P 24.00 40.66 3110
128 P 24.00 40.74 2759
129 P 23.42 40.80 2972
130 P 23.33 40.91 2798
131 P 23.33 40.94 3201
132 P 23.26 41.01 3437
133 P 23.31 41.03 2692
134 P 23.11 41.10 2536
135 P 23.15 41.14 2278
136 P 23.34 41.25 2156
137 P 23.57 41.25 2087
138 P 23.02 41.25 2252
139 P 22.82 41.25 2476
140 P 22.49 41.30 1529
141 P 22.94 41.38 1618
142 P 22.88 41.37 2166
143 P 23.18 41.32 2081
144 P 22.63 41.35 2802
145 P 22.32 41.42 2235
146 P 22.37 41.46 2356
147 P 22.72 41.50 2194
148 P 22.37 41.50 2272
149 P 22.28 41.50 2570
150 P 22.22 41.57 2856
151 P 21.77 41.64 2538
152 P 21.75 41.68 2895
153 P 21.69 41.68 3237
154 P 21.46 41.68 4162
155 P 21.59 41.72 3097
156 P 21.34 41.87 3141
157 P 21.38 41.89 3483
158 P 21.20 41.89 3807
159 P 20.93 41.99 3200
160 P 21.05 42.12 2942
161 P 21.12 42.10 3294
162 P 20.87 42.21 2460
163 P 20.70 42.28 2773
164 P 20.82 42.30 2631
165 P 20.71 42.28 2513
166 P 20.48 42.24 2810
167 P 20.79 42.22 2825
168 P 20.78 42.26 3359
169 P 20.89 42.29 3210
170 P 20.78 42.38 2711
171 P 20.42 42.47 2465
172 P 20.48 42.44 2664
173 P 20.70 42.41 3177
174 P 20.69 42.38 2973
175 P 20.80 42.43 3035
176 P 20.38 42.44 3940
177 P 20.53 42.55 3828
178 P 20.52 42.61 2497
179 P 20.59 42.64 2403
180 P 20.64 42.67 2962
181 P 20.75 42.64 3484
182 P 20.52 42.65 3087
183 P 20.58 42.68 3314
184 P 20.11 42.82 3167
185 P 19.88 42.88 2137
186 P 20.14 42.94 2103
187 P 20.23 43.03 2617
188 P 20.10 43.08 1923
189 P 20.15 42.92 2585
190 P 20.10 42.87 4078
191 P 19.99 42.78 4664
192 P 19.92 42.78 5297
193 P 20.17 42.84 5257
194 P 20.22 42.88 4978
195 P 19.82 42.90 4012
196 P 19.63 42.91 3715
197 P 19.66 43.04 2903
198 P 19.50 43.05 3590
199 P 19.91 43.01 3795
200 P 19.63 43.04 5108
201 P 19.64 43.03 3934
202 P 19.67 43.08 4303
203 P 19.47 43.12 4332
204 P 19.61 43.13 4536
205 P 19.57 43.09 3931
206 P 19.63 43.10 3927
207 P 19.57 43.04 4081
208 P 19.61 43.01 4653
209 P 19.31 42.95 5201
210 P 19.30 42.96 4941
211 P 19.29 43.06 4857
212 P 19.65 43.05 4658
213 P 19.32 42.97 5285
214 P 19.47 43.03 5949
215 P 19.63 42.99 5231
216 P 19.36 43.03 4762
217 P 19.29 43.14 5200
218 P 19.27 43.23 3093
219 P 19.64 43.27 2938
220 P 19.58 43.16 3730
221 P 19.72 43.12 3879
222 P 19.44 43.07 4068
223 P 19.43 43.09 4826
224 P 19.77 43.06 4266
225 P 19.68 43.04 4489
226 P 19.70 43.02 4328
227 P 20.07 42.99 4017
228 P 19.93 42.96 4485
229 P 19.70 42.89 4893
230 P 19.71 42.86 5100
231 P 19.78 42.90 4482
232 P 19.79 42.97 4630
233 P 19.64 43.01 4268
234 P 19.74 43.06 3641
235 P 19.98 43.11 2977
236 P 19.42 43.16 2815
237 P 19.40 43.13 3355
238 P 19.74 43.01 3983
239 P 19.99 43.02 5379
240 P 19.92 42.99 4147
241 P 19.75 43.05 2734
242 P 19.77 43.05 2795
243 P 19.49 43.07 2985
244 P 19.56 43.15 1953
245 P 19.81 43.16 2110
246 P 20.00 43.18 2325
247 P 19.77 43.21 2421
248 P 19.37 43.20 2740
249 P 19.37 43.19 2360
250 P 19.25 43.23 2015
251 P 19.18 43.24 1877
252 P 19.48 43.27 1962
253 P 19.63 43.23 2433
254 P 19.37 43.21 2351
255 P 19.38 43.25 2208
256 P 19.20 43.23 2652
257 P 19.62 43.27 2296
258 P 19.80 43.25 3231
259 P 19.41 43.27 2822
260 P 19.39 43.24 2997
261 P 19.20 43.24 3125
262 P 19.36 43.25 3335
263 P 19.28 43.33 2749
264 P 19.31 43.39 2966
265 P 19.13 43.48 2382
266 P 19.22 43.49 3191
267 P 18.98 43.44 3808
268 P 19.05 43.47 3673
269 P 18.85 43.48 4316
270 P 18.86 43.43 4472
271 P 19.14 43.46 4110
272 P 19.02 43.48 4233
273 P 18.90 43.49 4699
274 P 18.93 43.50 5237
275 P 18.84 43.55 5001
276 P 18.79 43.53 5301
277 P 18.71 43.56 4592
278 P 18.77 43.56 5397
279 P 18.64 43.52 5953
280 P 18.64 43.57 7273
281 P 18.54 43.55 7261
282 P 18.57 43.59 7722
283 P 18.60 43.59 8575
284 P 18.62 43.52 8582
285 P 18.65 43.49 8743
286 P 18.66 43.55 8571
287 P 18.70 43.63 8620
288 P 18.59 43.71 9731
289 P 18.75 43.75 10731
290 P 18.80 43.70 10216
291 P 18.82 43.72 9756
292 P 18.97 43.63 9514
293 P 18.95 43.60 9179
294 P 19.02 43.55 9816
295 P 19.22 43.40 9331
296 P 19.35 43.33 9176
297 P 19.51 43.24 9391
298 P 19.59 43.17 9643
299 P 19.71 43.06 9809
300 P 19.72 42.98 9151
301 P 20.13 42.93 8988
302 P 20.50 42.71 8240
303 P 20.58 42.73 8401
304 P 20.88 42.70 8602
305 P 20.34 42.64 8400
306 P 20.80 42.47 7824
307 P 20.55 42.49 7659
308 P 20.61 42.61 6733
309 P 20.88 42.62 5282
310 P 20.68 42.58 4684
311 P 20.89 42.55 5200
312 P 21.24 42.48 5364
313 P 21.22 42.39 5621
314 P 21.23 42.38 5916
315 P 21.51 42.24 6050
316 P 21.60 42.18 6031
317 P 21.60 42.00 5671
318 P 22.10 41.98 4649
319 P 22.07 41.95 3940
320 P 21.95 41.96 4047
321 P 22.14 41.84 4231
322 P 22.13 41.79 4201
323 P 21.89 41.75 3711
324 P 22.21 41.72 3702
325 P 22.34 41.77 3654
326 P 22.64 41.71 3460
327 P 22.08 41.71 3405
328 P 22.58 41.63 3434
329 P 22.78 41.57 3443
330 P 22.79 41.58 2948
331 P 22.49 41.63 2933
332 P 22.57 41.69 3102
333 P 22.44 41.70 3358
334 P 22.73 41.64 3085
335 P 22.71 41.75 3808
336 P 22.71 41.72 3617
337 P 22.17 41.76 3628
338 P 22.29 41.71 3528
339 P 22.59 41.73 3685
340 P 22.22 41.71 3627
341 P 22.16 41.73 3870
342 P 22.46 41.72 3870
343 P 22.14 41.67 3773
344 P 22.61 41.69 3875
345 P 22.19 41.76 3909
346 P 22.63 41.77 3396
347 P 22.62 41.73 4596
348 P 22.19 41.78 4311
349 P 22.66 41.81 4349
350 P 22.48 41.76 4091
351 P 22.11 41.78 2983
352 P 22.26 41.80 2725
353 P 22.53 41.86 2954
354 P 23.23 41.30 1406
