% Nframe | type | QP | PSNR | size (Bytes) 
0 I 47.02 28.80 2631
1 P 50.43 28.65 37
2 P 50.66 28.51 76
3 P 50.72 28.19 100
4 P 50.51 27.86 178
5 P 50.60 27.55 239
6 P 50.30 27.49 284
7 P 50.58 27.26 285
8 P 50.78 27.03 190
9 P 49.47 27.04 148
10 P 50.89 27.22 111
11 P 50.10 27.53 169
12 P 51.00 27.64 150
13 P 51.00 27.62 153
14 P 51.00 27.40 79
15 P 51.00 27.50 53
16 P 51.00 27.75 65
17 P 50.99 27.72 222
18 P 50.18 27.31 336
19 P 50.53 27.04 361
20 P 50.24 26.77 290
21 P 49.61 27.04 194
22 P 46.93 27.42 230
23 P 48.32 27.97 372
24 P 45.93 28.19 382
25 P 48.73 28.05 395
26 P 46.05 28.08 381
27 P 45.55 28.43 519
28 P 44.11 28.76 714
29 P 44.26 28.66 671
30 P 45.97 28.67 541
31 P 45.82 28.84 569
32 P 44.80 29.03 563
33 P 45.28 29.28 567
34 P 44.94 29.14 567
35 P 43.27 29.04 626
36 P 43.38 28.95 649
37 P 43.74 29.03 633
38 P 44.12 29.28 382
39 P 44.03 29.28 495
40 P 44.40 29.23 470
41 P 43.39 29.06 476
42 P 44.66 29.08 519
43 P 43.84 29.17 486
44 P 44.13 29.14 442
45 P 44.28 29.29 511
46 P 43.90 29.17 483
47 P 44.37 28.85 411
48 P 45.27 28.89 285
49 P 45.68 28.99 212
50 P 45.31 29.25 360
51 P 45.24 29.25 428
52 P 44.72 29.17 407
53 P 44.07 29.23 350
54 P 45.03 29.14 361
55 P 44.45 28.93 306
56 P 44.63 28.92 352
57 P 43.84 29.02 392
58 P 43.95 29.15 455
59 P 44.77 29.20 574
60 P 44.24 29.56 789
61 P 44.02 29.44 865
62 P 43.71 29.22 686
63 P 42.72 29.15 759
64 P 42.78 29.09 703
65 P 42.50 29.07 647
66 P 43.36 29.02 578
67 P 43.72 29.19 679
68 P 44.15 29.21 580
69 P 43.61 29.25 643
70 P 43.22 29.21 655
71 P 43.34 29.16 564
72 P 43.99 29.12 554
73 P 44.17 28.91 477
74 P 44.36 28.85 419
75 P 44.86 28.93 435
76 P 44.59 29.32 668
77 P 44.01 29.82 792
78 P 43.93 30.19 888
79 P 44.39 30.01 907
80 P 44.41 29.64 802
81 P 46.03 29.36 774
82 P 44.47 29.12 796
83 P 45.11 29.02 703
84 P 44.16 29.18 723
85 P 44.25 29.14 615
86 P 44.00 29.27 672
87 P 43.85 29.16 710
88 P 44.66 29.19 650
89 P 44.56 28.97 658
90 P 45.58 29.02 661
91 P 46.16 28.94 498
92 P 44.55 28.98 518
93 P 45.38 28.99 556
94 P 44.57 28.79 570
95 P 43.99 28.73 575
96 P 45.24 28.61 411
97 P 45.71 28.61 414
98 P 45.96 28.47 464
99 P 45.72 28.30 442
100 P 45.58 28.14 390
101 P 47.36 28.25 352
102 P 46.58 28.26 329
103 P 46.31 28.46 479
104 P 45.38 28.35 610
105 P 46.61 28.25 543
106 P 45.13 28.15 437
107 P 45.79 28.02 509
108 P 45.74 28.09 527
109 P 45.74 28.14 505
110 P 45.64 28.19 534
111 P 45.41 28.07 513
112 P 46.61 28.07 498
113 P 46.74 28.25 440
114 P 44.72 28.30 372
115 P 46.01 28.48 415
116 P 46.86 28.55 475
117 P 46.33 28.37 386
118 P 46.57 28.51 452
119 P 47.42 28.30 393
120 P 46.42 28.26 370
121 P 46.49 28.33 409
122 P 45.79 28.31 376
123 P 45.89 28.31 352
124 P 47.08 28.41 382
125 P 45.82 28.36 449
126 P 47.01 28.38 438
127 P 46.07 28.24 410
128 P 46.98 28.44 378
129 P 46.50 28.85 593
130 P 45.87 29.18 638
131 P 45.23 29.21 566
132 P 44.89 28.96 603
133 P 45.79 28.79 586
134 P 45.32 28.80 559
135 P 45.96 28.70 452
136 P 45.57 28.65 483
137 P 45.90 28.58 456
138 P 45.97 28.47 390
139 P 45.22 28.39 312
140 P 45.25 28.61 435
141 P 45.54 28.77 478
142 P 45.58 28.91 514
143 P 44.92 29.34 611
144 P 45.18 29.77 715
145 P 44.66 29.86 753
146 P 46.30 29.94 807
147 P 44.16 29.84 878
148 P 45.17 29.33 940
149 P 45.68 29.04 1052
150 P 45.08 29.21 1165
151 P 44.54 29.37 1034
152 P 44.55 29.71 1041
153 P 44.09 30.10 1141
154 P 44.33 30.11 1018
155 P 43.67 30.00 1069
156 P 42.47 29.98 1187
157 P 43.74 29.81 967
158 P 42.59 29.97 1461
159 P 42.57 30.33 1845
160 P 43.19 30.32 1808
161 P 43.19 30.72 1884
162 P 42.37 30.95 2071
163 P 42.43 31.42 1925
164 P 42.00 31.79 1941
165 P 42.26 32.33 1780
166 P 41.37 31.93 1484
167 P 42.66 32.22 1593
168 P 41.42 32.31 1544
169 P 42.03 31.70 1474
170 P 44.21 30.91 1447
171 P 42.29 31.09 1779
172 P 44.16 30.69 1785
173 P 44.10 30.59 1885
174 P 46.93 29.22 1805
175 P 45.84 28.70 1364
176 P 46.06 27.52 839
177 P 47.29 27.12 882
178 P 46.30 27.15 1118
179 P 46.79 26.70 1100
180 P 46.64 26.52 1011
181 P 47.70 26.48 933
182 P 47.77 26.25 1176
183 P 48.54 26.23 1357
184 P 48.57 25.84 1328
185 P 48.55 25.52 1084
186 P 49.57 25.23 991
187 P 49.40 25.04 1162
188 P 49.49 25.15 1430
189 P 49.37 25.25 846
190 P 49.07 25.09 1111
191 P 49.04 24.76 992
192 P 49.59 24.53 988
193 P 49.68 24.53 1232
194 P 50.60 24.22 516
195 P 50.33 23.99 982
196 P 50.16 23.80 940
197 P 50.56 23.72 929
198 P 50.31 23.55 800
199 P 50.62 23.37 809
200 P 50.75 23.16 832
201 P 50.61 23.05 1045
202 P 50.79 22.71 985
203 P 50.79 22.32 934
204 P 50.91 21.92 848
205 P 50.95 21.61 680
206 P 51.00 21.56 696
207 P 51.00 21.36 508
208 P 51.00 21.31 202
209 P 51.00 21.25 249
210 P 51.00 21.24 150
211 P 51.00 21.22 124
212 P 51.00 21.29 224
213 P 51.00 21.28 198
214 P 51.00 21.28 215
215 P 51.00 21.28 258
216 P 51.00 21.27 191
217 P 51.00 21.27 167
218 P 51.00 21.27 75
219 P 51.00 21.27 48
220 P 51.00 21.27 27
221 P 51.00 21.28 28
222 P 51.00 21.28 25
223 P 51.00 21.29 28
224 P 51.00 21.29 17
225 P 51.00 21.33 32
226 P 51.00 21.38 23
227 P 51.00 21.42 16
228 P 51.00 21.42 20
229 P 51.00 21.42 41
230 P 51.00 21.45 34
231 P 51.00 21.44 18
232 P 51.00 21.46 36
233 P 51.00 21.45 21
234 P 51.00 21.45 37
235 P 51.00 21.46 45
236 P 51.00 21.47 35
237 P 51.00 21.49 43
238 P 51.00 21.51 46
239 P 51.00 21.51 35
240 P 51.00 21.54 52
241 P 51.00 21.57 72
242 P 50.79 21.58 34
243 P 51.00 21.59 69
244 P 50.52 21.62 85
245 P 51.00 21.61 71
246 P 50.15 21.63 49
247 P 51.00 21.64 32
% Nframe | type | QP | PSNR | size (Bytes) 
25 P 50.99 26.76 33
26 P 50.76 26.66 222
27 P 50.75 26.56 255
28 P 50.87 26.55 280
29 P 50.29 26.62 384
30 P 50.27 26.52 226
31 P 45.92 26.53 68
32 P 50.52 26.58 282
33 P 50.57 26.51 269
34 P 49.50 26.51 582
35 P 49.19 26.40 404
36 P 49.19 26.29 383
37 P 49.26 26.31 403
38 P 49.33 26.34 99
39 P 46.76 26.33 556
40 P 46.20 26.35 458
41 P 48.02 26.47 519
42 P 46.30 26.50 513
43 P 46.42 26.47 513
44 P 44.87 26.53 500
45 P 46.91 26.63 471
46 P 47.13 26.64 443
47 P 47.14 26.63 419
48 P 46.69 26.71 597
49 P 46.84 26.73 116
50 P 47.61 26.85 507
51 P 45.26 26.89 509
52 P 47.02 26.75 419
53 P 45.83 26.77 522
54 P 45.89 26.76 1272
55 P 46.03 26.77 135
56 P 48.08 26.61 280
57 P 46.52 26.50 357
58 P 46.76 26.60 530
59 P 46.71 26.64 433
60 P 45.68 26.56 420
61 P 45.29 26.65 515
62 P 47.00 26.64 452
63 P 46.63 26.63 451
64 P 45.52 26.66 509
65 P 45.83 26.71 462
66 P 45.45 26.66 439
67 P 46.02 26.65 501
68 P 46.16 26.75 514
69 P 46.91 26.80 468
70 P 46.11 26.71 519
71 P 46.71 26.69 545
72 P 45.66 26.93 721
73 P 46.39 26.95 121
74 P 46.96 26.76 502
75 P 46.38 26.85 494
76 P 44.77 26.85 483
77 P 45.89 26.91 576
78 P 45.91 26.90 368
79 P 46.10 26.90 119
80 P 46.56 26.78 383
81 P 47.93 26.80 384
82 P 45.43 26.90 578
83 P 47.21 26.87 386
84 P 46.90 26.84 413
85 P 44.87 26.94 497
86 P 47.95 26.98 432
87 P 45.47 26.87 430
88 P 46.57 26.94 489
89 P 46.42 27.00 354
90 P 46.69 26.98 369
91 P 45.32 27.05 515
92 P 46.37 27.07 550
93 P 45.10 27.13 555
94 P 46.71 27.15 524
95 P 46.00 27.00 552
96 P 45.61 27.26 777
97 P 45.87 27.26 130
98 P 44.79 27.04 558
99 P 44.81 27.09 605
100 P 46.19 27.05 628
101 P 45.31 26.93 777
102 P 46.08 27.07 759
103 P 43.15 27.08 201
104 P 46.07 27.11 630
105 P 44.29 27.19 818
106 P 45.22 27.20 626
107 P 44.88 27.15 656
108 P 45.49 27.09 590
109 P 46.58 27.41 1265
110 P 46.64 27.31 476
111 P 45.92 27.37 596
112 P 45.10 27.31 418
113 P 46.13 27.24 389
114 P 45.94 27.19 443
115 P 46.61 27.29 472
116 P 46.07 27.24 474
117 P 46.23 27.23 491
118 P 46.66 27.19 470
119 P 46.43 27.10 453
120 P 46.54 27.09 432
121 P 46.60 27.05 398
122 P 46.63 26.95 383
123 P 47.58 27.00 460
124 P 45.32 27.14 489
125 P 47.51 27.20 126
126 P 46.92 27.24 383
127 P 46.98 27.22 336
128 P 45.99 27.26 435
129 P 46.58 27.24 314
130 P 45.98 27.29 385
131 P 45.54 27.35 146
132 P 46.08 27.24 373
133 P 46.51 27.35 572
134 P 46.05 27.29 369
135 P 46.83 27.28 370
136 P 47.34 27.26 327
137 P 47.04 27.33 286
138 P 47.53 27.40 320
139 P 45.87 27.37 266
140 P 46.88 27.36 320
141 P 46.83 27.37 312
142 P 46.54 27.53 433
143 P 43.10 27.55 128
144 P 46.38 27.44 243
145 P 46.26 27.43 266
146 P 44.10 27.42 245
147 P 45.33 27.40 376
148 P 46.39 27.49 352
149 P 42.00 27.56 105
150 P 46.68 27.55 261
151 P 47.54 27.54 248
152 P 45.60 27.58 370
153 P 46.72 27.57 305
154 P 44.35 27.64 423
155 P 45.46 27.69 141
156 P 46.05 27.62 361
157 P 45.83 27.70 618
158 P 43.64 27.71 394
159 P 45.59 27.69 413
160 P 45.62 27.65 418
161 P 45.07 27.61 459
162 P 44.89 27.69 409
163 P 44.12 27.76 1335
164 P 44.83 27.70 439
165 P 43.30 27.73 407
166 P 44.37 27.97 827
167 P 41.85 27.95 72
168 P 44.00 27.88 461
169 P 45.19 27.87 452
170 P 44.88 27.84 511
171 P 45.99 27.90 745
172 P 44.33 27.99 618
173 P 44.28 27.95 170
174 P 45.21 27.88 534
175 P 44.48 27.83 458
176 P 45.04 27.92 720
177 P 44.59 27.94 536
178 P 44.57 28.03 625
179 P 44.01 28.07 151
180 P 45.22 28.03 428
181 P 44.25 27.99 532
182 P 44.48 27.93 390
183 P 44.31 28.00 464
184 P 44.38 28.01 414
185 P 45.34 27.96 395
186 P 44.51 27.92 438
187 P 44.81 28.04 513
188 P 44.83 27.97 423
189 P 43.59 27.91 396
190 P 44.50 28.00 674
191 P 43.02 28.11 124
192 P 43.89 28.03 363
193 P 44.31 28.02 455
194 P 44.93 27.99 417
195 P 43.56 28.10 612
196 P 44.89 28.09 457
197 P 44.51 28.06 158
198 P 44.03 28.10 499
199 P 44.44 28.04 451
200 P 43.77 28.19 628
201 P 43.96 28.11 407
202 P 44.11 28.09 506
203 P 43.03 28.11 237
204 P 44.09 28.12 575
205 P 44.76 28.07 464
206 P 45.03 28.10 426
207 P 43.25 28.11 416
208 P 44.76 28.18 441
209 P 44.27 28.09 313
210 P 43.24 28.59 1185
211 P 45.47 28.53 432
212 P 45.51 28.56 517
213 P 45.08 28.58 605
214 P 42.91 28.73 1014
215 P 42.64 28.71 110
216 P 44.15 28.65 659
217 P 44.39 28.53 581
218 P 45.08 28.59 639
219 P 44.27 28.56 754
220 P 44.31 28.64 550
221 P 42.71 28.67 67
222 P 46.13 28.58 492
223 P 44.45 28.55 627
224 P 44.04 28.53 818
225 P 44.62 28.58 679
226 P 43.69 28.63 829
227 P 44.32 28.60 159
228 P 43.36 28.66 959
229 P 43.63 28.57 634
230 P 43.43 28.53 614
231 P 45.13 28.41 487
232 P 43.22 28.43 552
233 P 44.14 28.46 494
234 P 44.02 28.45 458
235 P 43.17 28.42 461
236 P 43.98 28.39 468
237 P 43.50 28.30 457
238 P 43.41 28.42 841
239 P 43.68 28.41 163
240 P 44.72 28.32 616
241 P 43.75 28.31 689
242 P 44.87 28.23 598
243 P 44.66 28.27 873
244 P 43.41 28.33 564
245 P 43.97 28.31 140
246 P 43.78 28.25 515
247 P 43.85 28.27 705
248 P 44.28 28.28 543
249 P 43.96 28.26 503
250 P 44.24 28.24 502
251 P 44.15 28.20 146
252 P 44.55 28.20 596
253 P 44.49 28.13 446
254 P 44.17 28.07 440
255 P 46.24 27.81 371
% Nframe | type | QP | PSNR | size (Bytes) 
25 P 48.08 28.20 1027
26 P 48.31 27.74 857
27 P 48.70 27.75 1092
28 P 49.29 26.60 772
29 P 49.87 25.90 584
30 P 50.32 25.95 322
31 P 50.50 26.42 424
32 P 49.97 26.29 545
33 P 49.89 26.25 724
34 P 50.68 26.02 590
35 P 50.68 26.14 428
36 P 50.25 26.09 523
37 P 50.20 26.27 632
38 P 50.97 26.29 358
39 P 51.00 26.07 308
40 P 51.00 25.88 335
41 P 51.00 25.75 220
42 P 51.00 25.72 211
43 P 51.00 25.61 163
44 P 51.00 25.68 147
45 P 51.00 25.69 175
46 P 51.00 25.76 225
47 P 51.00 25.70 241
48 P 50.99 25.34 256
49 P 51.00 25.23 319
50 P 50.92 25.22 306
51 P 50.98 25.07 325
52 P 50.69 25.25 354
53 P 50.98 25.07 288
54 P 50.87 25.27 370
55 P 50.98 25.16 303
56 P 50.91 25.20 266
57 P 50.92 25.41 313
58 P 50.99 25.23 230
59 P 50.55 25.21 258
60 P 50.82 25.19 308
61 P 50.87 25.27 298
62 P 50.90 25.25 308
63 P 50.97 25.18 280
64 P 50.62 25.31 278
65 P 50.57 25.23 159
66 P 50.99 25.21 128
67 P 50.92 25.27 105
68 P 50.30 25.27 130
69 P 50.40 25.38 145
70 P 50.51 25.49 148
71 P 50.41 25.62 193
72 P 50.56 25.76 169
73 P 49.75 25.75 154
74 P 49.77 25.82 193
75 P 50.80 25.82 176
76 P 50.44 25.82 213
77 P 50.32 25.93 216
78 P 50.78 25.95 237
79 P 49.85 25.98 213
80 P 49.17 25.97 252
81 P 49.83 26.03 154
82 P 47.93 26.15 96
83 P 50.35 26.28 98
84 P 49.06 26.49 93
85 P 48.24 26.64 76
86 P 48.14 26.71 63
87 P 47.02 26.75 125
88 P 50.11 26.73 177
89 P 49.48 26.75 176
90 P 48.85 26.76 179
91 P 49.24 26.86 187
92 P 48.49 26.79 128
93 P 50.01 26.80 151
94 P 48.20 26.93 146
95 P 48.54 26.95 165
96 P 46.68 27.02 175
97 P 46.38 27.20 242
98 P 47.78 27.33 276
99 P 48.75 27.47 250
100 P 48.01 27.53 235
101 P 47.65 27.66 266
102 P 46.93 27.70 258
103 P 47.75 27.65 174
104 P 47.20 27.69 202
105 P 47.29 27.73 162
106 P 45.73 27.70 123
107 P 46.73 27.89 182
108 P 46.82 27.98 129
109 P 46.28 28.02 87
110 P 45.78 28.07 125
111 P 46.42 28.07 97
112 P 47.08 28.18 160
113 P 45.58 28.24 165
114 P 46.41 28.28 114
115 P 45.34 28.33 112
116 P 43.48 28.47 67
117 P 42.94 28.65 72
118 P 41.64 28.79 32
119 P 42.14 28.91 75
120 P 46.27 28.96 69
121 P 43.44 28.98 106
122 P 44.78 29.03 147
123 P 44.43 28.99 117
124 P 46.75 29.10 145
125 P 45.59 29.18 133
126 P 43.60 29.21 144
127 P 41.86 29.33 155
128 P 42.70 29.38 117
129 P 41.93 29.44 166
130 P 44.38 29.51 135
131 P 42.99 29.66 214
132 P 41.91 29.72 155
133 P 43.01 29.76 108
134 P 40.91 29.83 138
135 P 40.68 29.89 153
136 P 40.96 29.92 149
137 P 41.26 29.92 160
138 P 38.85 29.99 186
139 P 42.28 30.10 217
140 P 40.65 30.22 179
141 P 41.24 30.32 138
142 P 40.41 30.43 162
143 P 38.65 30.49 93
144 P 38.36 30.55 115
145 P 38.53 30.62 122
146 P 40.09 30.66 88
147 P 38.11 30.68 106
148 P 40.15 30.72 88
149 P 39.94 30.72 104
150 P 41.36 30.78 164
151 P 39.99 30.80 216
152 P 41.48 30.85 236
153 P 38.16 30.93 277
154 P 39.41 30.98 230
155 P 38.58 31.10 219
156 P 38.73 31.18 200
157 P 40.62 31.27 150
158 P 37.83 31.59 282
159 P 38.82 31.69 115
160 P 39.95 31.81 186
161 P 38.58 31.81 154
162 P 38.35 31.89 173
163 P 37.82 31.97 167
164 P 40.88 32.04 111
165 P 38.23 32.08 113
166 P 38.66 32.09 76
167 P 39.43 32.12 108
168 P 40.20 32.17 126
169 P 38.18 32.19 134
170 P 39.66 32.24 74
171 P 35.89 32.30 97
172 P 36.73 32.32 53
173 P 39.36 32.39 122
174 P 38.36 32.37 109
175 P 39.92 32.35 126
176 P 37.14 32.32 176
177 P 37.82 32.36 178
178 P 38.23 32.35 87
179 P 36.58 32.36 76
180 P 38.86 32.38 92
181 P 39.14 32.41 155
182 P 38.06 32.46 176
183 P 37.70 32.48 215
184 P 38.33 32.52 120
185 P 37.56 32.60 118
186 P 38.92 32.66 94
187 P 39.60 32.75 109
188 P 39.26 32.72 93
189 P 38.86 32.64 91
190 P 39.31 32.62 194
191 P 39.15 32.62 239
192 P 37.85 32.67 290
193 P 38.27 32.69 208
194 P 36.99 32.72 226
195 P 36.34 32.75 157
196 P 33.53 32.78 188
197 P 37.21 32.79 136
198 P 38.57 32.80 117
199 P 37.15 32.78 108
200 P 39.30 32.80 179
201 P 38.45 32.77 166
202 P 37.84 32.84 271
203 P 37.32 32.81 246
204 P 38.44 32.82 318
205 P 38.08 32.89 348
206 P 38.27 32.88 349
207 P 37.49 32.93 363
208 P 37.31 33.00 456
209 P 37.24 33.01 333
210 P 36.37 33.04 266
211 P 38.02 33.09 315
212 P 37.49 33.10 259
213 P 38.16 33.09 271
214 P 36.91 33.18 422
215 P 37.42 33.18 258
216 P 35.66 33.20 335
217 P 37.71 33.25 267
218 P 36.56 33.28 155
219 P 37.70 33.33 163
220 P 37.83 33.42 170
221 P 35.63 33.45 164
222 P 38.11 33.51 188
223 P 36.31 33.51 133
224 P 38.78 33.51 170
225 P 36.91 33.57 290
226 P 35.64 33.52 273
227 P 37.13 33.54 278
228 P 36.39 33.55 267
229 P 38.19 33.55 184
230 P 36.63 33.55 225
231 P 36.03 33.58 239
232 P 38.72 33.59 214
233 P 35.68 33.63 174
234 P 34.13 33.65 155
235 P 34.52 33.67 188
236 P 36.99 33.71 80
237 P 37.18 33.78 142
238 P 36.70 33.75 160
239 P 37.98 33.75 153
240 P 38.31 33.76 188
241 P 32.96 33.74 137
242 P 37.26 33.73 155
243 P 36.72 33.77 168
244 P 33.04 33.81 57
245 P 35.78 33.87 90
246 P 37.60 33.90 54
247 P 37.49 33.94 57
248 P 35.67 33.96 55
249 P 37.13 33.97 59
250 P 35.00 34.00 64
251 P 34.69 34.00 71
252 P 34.63 34.01 41
253 P 32.37 34.02 76
254 P 32.17 34.04 52
255 P 35.08 34.05 47
256 P 37.34 34.08 80
257 P 33.14 34.08 72
258 P 36.62 34.11 75
259 P 37.44 34.12 114
260 P 35.62 34.14 88
261 P 35.01 34.14 114
262 P 35.48 34.12 77
263 P 33.80 34.14 167
264 P 37.14 34.18 129
265 P 36.37 34.18 67
266 P 29.91 34.18 54
267 P 33.79 34.19 85
268 P 36.36 34.19 72
269 P 35.24 34.17 177
270 P 35.63 34.16 268
271 P 36.81 34.17 188
272 P 35.41 34.20 220
273 P 36.28 34.22 253
274 P 35.12 34.23 182
275 P 35.42 34.20 234
276 P 35.95 34.19 260
277 P 35.34 34.21 274
278 P 35.84 34.24 354
279 P 37.11 34.27 349
280 P 36.18 34.32 495
281 P 35.70 34.38 501
282 P 35.96 34.51 529
283 P 35.38 34.48 497
284 P 36.11 34.49 584
285 P 35.91 34.51 547
286 P 36.03 34.60 656
287 P 35.41 34.65 627
288 P 35.32 34.80 766
289 P 35.66 34.88 900
290 P 35.01 34.87 867
291 P 34.90 34.88 875
292 P 34.78 34.88 845
293 P 34.89 34.92 754
294 P 35.59 34.90 866
295 P 34.82 34.86 884
296 P 34.93 34.92 932
297 P 35.17 34.95 870
298 P 35.43 34.86 910
299 P 35.46 34.74 884
300 P 35.20 34.74 891
301 P 34.98 34.71 873
302 P 34.95 34.66 836
303 P 35.38 34.77 932
304 P 35.21 34.77 910
305 P 35.08 34.73 866
306 P 35.24 34.70 899
307 P 35.43 34.77 843
308 P 35.24 34.91 973
309 P 34.86 35.02 819
310 P 35.68 34.92 693
311 P 35.36 35.01 845
312 P 35.00 35.01 809
313 P 35.35 35.03 871
314 P 35.08 35.08 906
315 P 35.15 35.10 965
316 P 35.16 35.03 951
317 P 35.39 34.93 894
318 P 35.53 34.94 817
319 P 35.00 34.92 775
320 P 35.52 34.89 752
321 P 35.34 34.86 766
322 P 35.60 34.83 726
323 P 35.44 34.84 711
324 P 35.24 34.82 771
325 P 35.36 34.84 748
326 P 35.34 34.83 722
327 P 35.32 34.82 682
328 P 35.41 34.85 657
329 P 35.23 34.81 471
330 P 35.04 34.79 375
331 P 35.80 34.85 430
332 P 35.58 34.91 550
333 P 35.52 34.90 562
334 P 35.38 34.93 615
335 P 35.03 35.03 595
336 P 35.24 35.03 678
337 P 34.79 35.02 733
338 P 35.31 35.00 737
339 P 34.59 34.98 691
340 P 35.70 35.02 693
341 P 35.24 35.06 684
342 P 35.00 35.03 687
343 P 35.04 35.00 593
344 P 35.60 35.07 527
345 P 35.40 35.13 429
346 P 34.85 35.19 425
347 P 35.73 35.26 502
348 P 35.39 35.28 526
349 P 35.93 35.27 414
350 P 35.31 35.20 495
351 P 34.73 35.20 332
352 P 35.38 35.24 267
353 P 34.73 35.31 383
354 P 36.51 34.84 161
