% Nframe | type | QP | PSNR | size (Bytes) 
0 I 35.40 36.35 19383
1 P 38.57 35.92 547
2 P 39.68 35.69 1037
3 P 38.53 35.70 1529
4 P 38.97 35.82 1882
5 P 39.52 35.82 1896
6 P 38.28 35.79 1928
7 P 38.93 35.64 1850
8 P 38.96 35.42 1691
9 P 39.25 35.15 1647
10 P 39.25 35.46 1864
11 P 38.77 35.69 2112
12 P 41.72 34.46 901
13 P 44.35 33.03 811
14 P 42.53 33.50 1485
15 P 41.25 34.01 1067
16 P 39.75 34.94 1586
17 P 40.22 35.51 2227
18 P 38.86 35.70 2939
19 P 38.02 35.68 3462
20 P 36.78 35.29 3397
21 P 35.90 35.54 2823
22 P 35.07 36.07 3219
23 P 34.25 36.45 4976
24 P 33.09 36.71 4851
25 P 32.89 36.62 5369
26 P 32.85 36.70 5334
27 P 32.40 37.11 5003
28 P 32.42 37.33 4690
29 P 32.13 37.22 5788
30 P 32.71 37.07 6922
31 P 32.83 37.14 6914
32 P 32.55 37.32 6888
33 P 32.27 37.27 5739
34 P 32.15 37.21 7073
35 P 32.36 36.95 7249
36 P 32.44 36.91 6751
37 P 32.58 36.79 4759
38 P 32.87 37.01 3114
39 P 32.87 37.13 3919
40 P 32.74 37.13 4275
41 P 32.96 36.98 3774
42 P 33.33 36.84 3647
43 P 33.02 36.72 3320
44 P 33.76 36.63 3112
45 P 34.10 36.69 3304
46 P 34.67 36.54 2999
47 P 35.16 36.17 2863
48 P 35.97 36.03 2459
49 P 36.26 36.26 1981
50 P 35.53 36.46 2265
51 P 34.90 36.46 3001
52 P 35.46 36.30 3310
53 P 35.08 36.28 3034
54 P 35.28 36.26 3282
55 P 35.10 36.10 3571
56 P 35.16 36.11 3553
57 P 34.49 36.23 3612
58 P 34.59 36.56 3696
59 P 34.31 36.78 5095
60 P 34.19 36.97 6527
61 P 33.69 36.90 6236
62 P 33.84 36.63 5554
63 P 33.63 36.48 5893
64 P 33.81 36.40 5341
65 P 33.66 36.34 4710
66 P 33.54 36.49 4742
67 P 33.22 36.67 4700
68 P 33.51 36.71 4362
69 P 33.50 36.62 4538
70 P 33.64 36.52 5002
71 P 34.11 36.54 4896
72 P 34.56 36.42 4769
73 P 35.50 36.09 3976
74 P 34.78 36.04 3729
75 P 35.07 36.30 4412
76 P 34.69 36.57 5335
77 P 34.37 36.85 6616
78 P 34.04 37.02 6928
79 P 34.16 36.85 6658
80 P 34.37 36.58 7212
81 P 34.03 36.30 7450
82 P 34.13 36.08 7331
83 P 33.89 36.01 6548
84 P 33.63 36.14 6055
85 P 33.87 36.14 5496
86 P 33.57 36.24 5144
87 P 33.71 36.27 5052
88 P 34.06 36.22 5330
89 P 34.15 36.06 5212
90 P 35.29 35.90 4901
91 P 35.49 35.93 5068
92 P 35.34 35.90 4891
93 P 35.73 35.75 4626
94 P 35.57 35.72 3576
95 P 36.17 35.59 3434
96 P 35.99 35.54 3095
97 P 35.94 35.57 2767
98 P 36.22 35.52 3209
99 P 35.77 35.22 3307
100 P 36.13 35.01 3249
101 P 35.99 34.92 2910
102 P 36.66 35.01 2935
103 P 36.28 35.37 3518
104 P 36.66 35.36 4050
105 P 36.08 35.11 4163
106 P 36.79 35.23 3756
107 P 36.20 35.15 3619
108 P 36.12 35.13 3673
109 P 36.23 35.09 3764
110 P 35.87 35.23 3893
111 P 35.80 35.20 3816
112 P 36.11 35.21 3458
113 P 36.67 35.27 3208
114 P 36.18 35.38 2712
115 P 36.38 35.59 2675
116 P 36.48 35.67 2868
117 P 37.31 35.62 3142
118 P 36.85 35.68 3346
119 P 36.71 35.49 3630
120 P 37.80 35.36 3672
121 P 37.26 35.32 3607
122 P 36.73 35.36 3631
123 P 37.18 35.48 3046
124 P 37.54 35.57 2704
125 P 37.03 35.52 2940
126 P 37.16 35.38 2988
127 P 36.58 35.28 3530
128 P 36.59 35.59 4343
129 P 36.01 35.80 4350
130 P 35.80 36.08 4828
131 P 36.08 36.19 5123
132 P 35.73 35.95 4565
133 P 35.97 35.72 4602
134 P 36.30 35.61 3938
135 P 36.32 35.66 3587
136 P 36.26 35.56 3935
137 P 36.20 35.55 3769
138 P 36.48 35.44 3129
139 P 36.86 35.65 2330
140 P 37.15 35.76 2946
141 P 36.04 35.97 4145
142 P 36.09 36.04 4159
143 P 35.78 36.36 3989
144 P 35.46 36.62 4578
145 P 36.08 36.70 5134
146 P 36.41 36.75 5505
147 P 35.10 36.52 6825
148 P 35.17 36.17 7693
149 P 34.83 35.93 8345
150 P 34.54 35.93 8510
151 P 34.16 36.14 7641
152 P 34.07 36.46 6607
153 P 34.00 36.88 6846
154 P 34.28 37.06 6967
155 P 33.69 37.33 7457
156 P 33.53 37.42 7183
157 P 33.78 37.57 7933
158 P 33.66 37.94 10403
159 P 33.63 38.21 11617
160 P 33.81 38.32 11468
161 P 33.76 38.47 12037
162 P 33.66 39.04 10650
163 P 33.35 39.58 9910
164 P 32.98 40.22 9710
165 P 32.80 40.64 8081
166 P 32.63 40.94 8253
167 P 33.38 40.47 7377
168 P 33.42 40.72 7758
169 P 32.73 40.05 8094
170 P 33.22 39.85 9188
171 P 33.35 39.82 9949
172 P 33.68 39.39 10535
173 P 34.29 39.44 10616
174 P 36.26 38.62 11339
175 P 35.58 37.41 10231
176 P 35.86 36.54 6931
177 P 36.08 36.39 6655
178 P 36.22 35.86 6902
179 P 36.49 35.60 6938
180 P 36.55 35.35 6657
181 P 37.24 34.97 6824
182 P 37.48 34.79 6875
183 P 38.08 34.56 6863
184 P 38.05 34.01 6442
185 P 38.61 33.62 6480
186 P 38.46 33.18 6551
187 P 38.55 32.93 6762
188 P 38.54 32.75 5942
189 P 38.40 33.02 5884
190 P 38.47 32.96 5556
191 P 38.45 32.64 5782
192 P 38.96 32.40 5688
193 P 39.31 32.17 5702
194 P 39.29 32.03 5271
195 P 39.70 31.58 4914
196 P 39.88 31.20 5420
197 P 40.08 31.11 6277
198 P 40.15 30.83 4668
199 P 40.44 30.54 4790
200 P 40.66 30.26 5058
201 P 41.01 29.76 6032
202 P 41.00 29.23 7292
203 P 41.60 28.64 7573
204 P 41.67 28.07 7172
205 P 41.92 27.64 6354
206 P 42.00 27.56 4813
207 P 42.59 26.96 4613
208 P 42.80 26.75 3065
209 P 43.04 26.71 3340
210 P 42.81 26.70 2596
211 P 42.93 26.68 2621
212 P 42.69 26.88 3098
213 P 42.47 26.86 3117
214 P 42.62 26.80 2950
215 P 42.89 26.79 2914
216 P 42.88 26.72 3126
217 P 43.06 26.62 2105
218 P 43.13 26.59 1592
219 P 43.06 26.65 1253
220 P 43.17 26.71 733
221 P 43.08 26.75 615
222 P 43.43 26.75 392
223 P 43.00 26.85 524
224 P 42.36 26.85 383
225 P 43.74 26.95 350
226 P 43.04 26.94 566
227 P 43.87 26.88 681
228 P 43.54 26.90 1029
229 P 42.92 26.97 935
230 P 42.88 26.99 957
231 P 43.17 27.04 440
232 P 43.11 27.05 475
233 P 42.34 27.07 470
234 P 42.67 27.09 398
235 P 42.82 27.06 579
236 P 42.17 27.09 657
237 P 43.11 27.06 917
238 P 42.33 27.05 1016
239 P 42.87 27.06 1335
240 P 42.44 27.08 1725
241 P 42.57 27.09 1737
242 P 42.45 27.14 1914
243 P 41.88 27.17 1901
244 P 41.97 27.21 2241
245 P 42.03 27.23 1302
246 P 41.80 27.25 1193
247 P 44.61 27.05 362
% Nframe | type | QP | PSNR | size (Bytes) 
25 P 33.67 36.25 980
26 P 32.93 36.30 3150
27 P 36.43 36.27 2941
28 P 33.52 36.31 3250
29 P 35.54 36.42 3960
30 P 32.70 36.55 3464
31 P 33.16 36.58 1230
32 P 33.18 36.61 3657
33 P 32.34 36.62 3508
34 P 33.54 36.69 4965
35 P 32.89 36.65 4328
36 P 34.57 36.53 3992
37 P 33.40 36.64 5303
38 P 33.27 36.68 2026
39 P 30.91 36.68 6596
40 P 31.01 36.75 5208
41 P 32.66 36.82 5059
42 P 32.42 36.86 4806
43 P 30.70 36.97 5479
44 P 31.39 37.07 5104
45 P 31.78 37.14 4808
46 P 33.33 37.19 4640
47 P 34.17 37.14 4398
48 P 33.82 37.28 6437
49 P 33.28 37.27 1929
50 P 33.23 37.26 4498
51 P 33.62 37.24 4305
52 P 33.22 37.10 4102
53 P 33.69 36.98 4832
54 P 32.75 37.14 10551
55 P 33.47 37.09 1841
56 P 33.75 36.87 3936
57 P 33.29 36.75 3703
58 P 33.03 36.77 5239
59 P 34.70 36.84 4381
60 P 34.22 36.77 4146
61 P 33.94 36.89 4594
62 P 33.69 36.86 4995
63 P 34.17 36.86 4607
64 P 33.71 36.87 4633
65 P 34.14 36.85 4350
66 P 34.43 36.70 3941
67 P 34.83 36.72 4485
68 P 34.26 36.75 4638
69 P 34.45 36.71 4428
70 P 34.32 36.66 4607
71 P 34.79 36.62 4781
72 P 34.22 36.87 6594
73 P 34.46 36.85 1465
74 P 34.21 36.66 4575
75 P 34.22 36.70 4195
76 P 34.71 36.63 4095
77 P 34.38 36.65 4941
78 P 35.18 36.76 4183
79 P 35.41 36.75 1507
80 P 35.30 36.59 4055
81 P 35.72 36.58 3550
82 P 35.60 36.61 4863
83 P 35.49 36.55 3584
84 P 36.04 36.58 3591
85 P 35.12 36.59 3955
86 P 35.32 36.58 3632
87 P 35.18 36.61 3777
88 P 35.65 36.64 4133
89 P 35.79 36.61 3306
90 P 35.49 36.62 3346
91 P 35.16 36.65 4033
92 P 34.97 36.67 4025
93 P 34.63 36.65 4079
94 P 33.63 36.63 4084
95 P 34.40 36.62 3997
96 P 33.42 36.80 6122
97 P 34.67 36.83 1407
98 P 34.33 36.77 4415
99 P 35.05 36.78 4902
100 P 34.46 36.67 4700
101 P 34.60 36.72 6137
102 P 34.28 36.73 5918
103 P 35.47 36.74 2019
104 P 34.96 36.65 4432
105 P 33.44 36.81 6026
106 P 33.89 36.83 4954
107 P 34.75 36.75 5087
108 P 34.76 36.71 4759
109 P 35.37 36.94 9049
110 P 35.49 36.87 4466
111 P 34.80 36.85 4682
112 P 34.70 36.87 3998
113 P 35.13 36.83 3742
114 P 34.64 36.77 3890
115 P 35.02 36.83 3890
116 P 34.80 36.80 4311
117 P 34.67 36.78 4458
118 P 34.74 36.73 4297
119 P 34.78 36.67 4145
120 P 34.92 36.68 3907
121 P 34.45 36.63 3732
122 P 35.14 36.59 3579
123 P 34.78 36.64 4139
124 P 35.03 36.72 3979
125 P 35.25 36.72 1301
126 P 35.54 36.71 3130
127 P 35.09 36.68 3200
128 P 35.00 36.72 3780
129 P 35.41 36.69 3105
130 P 34.85 36.79 3764
131 P 35.69 36.81 1430
132 P 36.06 36.73 3848
133 P 34.99 36.76 4679
134 P 35.15 36.69 3583
135 P 35.72 36.68 3672
136 P 35.46 36.68 3385
137 P 35.68 36.69 3041
138 P 35.77 36.74 3007
139 P 35.34 36.72 3051
140 P 35.61 36.79 2995
141 P 35.16 36.76 3129
142 P 35.71 36.84 4243
143 P 35.25 36.85 1635
144 P 34.91 36.82 3312
145 P 35.15 36.82 2799
146 P 35.32 36.72 2603
147 P 35.46 36.71 3530
148 P 35.03 36.80 3197
149 P 35.95 36.84 956
150 P 34.61 36.80 2797
151 P 34.62 36.79 2816
152 P 34.79 36.85 3731
153 P 34.37 36.84 3495
154 P 34.77 36.91 3511
155 P 34.92 36.92 1473
156 P 34.46 36.83 3239
157 P 34.92 36.88 4833
158 P 34.66 36.92 3644
159 P 34.81 36.91 3721
160 P 34.15 36.89 3704
161 P 33.96 36.89 3976
162 P 34.40 36.88 3189
163 P 34.44 36.95 8992
164 P 34.11 36.85 4158
165 P 34.31 36.82 3794
166 P 34.13 36.97 5599
167 P 34.32 37.00 1242
168 P 34.35 36.92 4068
169 P 34.13 36.90 4191
170 P 34.22 36.89 4470
171 P 34.65 36.86 5726
172 P 34.26 36.90 4673
173 P 33.77 36.88 2370
174 P 34.29 36.83 4748
175 P 34.79 36.80 4410
176 P 34.53 36.88 6000
177 P 34.38 36.88 4567
178 P 34.11 36.96 5122
179 P 33.83 36.97 1635
180 P 34.30 36.89 4041
181 P 33.83 36.88 4920
182 P 34.10 36.85 3855
183 P 34.06 36.88 3835
184 P 34.06 36.90 3821
185 P 34.05 36.96 4234
186 P 34.03 36.94 4295
187 P 33.93 36.97 4192
188 P 33.95 36.93 4258
189 P 34.24 36.86 3754
190 P 33.39 36.91 5416
191 P 33.76 36.93 1486
192 P 33.86 36.87 3740
193 P 34.15 36.88 3994
194 P 33.74 36.87 3922
195 P 33.81 36.89 4960
196 P 33.40 36.96 4753
197 P 33.72 36.95 1864
198 P 33.86 36.91 3992
199 P 33.76 36.90 4020
200 P 34.25 36.92 5227
201 P 34.04 36.92 4474
202 P 33.94 36.89 4636
203 P 33.62 36.92 2613
204 P 34.17 36.87 5388
205 P 34.33 36.81 5004
206 P 34.31 36.87 3979
207 P 34.52 36.86 3757
208 P 34.16 36.85 3828
209 P 34.49 36.79 3308
210 P 34.76 37.28 6795
211 P 34.42 37.20 3073
212 P 34.13 37.21 3598
213 P 34.38 37.20 3685
214 P 33.67 37.36 5819
215 P 34.75 37.34 1116
216 P 33.98 37.26 4064
217 P 33.85 37.24 4020
218 P 33.90 37.19 3639
219 P 33.69 37.23 4914
220 P 33.15 37.30 3981
221 P 34.56 37.34 1041
222 P 34.17 37.30 3749
223 P 34.27 37.26 4201
224 P 33.84 37.31 5343
225 P 34.35 37.32 4560
226 P 34.10 37.38 4892
227 P 33.85 37.35 1483
228 P 33.37 37.28 5564
229 P 33.91 37.33 4388
230 P 33.56 37.33 3884
231 P 33.49 37.28 3752
232 P 33.51 37.26 3719
233 P 33.19 37.32 3580
234 P 33.75 37.30 3231
235 P 33.08 37.28 3499
236 P 33.77 37.30 3622
237 P 33.70 37.25 3619
238 P 33.02 37.27 5503
239 P 34.11 37.30 1572
240 P 33.59 37.21 4144
241 P 33.91 37.20 4331
242 P 34.28 37.19 3898
243 P 33.64 37.24 5330
244 P 33.09 37.29 3864
245 P 34.44 37.32 1280
246 P 33.92 37.28 3517
247 P 33.63 37.22 4523
248 P 33.31 37.21 3668
249 P 33.65 37.16 3557
250 P 33.73 37.14 3815
251 P 34.47 37.18 1353
252 P 33.99 37.09 4327
253 P 34.12 37.07 3708
254 P 33.97 37.08 3695
255 P 33.88 36.77 2979
% Nframe | type | QP | PSNR | size (Bytes) 
25 P 34.10 40.27 7094
26 P 34.59 39.81 6960
27 P 34.77 39.10 6772
28 P 35.91 37.95 6395
29 P 37.54 36.12 5875
30 P 37.74 35.82 3805
31 P 36.59 36.37 4035
32 P 37.17 36.65 4685
33 P 37.07 36.67 4165
34 P 36.39 36.77 3878
35 P 36.49 36.61 3198
36 P 36.71 36.68 2963
37 P 36.50 36.41 2590
38 P 37.16 36.29 2744
39 P 37.99 35.89 2728
40 P 39.23 35.36 2477
41 P 39.56 34.98 2564
42 P 39.86 34.71 2010
43 P 40.34 34.42 2145
44 P 40.16 34.50 2170
45 P 39.88 34.87 2409
46 P 39.87 34.90 2602
47 P 39.80 34.97 2509
48 P 39.34 35.31 2586
49 P 39.40 35.25 2680
50 P 39.46 35.19 3044
51 P 39.65 34.91 3074
52 P 39.37 34.80 3057
53 P 39.19 34.82 3111
54 P 39.03 35.10 3000
55 P 38.48 35.40 2412
56 P 38.25 35.54 1793
57 P 38.42 35.53 2010
58 P 38.11 35.38 1840
59 P 38.22 35.41 2072
60 P 38.07 35.34 2200
61 P 37.97 35.44 2097
62 P 38.10 35.45 2331
63 P 38.09 35.35 2334
64 P 38.33 35.31 2639
65 P 38.30 34.96 2263
66 P 38.46 34.88 2019
67 P 38.17 35.00 1573
68 P 38.17 35.25 2131
69 P 38.12 35.24 2208
70 P 37.99 35.46 2515
71 P 37.81 35.44 3099
72 P 37.78 35.42 3332
73 P 37.49 35.25 3118
74 P 37.46 35.17 3009
75 P 37.19 35.28 2845
76 P 36.88 35.37 2617
77 P 36.41 35.56 2486
78 P 36.88 35.68 2341
79 P 36.01 35.71 2538
80 P 36.17 35.41 2649
81 P 36.36 35.37 2269
82 P 36.45 35.39 1541
83 P 36.35 35.66 1707
84 P 36.31 35.77 1652
85 P 36.74 35.87 1794
86 P 36.53 36.06 2081
87 P 36.40 36.15 2386
88 P 35.93 36.23 2597
89 P 36.47 36.18 2440
90 P 35.94 36.03 2987
91 P 36.05 35.80 3046
92 P 36.01 35.70 3301
93 P 35.76 35.57 3223
94 P 35.39 35.61 3114
95 P 34.96 35.73 3143
96 P 35.22 35.79 2379
97 P 34.90 35.94 2742
98 P 34.77 36.19 2412
99 P 35.04 36.31 2011
100 P 34.74 36.35 2277
101 P 34.62 36.34 2347
102 P 34.69 36.30 1967
103 P 34.74 36.30 1926
104 P 35.16 36.21 1881
105 P 34.81 36.12 1989
106 P 34.85 36.03 2250
107 P 35.00 35.97 1750
108 P 34.64 36.10 1422
109 P 34.51 36.11 1715
110 P 34.60 36.12 1943
111 P 34.65 36.25 1899
112 P 34.43 36.38 1654
113 P 34.15 36.39 1668
114 P 34.45 36.31 1855
115 P 34.10 36.31 1834
116 P 34.32 36.42 1599
117 P 34.04 36.57 1736
118 P 33.52 36.69 1573
119 P 33.05 36.74 1687
120 P 33.39 36.84 1956
121 P 33.19 36.88 1899
122 P 32.90 36.96 2376
123 P 33.26 36.85 2089
124 P 33.16 36.84 2676
125 P 32.95 36.90 2879
126 P 32.99 36.89 2441
127 P 32.85 36.97 2466
128 P 32.71 37.04 2403
129 P 32.42 37.07 2631
130 P 32.25 37.15 2540
131 P 31.72 37.19 2539
132 P 32.36 37.19 2393
133 P 31.86 37.23 2210
134 P 31.81 37.32 2267
135 P 31.54 37.43 2376
136 P 31.82 37.51 2014
137 P 31.82 37.52 2034
138 P 32.15 37.50 1978
139 P 31.73 37.51 2103
140 P 31.94 37.57 1510
141 P 31.72 37.65 1675
142 P 32.01 37.71 1693
143 P 32.08 37.73 1764
144 P 31.77 37.74 1928
145 P 31.57 37.79 1780
146 P 31.38 37.83 1796
147 P 31.65 37.85 1524
148 P 31.11 37.86 1811
149 P 31.19 37.91 1955
150 P 31.01 37.96 2300
151 P 31.35 38.07 2401
152 P 30.84 38.13 2488
153 P 30.78 38.10 2613
154 P 30.56 38.10 2978
155 P 30.70 38.13 2748
156 P 30.21 38.20 2610
157 P 29.84 38.25 2515
158 P 29.38 38.28 2723
159 P 28.91 38.39 2519
160 P 28.99 38.50 2622
161 P 29.47 38.51 2776
162 P 28.97 38.63 2161
163 P 29.15 38.63 2091
164 P 29.65 38.66 2100
165 P 29.28 38.68 2110
166 P 29.62 38.71 2070
167 P 29.80 38.73 2091
168 P 29.58 38.77 2526
169 P 29.26 38.77 2240
170 P 29.98 38.83 1823
171 P 29.39 38.90 1778
172 P 29.95 38.93 1907
173 P 29.49 38.96 2228
174 P 29.52 39.00 2174
175 P 29.01 39.04 2334
176 P 28.91 39.05 2795
177 P 29.13 39.06 2743
178 P 28.61 39.10 2001
179 P 29.03 39.13 1944
180 P 29.06 39.15 2352
181 P 28.88 39.21 2377
182 P 28.52 39.24 2441
183 P 28.76 39.26 2536
184 P 28.27 39.32 2628
185 P 28.49 39.39 2155
186 P 27.92 39.45 2028
187 P 27.96 39.50 2498
188 P 27.94 39.58 2182
189 P 28.05 39.55 2504
190 P 28.00 39.59 3159
191 P 28.03 39.59 3820
192 P 27.97 39.59 4197
193 P 27.83 39.57 4121
194 P 27.85 39.62 4116
195 P 27.68 39.65 3649
196 P 27.84 39.70 3547
197 P 27.71 39.79 2665
198 P 27.16 39.82 3253
199 P 27.62 39.86 3285
200 P 27.62 39.86 3481
201 P 27.74 39.95 3186
202 P 27.47 40.01 3264
203 P 27.21 40.04 3473
204 P 27.64 40.06 3276
205 P 27.58 40.11 3348
206 P 27.58 40.14 3260
207 P 27.51 40.15 3626
208 P 27.71 40.11 3748
209 P 27.78 40.05 3900
210 P 27.65 40.08 3630
211 P 27.49 40.12 3573
212 P 27.40 40.16 3161
213 P 27.47 40.18 4194
214 P 27.32 40.25 4208
215 P 27.27 40.24 3759
216 P 27.52 40.26 3319
217 P 27.27 40.25 3642
218 P 27.38 40.29 2803
219 P 27.52 40.33 2859
220 P 27.20 40.38 3213
221 P 27.40 40.33 3270
222 P 27.28 40.32 3513
223 P 27.13 40.32 3485
224 P 27.09 40.38 3650
225 P 27.21 40.36 3601
226 P 27.26 40.42 3743
227 P 27.26 40.42 3424
228 P 26.80 40.40 3687
229 P 27.18 40.39 3797
230 P 27.10 40.40 3955
231 P 26.86 40.46 3544
232 P 26.75 40.49 3755
233 P 27.13 40.49 3354
234 P 26.97 40.50 3369
235 P 27.04 40.53 2875
236 P 26.92 40.54 2509
237 P 26.72 40.56 3404
238 P 27.01 40.50 3497
239 P 26.65 40.53 4138
240 P 26.85 40.53 4239
241 P 26.90 40.54 2972
242 P 26.47 40.60 3228
243 P 26.93 40.59 2993
244 P 26.94 40.62 2512
245 P 26.77 40.63 2622
246 P 27.01 40.64 2424
247 P 26.89 40.65 2232
248 P 26.89 40.67 2561
249 P 26.67 40.71 2477
250 P 26.55 40.71 2163
251 P 26.76 40.69 2204
252 P 26.76 40.71 2123
253 P 26.66 40.70 2598
254 P 26.76 40.69 2448
255 P 26.66 40.70 2493
256 P 26.62 40.73 2953
257 P 26.70 40.74 2605
258 P 26.58 40.75 2988
259 P 26.52 40.78 3063
260 P 26.60 40.78 3097
261 P 26.39 40.79 2995
262 P 26.32 40.81 3262
263 P 26.07 40.86 3247
264 P 26.09 40.89 3378
265 P 26.10 40.94 2857
266 P 26.11 40.90 3111
267 P 25.70 40.90 4029
268 P 25.44 40.97 3599
269 P 25.29 41.01 4132
270 P 25.65 40.97 4319
271 P 25.35 40.97 4605
272 P 25.45 41.00 4983
273 P 25.66 41.01 4734
274 P 25.23 41.03 5098
275 P 25.14 41.04 5010
276 P 25.21 41.02 5287
277 P 25.62 41.09 4844
278 P 25.43 41.14 5632
279 P 25.20 41.20 6144
280 P 25.33 41.20 7148
281 P 25.10 41.22 7877
282 P 25.19 41.25 8302
283 P 24.91 41.28 9005
284 P 25.04 41.22 9241
285 P 25.23 41.16 9212
286 P 25.54 41.22 9441
287 P 25.13 41.31 9757
288 P 25.53 41.43 11311
289 P 25.12 41.44 12020
290 P 25.21 41.42 11940
291 P 25.17 41.42 10878
292 P 25.58 41.37 11155
293 P 25.57 41.35 10856
294 P 25.97 41.33 11204
295 P 26.27 41.22 10404
296 P 26.06 41.17 10529
297 P 26.45 41.06 11273
298 P 26.64 40.92 10840
299 P 26.59 40.77 11027
300 P 26.98 40.64 9834
301 P 27.19 40.58 9866
302 P 27.50 40.35 9181
303 P 27.80 40.33 8739
304 P 27.73 40.23 8757
305 P 28.42 40.12 8875
306 P 28.21 39.94 8447
307 P 28.41 39.98 7614
308 P 28.37 40.19 7157
309 P 28.54 40.31 5391
310 P 28.27 40.25 4719
311 P 29.25 40.20 4936
312 P 29.14 40.17 5432
313 P 29.29 40.07 5572
314 P 29.42 40.07 6167
315 P 29.46 39.94 6208
316 P 29.53 39.84 6543
317 P 29.77 39.62 5893
318 P 29.64 39.55 5037
319 P 29.78 39.50 4370
320 P 30.01 39.43 4063
321 P 30.29 39.39 4548
322 P 30.07 39.30 4283
323 P 29.88 39.36 4101
324 P 30.22 39.34 4236
325 P 29.95 39.39 3671
326 P 30.21 39.33 3506
327 P 30.50 39.30 3248
328 P 30.33 39.24 3628
329 P 30.54 39.15 3299
330 P 30.26 39.16 3228
331 P 30.45 39.19 3053
332 P 30.37 39.29 3035
333 P 30.28 39.31 3237
334 P 30.22 39.35 3114
335 P 30.24 39.44 3525
336 P 30.26 39.43 3587
337 P 30.34 39.39 3417
338 P 30.19 39.38 3783
339 P 30.11 39.40 3672
340 P 30.02 39.38 3683
341 P 30.16 39.37 3649
342 P 30.13 39.27 3659
343 P 30.18 39.22 4121
344 P 30.20 39.22 3722
345 P 30.24 39.30 3842
346 P 30.04 39.33 3779
347 P 30.40 39.26 4206
348 P 30.12 39.33 4181
349 P 30.29 39.34 4280
350 P 30.21 39.32 3973
351 P 30.41 39.28 2811
352 P 30.44 39.38 2183
353 P 30.38 39.43 2713
354 P 31.69 39.02 1761
