% Nframe | type | QP | PSNR | size (Bytes) 
0 I 24.48 41.20 20659
1 P 26.21 40.67 1229
2 P 25.70 40.53 2194
3 P 26.85 40.59 2982
4 P 27.68 40.66 3415
5 P 26.90 40.75 3659
6 P 26.34 40.76 3455
7 P 26.91 40.66 3088
8 P 27.43 40.27 3022
9 P 27.70 40.17 3744
10 P 27.44 40.32 3604
11 P 27.50 40.46 4244
12 P 32.33 39.20 1518
13 P 30.07 39.30 2973
14 P 27.77 39.90 4608
15 P 25.31 40.46 3880
16 P 24.22 41.30 4863
17 P 23.01 41.83 7313
18 P 22.22 42.13 8070
19 P 21.47 42.15 9254
20 P 20.96 42.06 9585
21 P 20.62 42.41 8428
22 P 20.44 42.86 10009
23 P 20.06 43.14 12346
24 P 19.68 43.46 11979
25 P 19.61 43.41 13601
26 P 19.38 43.38 12827
27 P 19.22 43.63 11365
28 P 18.95 43.83 11436
29 P 19.21 43.58 12757
30 P 19.36 43.37 14559
31 P 19.69 43.36 14142
32 P 19.67 43.45 12585
33 P 19.82 43.46 10896
34 P 19.90 43.22 12378
35 P 20.39 42.92 12068
36 P 20.42 42.78 11234
37 P 21.02 42.62 8120
38 P 21.44 42.68 6590
39 P 21.30 42.70 7790
40 P 21.08 42.64 8026
41 P 21.40 42.47 7247
42 P 21.86 42.34 6587
43 P 22.14 42.29 6263
44 P 22.43 42.22 5811
45 P 22.73 42.28 6041
46 P 22.87 42.02 5910
47 P 23.44 41.68 5864
48 P 23.16 41.62 5060
49 P 23.41 41.84 3910
50 P 23.54 42.02 4405
51 P 23.69 41.96 5930
52 P 23.17 41.78 6366
53 P 23.49 41.79 5706
54 P 22.87 41.81 6221
55 P 22.98 41.74 6417
56 P 22.93 41.69 6364
57 P 22.74 41.74 6772
58 P 22.62 41.88 6950
59 P 22.63 42.09 8689
60 P 22.45 42.25 9856
61 P 21.98 42.27 9720
62 P 22.13 42.07 9173
63 P 22.24 41.99 9802
64 P 21.99 41.92 8908
65 P 21.93 41.94 8143
66 P 21.97 41.98 8307
67 P 21.95 42.10 7994
68 P 21.79 42.19 7500
69 P 21.76 42.09 8047
70 P 21.79 41.95 8880
71 P 21.82 41.96 8564
72 P 21.75 41.85 8646
73 P 22.34 41.68 7667
74 P 22.54 41.58 7443
75 P 22.38 41.76 8632
76 P 22.73 41.98 9534
77 P 22.59 42.25 10342
78 P 22.35 42.50 11210
79 P 22.17 42.36 10801
80 P 22.60 42.02 11679
81 P 22.57 41.83 12277
82 P 22.70 41.61 11926
83 P 22.32 41.59 10618
84 P 22.34 41.80 9957
85 P 22.21 41.94 9077
86 P 22.23 42.01 8156
87 P 22.31 41.99 8467
88 P 22.64 41.92 8429
89 P 22.62 41.80 8485
90 P 22.73 41.66 8328
91 P 22.99 41.58 9012
92 P 23.04 41.51 8756
93 P 23.39 41.46 8426
94 P 23.50 41.55 6610
95 P 23.76 41.45 6485
96 P 23.32 41.31 6053
97 P 23.69 41.38 5520
98 P 23.95 41.29 6140
99 P 23.87 41.08 6533
100 P 23.70 40.92 6711
101 P 23.90 40.92 6171
102 P 23.92 41.04 6131
103 P 23.74 41.31 7278
104 P 24.28 41.29 7728
105 P 24.15 41.06 7985
106 P 24.17 41.19 7036
107 P 24.20 41.16 6825
108 P 24.21 41.10 6717
109 P 24.21 41.08 6740
110 P 23.69 41.20 7110
111 P 23.47 41.23 7014
112 P 23.19 41.20 6279
113 P 23.84 41.25 6161
114 P 24.01 41.34 5364
115 P 24.50 41.44 5261
116 P 24.22 41.47 5888
117 P 24.30 41.41 6090
118 P 24.71 41.42 6525
119 P 24.39 41.31 7009
120 P 24.45 41.24 7018
121 P 24.97 41.18 6809
122 P 24.20 41.18 7002
123 P 24.16 41.31 5838
124 P 24.62 41.43 5418
125 P 24.32 41.37 5780
126 P 24.16 41.27 6449
127 P 23.83 41.14 6948
128 P 24.34 41.37 7836
129 P 24.06 41.74 8249
130 P 23.67 42.01 8446
131 P 24.10 42.08 8314
132 P 24.18 41.91 7853
133 P 23.74 41.76 8565
134 P 23.78 41.65 7339
135 P 24.02 41.65 6551
136 P 23.89 41.56 7005
137 P 23.29 41.61 6886
138 P 23.94 41.40 5977
139 P 23.25 41.56 5017
140 P 24.10 41.53 6768
141 P 23.96 41.64 7732
142 P 23.94 41.68 7925
143 P 23.92 42.03 7306
144 P 23.91 42.21 8534
145 P 23.63 42.30 8733
146 P 23.67 42.42 9154
147 P 23.39 42.38 10687
148 P 23.19 41.94 11811
149 P 23.40 41.72 12726
150 P 22.98 41.79 12844
151 P 22.60 42.04 12138
152 P 22.41 42.19 11339
153 P 22.38 42.41 11770
154 P 22.35 42.63 12065
155 P 22.38 42.86 12065
156 P 22.35 43.05 11539
157 P 22.25 43.22 11498
158 P 22.22 43.42 13172
159 P 22.41 43.73 15851
160 P 22.50 43.90 16317
161 P 22.38 44.15 16068
162 P 22.16 44.86 14115
163 P 21.76 45.65 12924
164 P 21.36 46.29 11228
165 P 20.84 46.99 9548
166 P 20.83 47.07 9584
167 P 20.82 46.98 9476
168 P 20.75 46.94 9359
169 P 20.81 46.42 10737
170 P 21.23 45.93 11989
171 P 21.60 45.70 13038
172 P 21.87 45.26 13621
173 P 22.16 45.10 13750
174 P 23.10 44.22 15667
175 P 23.46 43.45 12634
176 P 23.48 43.24 11105
177 P 23.54 42.91 10631
178 P 23.66 42.64 11371
179 P 23.73 42.26 11825
180 P 23.93 42.07 11700
181 P 24.15 41.70 12600
182 P 24.29 41.53 12611
183 P 24.40 41.28 11922
184 P 24.84 40.80 12570
185 P 25.19 40.47 13223
186 P 25.17 40.14 13529
187 P 25.38 39.90 12626
188 P 25.42 39.86 11423
189 P 25.34 40.13 10624
190 P 25.29 40.02 10814
191 P 25.60 39.68 11208
192 P 25.78 39.40 12172
193 P 25.99 39.13 12116
194 P 26.44 38.97 10857
195 P 26.56 38.71 10761
196 P 26.82 38.52 12756
197 P 26.83 38.36 13970
198 P 26.91 38.18 10957
199 P 27.15 38.02 12170
200 P 27.36 37.58 13142
201 P 27.54 37.06 16022
202 P 27.76 36.34 17576
203 P 27.95 35.58 19987
204 P 28.26 34.63 19973
205 P 28.37 34.12 17415
206 P 28.55 34.04 11825
207 P 28.83 33.46 14311
208 P 28.85 33.44 8272
209 P 29.15 33.45 6747
210 P 29.23 33.42 5882
211 P 29.34 33.39 5959
212 P 29.28 33.51 4559
213 P 29.36 33.49 4940
214 P 29.39 33.42 4992
215 P 29.57 33.39 4496
216 P 29.95 33.31 3728
217 P 30.10 33.20 3529
218 P 30.08 33.19 2891
219 P 30.00 33.18 2337
220 P 29.93 33.27 1621
221 P 30.05 33.26 1302
222 P 29.92 33.31 1196
223 P 30.47 33.35 1221
224 P 29.89 33.33 993
225 P 30.40 33.27 1820
226 P 30.17 33.24 2514
227 P 30.33 33.21 3081
228 P 29.92 33.21 3338
229 P 29.91 33.33 2862
230 P 29.83 33.37 3138
231 P 29.53 33.47 1501
232 P 29.65 33.48 1574
233 P 29.58 33.53 1570
234 P 29.39 33.58 1462
235 P 29.73 33.53 2398
236 P 29.48 33.60 2195
237 P 29.31 33.56 3058
238 P 29.38 33.56 2654
239 P 29.15 33.55 3943
240 P 29.32 33.50 4337
241 P 29.15 33.57 5124
242 P 29.21 33.61 4822
243 P 28.77 33.63 5478
244 P 28.91 33.73 5997
245 P 28.83 33.83 3967
246 P 28.63 33.85 4126
247 P 30.99 33.36 929
% Nframe | type | QP | PSNR | size (Bytes) 
25 P 18.61 44.34 5206
26 P 18.25 44.51 10218
27 P 18.09 44.42 9067
28 P 18.16 44.43 8483
29 P 17.98 44.52 10031
30 P 17.84 44.59 8254
31 P 17.42 44.61 4444
32 P 18.26 44.40 8045
33 P 18.76 44.27 7998
34 P 18.85 44.24 10607
35 P 19.14 44.08 9055
36 P 19.61 43.89 9023
37 P 19.64 43.95 10486
38 P 19.10 43.88 5279
39 P 18.26 43.69 11985
40 P 18.46 43.69 9872
41 P 19.16 43.75 9408
42 P 18.37 43.79 9009
43 P 19.15 43.89 9525
44 P 18.65 43.92 9505
45 P 19.54 43.94 9636
46 P 19.97 43.91 9123
47 P 19.89 43.82 8917
48 P 18.11 43.93 10848
49 P 19.16 43.92 5014
50 P 20.10 43.86 8931
51 P 19.91 43.78 8714
52 P 19.49 43.61 8513
53 P 20.40 43.45 9219
54 P 19.21 43.61 15515
55 P 19.15 43.64 4820
56 P 20.19 43.37 7994
57 P 19.85 43.31 7923
58 P 19.68 43.28 9782
59 P 19.42 43.23 8774
60 P 19.44 43.14 8526
61 P 19.87 43.18 8676
62 P 19.25 43.15 9450
63 P 19.01 43.19 9089
64 P 19.21 43.24 8820
65 P 19.60 43.22 8140
66 P 19.49 43.06 7654
67 P 20.34 43.10 8283
68 P 20.24 43.15 8438
69 P 19.75 43.11 8593
70 P 19.86 43.03 8538
71 P 20.05 42.93 8340
72 P 19.90 43.22 10772
73 P 19.65 43.24 4128
74 P 20.07 42.98 8373
75 P 20.32 43.00 8183
76 P 20.28 42.99 7939
77 P 21.05 42.99 8743
78 P 20.88 43.14 7623
79 P 19.97 43.11 3400
80 P 21.33 42.92 7392
81 P 21.30 42.86 6673
82 P 21.13 42.91 8496
83 P 21.58 42.96 6576
84 P 21.82 42.88 6614
85 P 21.36 42.94 7574
86 P 22.31 42.92 6683
87 P 22.23 42.88 6660
88 P 22.17 42.91 7026
89 P 22.76 42.88 6089
90 P 22.69 42.89 5939
91 P 22.46 42.91 6973
92 P 21.67 42.94 7590
93 P 21.99 42.96 7444
94 P 22.31 42.88 7294
95 P 21.64 42.83 7453
96 P 21.78 43.14 10005
97 P 20.86 43.10 3688
98 P 21.78 42.96 8216
99 P 21.82 42.96 9074
100 P 21.84 42.91 9065
101 P 21.86 42.91 10641
102 P 21.38 43.03 10483
103 P 20.70 43.03 4694
104 P 21.84 42.93 8578
105 P 20.80 43.08 10234
106 P 20.96 43.18 8795
107 P 22.14 43.11 8965
108 P 21.91 42.92 8269
109 P 22.49 43.30 14583
110 P 22.54 43.19 8772
111 P 22.49 43.22 8778
112 P 22.11 43.23 7643
113 P 22.57 43.13 7418
114 P 22.68 43.09 7409
115 P 22.40 43.20 7480
116 P 22.35 43.11 7920
117 P 22.35 43.04 7849
118 P 22.53 43.07 8206
119 P 22.54 42.99 7611
120 P 22.43 42.93 7026
121 P 22.71 42.94 7018
122 P 22.50 42.89 6701
123 P 23.00 42.99 7298
124 P 22.28 43.09 7035
125 P 22.13 43.07 3132
126 P 22.38 43.00 6031
127 P 22.63 42.97 6044
128 P 22.50 43.05 6831
129 P 22.56 43.09 6224
130 P 22.12 43.13 6858
131 P 22.03 43.11 3341
132 P 22.85 42.97 7053
133 P 22.80 42.97 8397
134 P 22.73 43.04 7186
135 P 22.73 43.02 6976
136 P 23.33 43.00 6595
137 P 23.13 43.10 6122
138 P 22.72 43.14 5928
139 P 22.79 43.15 6143
140 P 22.37 43.15 5801
141 P 22.21 43.18 6363
142 P 22.19 43.33 8178
143 P 22.02 43.31 4419
144 P 22.32 43.22 6816
145 P 22.14 43.25 5901
146 P 22.35 43.21 5569
147 P 22.90 43.18 6704
148 P 22.36 43.28 6652
149 P 21.46 43.34 2812
150 P 22.51 43.22 6089
151 P 22.51 43.20 6263
152 P 22.34 43.24 7974
153 P 22.31 43.17 7547
154 P 22.13 43.26 7616
155 P 21.89 43.23 3769
156 P 22.60 43.11 6775
157 P 22.39 43.21 9458
158 P 21.44 43.27 7460
159 P 21.60 43.17 7114
160 P 21.20 43.16 7562
161 P 21.43 43.20 7343
162 P 21.11 43.16 6309
163 P 21.08 43.23 13785
164 P 20.40 43.13 8200
165 P 20.73 43.09 7239
166 P 20.65 43.27 10045
167 P 20.15 43.31 3392
168 P 20.78 43.14 8015
169 P 20.93 43.14 8078
170 P 20.77 43.09 8384
171 P 21.17 43.08 10059
172 P 21.15 43.20 9240
173 P 21.10 43.11 5032
174 P 21.31 43.06 9071
175 P 21.39 43.02 8747
176 P 20.97 43.14 10722
177 P 21.11 43.09 8925
178 P 20.78 43.21 9152
179 P 20.33 43.21 3724
180 P 20.92 43.12 7747
181 P 21.12 43.19 8906
182 P 20.80 43.09 7070
183 P 20.76 43.11 7580
184 P 21.51 43.14 7572
185 P 20.75 43.09 8191
186 P 21.27 43.09 8460
187 P 20.61 43.15 8641
188 P 21.89 43.10 8526
189 P 21.49 43.02 7540
190 P 21.63 43.16 9676
191 P 20.23 43.21 3836
192 P 21.43 43.04 7400
193 P 21.57 43.09 7962
194 P 21.71 43.04 7672
195 P 21.89 43.10 9261
196 P 21.60 43.17 8777
197 P 21.56 43.19 4019
198 P 21.58 43.08 7916
199 P 21.94 43.02 7584
200 P 21.80 43.08 9518
201 P 21.68 43.04 8674
202 P 21.60 43.10 9262
203 P 21.88 43.09 5906
204 P 21.98 43.01 10057
205 P 22.37 43.01 9487
206 P 22.08 43.12 7779
207 P 22.40 43.10 7476
208 P 22.25 43.11 7367
209 P 21.87 42.98 6630
210 P 22.39 43.55 10965
211 P 21.79 43.46 6496
212 P 21.82 43.47 6764
213 P 21.84 43.45 7041
214 P 21.32 43.64 9968
215 P 21.10 43.63 3011
216 P 21.60 43.51 7349
217 P 21.49 43.49 7392
218 P 21.70 43.46 6585
219 P 21.33 43.42 7953
220 P 21.09 43.58 7144
221 P 20.93 43.60 2595
222 P 21.53 43.44 6902
223 P 21.68 43.38 7247
224 P 21.81 43.34 9054
225 P 22.03 43.36 8715
226 P 22.16 43.46 8904
227 P 21.87 43.40 3588
228 P 21.94 43.33 10069
229 P 21.54 43.39 8257
230 P 21.56 43.44 7531
231 P 21.43 43.40 7015
232 P 21.40 43.42 6947
233 P 21.58 43.44 6440
234 P 21.49 43.49 6363
235 P 21.39 43.46 6688
236 P 21.32 43.48 6986
237 P 21.91 43.34 6984
238 P 21.79 43.44 9753
239 P 21.28 43.43 3701
240 P 21.17 43.35 7784
241 P 21.66 43.29 7567
242 P 21.57 43.24 6752
243 P 21.48 43.32 8728
244 P 21.04 43.46 7142
245 P 21.08 43.50 2879
246 P 21.45 43.42 6275
247 P 21.76 43.42 7961
248 P 21.81 43.39 6386
249 P 21.85 43.39 6757
250 P 21.67 43.44 6774
251 P 21.24 43.43 2950
252 P 21.68 43.31 7728
253 P 21.97 43.26 6985
254 P 21.61 43.29 6444
255 P 23.51 42.84 4789
% Nframe | type | QP | PSNR | size (Bytes) 
25 P 20.10 46.28 11423
26 P 19.91 46.05 11562
27 P 20.16 45.37 12863
28 P 20.68 44.43 13631
29 P 21.60 42.37 14808
30 P 22.90 42.01 10104
31 P 22.96 42.60 9744
32 P 23.01 42.92 9016
33 P 23.34 43.17 7920
34 P 22.99 43.47 6905
35 P 22.72 43.68 5808
36 P 22.84 43.75 4817
37 P 22.82 43.93 4752
38 P 23.02 43.67 4916
39 P 24.16 43.01 5404
40 P 24.54 42.07 5405
41 P 25.04 41.47 5297
42 P 25.73 41.04 4926
43 P 25.16 40.57 5130
44 P 25.85 40.73 4172
45 P 26.48 40.98 3933
46 P 26.09 41.13 4029
47 P 25.60 41.33 3904
48 P 25.37 41.69 3823
49 P 25.62 41.61 4002
50 P 25.60 41.37 5059
51 P 25.63 40.93 6000
52 P 25.07 40.83 6941
53 P 24.92 40.87 6752
54 P 24.36 41.18 5872
55 P 24.14 41.40 4482
56 P 24.45 41.67 4294
57 P 23.97 41.65 4288
58 P 24.28 41.47 4300
59 P 23.83 41.57 4605
60 P 23.45 41.58 4996
61 P 23.52 41.77 4849
62 P 22.68 41.88 4765
63 P 23.31 41.75 5257
64 P 22.73 41.49 5860
65 P 22.98 41.15 5384
66 P 23.11 41.21 4370
67 P 23.46 41.36 3755
68 P 23.02 41.51 5003
69 P 22.92 41.39 6084
70 P 23.41 41.58 7243
71 P 22.65 41.59 9224
72 P 22.75 41.53 9016
73 P 22.27 41.48 9520
74 P 22.16 41.46 8714
75 P 21.90 41.66 7307
76 P 22.01 41.87 6976
77 P 21.84 42.04 5782
78 P 21.89 42.10 5825
79 P 21.47 42.07 6651
80 P 21.20 41.79 6961
81 P 21.37 41.82 5413
82 P 21.68 41.88 4336
83 P 21.73 41.91 4477
84 P 21.95 41.97 5023
85 P 21.86 41.93 5241
86 P 22.10 42.10 6253
87 P 22.30 42.10 6531
88 P 22.37 42.04 6935
89 P 21.78 42.00 7595
90 P 21.84 41.89 8265
91 P 21.84 41.71 8851
92 P 21.55 41.65 8235
93 P 21.44 41.61 7237
94 P 21.49 41.70 6715
95 P 21.10 41.82 6055
96 P 21.33 41.92 5384
97 P 21.21 42.09 5246
98 P 21.30 42.20 4874
99 P 21.30 42.34 4279
100 P 20.89 42.34 4729
101 P 20.86 42.28 4713
102 P 21.11 42.24 4666
103 P 21.02 42.13 4233
104 P 20.97 42.06 5061
105 P 21.00 42.03 4821
106 P 21.16 41.96 4953
107 P 21.02 42.01 4141
108 P 21.16 42.13 3264
109 P 21.26 42.11 3914
110 P 21.00 42.12 4194
111 P 20.86 42.20 3746
112 P 20.78 42.33 3650
113 P 20.84 42.33 4214
114 P 20.71 42.25 4715
115 P 20.74 42.25 4674
116 P 20.49 42.35 4182
117 P 20.58 42.44 4097
118 P 20.33 42.57 3755
119 P 20.75 42.64 4005
120 P 20.48 42.71 4155
121 P 20.27 42.70 4617
122 P 20.36 42.73 5509
123 P 20.44 42.70 6933
124 P 20.42 42.68 7301
125 P 19.90 42.76 7948
126 P 19.79 42.78 7189
127 P 19.77 42.81 6432
128 P 20.04 42.84 5437
129 P 19.60 42.94 6205
130 P 19.69 43.02 5284
131 P 19.28 43.09 6436
132 P 19.57 43.13 6777
133 P 19.43 43.17 5560
134 P 19.39 43.24 4890
135 P 19.29 43.27 4920
136 P 19.42 43.30 4130
137 P 19.50 43.27 4359
138 P 19.63 43.23 4628
139 P 19.30 43.28 5760
140 P 19.34 43.31 3488
141 P 19.46 43.44 3113
142 P 19.41 43.39 4750
143 P 19.23 43.37 5091
144 P 19.53 43.39 6342
145 P 19.09 43.46 4757
146 P 19.40 43.51 5075
147 P 18.99 43.54 4791
148 P 19.08 43.52 4803
149 P 18.84 43.45 5402
150 P 18.79 43.54 6456
151 P 19.23 43.61 5088
152 P 18.61 43.64 5423
153 P 18.28 43.68 6715
154 P 18.35 43.68 7662
155 P 18.41 43.76 6151
156 P 18.57 43.87 5363
157 P 18.42 43.88 6904
158 P 18.29 43.93 7542
159 P 18.37 43.93 5123
160 P 18.27 44.06 5407
161 P 18.15 44.02 6282
162 P 17.74 44.14 4151
163 P 17.92 44.17 4550
164 P 17.93 44.25 5103
165 P 17.98 44.16 4978
166 P 17.94 44.14 5323
167 P 17.71 44.14 5840
168 P 17.71 44.20 6430
169 P 17.89 44.17 5559
170 P 17.66 44.26 4991
171 P 17.56 44.32 5213
172 P 17.70 44.29 6127
173 P 17.53 44.24 6488
174 P 17.46 44.26 6330
175 P 17.40 44.32 6450
176 P 17.23 44.38 8663
177 P 17.10 44.43 7433
178 P 17.00 44.54 5478
179 P 17.27 44.56 5116
180 P 17.10 44.50 5982
181 P 17.04 44.49 7646
182 P 16.96 44.55 6605
183 P 17.02 44.62 6941
184 P 16.72 44.71 5794
185 P 16.87 44.80 4801
186 P 16.71 44.80 4282
187 P 16.70 44.90 5159
188 P 16.56 44.92 4299
189 P 16.87 44.72 5736
190 P 16.90 44.67 8129
191 P 16.87 44.59 9443
192 P 16.84 44.59 10184
193 P 16.91 44.62 9086
194 P 16.75 44.66 9193
195 P 16.78 44.69 7660
196 P 16.60 44.69 6977
197 P 16.62 44.83 6076
198 P 16.67 44.86 7542
199 P 16.61 44.80 7820
200 P 16.57 44.79 9222
201 P 16.55 44.79 8438
202 P 16.48 44.82 9044
203 P 16.64 44.85 8736
204 P 16.55 44.82 9166
205 P 16.64 44.84 8221
206 P 16.58 44.77 7835
207 P 16.63 44.82 9158
208 P 16.61 44.80 9885
209 P 16.55 44.75 10203
210 P 16.61 44.73 9315
211 P 16.65 44.80 9228
212 P 16.60 44.78 9028
213 P 16.70 44.75 10638
214 P 16.66 44.74 11875
215 P 16.66 44.72 10622
216 P 16.69 44.75 8976
217 P 16.75 44.83 9133
218 P 16.47 44.93 6055
219 P 16.65 44.90 5690
220 P 16.54 44.84 7791
221 P 16.78 44.78 8042
222 P 16.66 44.74 8293
223 P 16.72 44.74 9074
224 P 16.83 44.71 8340
225 P 16.86 44.68 9147
226 P 16.87 44.58 8354
227 P 16.90 44.58 8114
228 P 16.93 44.56 8644
229 P 16.97 44.54 9204
230 P 16.88 44.50 9072
231 P 16.91 44.53 8248
232 P 16.97 44.63 8389
233 P 16.90 44.63 7915
234 P 16.83 44.66 6471
235 P 16.85 44.72 5429
236 P 16.84 44.76 5613
237 P 16.73 44.77 6721
238 P 16.73 44.59 7602
239 P 17.05 44.59 9012
240 P 16.95 44.61 7317
241 P 16.78 44.67 5525
242 P 16.65 44.63 5726
243 P 16.73 44.65 6108
244 P 16.69 44.75 4394
245 P 17.00 44.79 4692
246 P 16.91 44.79 4499
247 P 17.03 44.80 4743
248 P 16.67 44.76 5571
249 P 16.88 44.79 5223
250 P 16.69 44.82 4005
251 P 16.62 44.83 4239
252 P 16.76 44.88 4675
253 P 16.94 44.83 5571
254 P 16.58 44.81 4816
255 P 16.95 44.83 4447
256 P 16.91 44.81 4954
257 P 16.92 44.86 4690
258 P 16.94 44.77 5981
259 P 16.75 44.78 5395
260 P 16.72 44.80 6064
261 P 16.66 44.81 6360
262 P 16.64 44.83 6504
263 P 16.56 44.91 5381
264 P 16.59 44.96 5623
265 P 16.72 45.05 4504
266 P 16.54 45.03 5734
267 P 16.41 45.01 7177
268 P 16.40 45.02 6728
269 P 16.37 44.98 7755
270 P 16.24 44.99 8758
271 P 16.39 45.03 7705
272 P 16.40 45.05 7759
273 P 16.34 45.05 8501
274 P 16.29 45.00 8717
275 P 16.29 45.02 9258
276 P 16.23 45.03 9368
277 P 16.19 45.06 8691
278 P 16.11 45.01 9649
279 P 16.10 45.04 11303
280 P 16.11 45.08 12060
281 P 16.14 45.07 12369
282 P 16.06 45.04 12810
283 P 16.17 45.05 13532
284 P 16.17 44.99 13777
285 P 16.22 44.98 14096
286 P 16.18 44.98 13938
287 P 16.40 45.05 13752
288 P 16.24 45.17 15558
289 P 16.33 45.17 16397
290 P 16.29 45.14 16008
291 P 16.37 45.10 15048
292 P 16.39 45.07 15139
293 P 16.57 45.08 14744
294 P 16.54 45.00 15150
295 P 16.65 44.92 15068
296 P 16.82 44.86 14613
297 P 16.89 44.81 15333
298 P 16.92 44.73 15363
299 P 16.99 44.63 15469
300 P 17.07 44.60 14809
301 P 17.19 44.53 14525
302 P 17.25 44.34 13804
303 P 17.50 44.40 13545
304 P 17.48 44.37 13841
305 P 17.56 44.27 13441
306 P 17.72 44.19 13408
307 P 17.84 44.18 12744
308 P 17.88 44.30 11216
309 P 18.06 44.28 8929
310 P 17.98 44.23 8105
311 P 18.01 44.22 8938
312 P 18.33 44.18 9402
313 P 18.42 44.09 9828
314 P 18.31 44.10 10481
315 P 18.34 43.98 10646
316 P 18.49 43.94 10213
317 P 18.37 43.83 10040
318 P 18.82 43.78 7989
319 P 18.75 43.76 7008
320 P 18.92 43.76 7206
321 P 18.82 43.66 8053
322 P 18.69 43.59 7614
323 P 18.94 43.62 7433
324 P 19.02 43.59 7106
325 P 18.96 43.62 6555
326 P 18.81 43.62 6681
327 P 19.18 43.56 6163
328 P 19.14 43.53 7061
329 P 19.07 43.48 6751
330 P 18.84 43.48 5937
331 P 19.20 43.52 5630
332 P 18.92 43.56 5989
333 P 19.24 43.53 6370
334 P 18.93 43.51 6536
335 P 19.09 43.59 7334
336 P 18.86 43.63 7201
337 P 18.89 43.63 6507
338 P 18.78 43.59 6640
339 P 19.03 43.58 6674
340 P 19.09 43.65 7025
341 P 19.09 43.66 7116
342 P 18.85 43.61 7100
343 P 19.21 43.59 7228
344 P 18.82 43.64 7222
345 P 18.77 43.71 7541
346 P 19.10 43.69 6792
347 P 18.72 43.68 8609
348 P 18.94 43.69 7869
349 P 18.93 43.69 7836
350 P 18.88 43.71 8009
351 P 18.88 43.69 5974
352 P 18.87 43.71 4951
353 P 18.65 43.78 5806
354 P 20.30 43.11 2988
