% Nframe | type | QP | PSNR | size (Bytes) 
0 I 23.63 40.80 7370
1 P 24.30 40.38 455
2 P 24.73 40.13 757
3 P 25.31 40.03 1093
4 P 26.76 39.90 1163
5 P 25.89 39.87 1229
6 P 26.11 39.76 1161
7 P 26.54 39.87 1178
8 P 26.27 39.78 972
9 P 25.96 39.72 1150
10 P 26.00 39.84 1186
11 P 26.01 39.80 1413
12 P 28.94 38.57 503
13 P 25.32 39.81 1829
14 P 21.88 41.04 2483
15 P 20.34 41.92 2529
16 P 19.33 42.67 3278
17 P 18.49 43.31 4014
18 P 18.16 43.70 4379
19 P 17.45 44.03 4737
20 P 16.61 44.47 4767
21 P 16.36 44.79 4557
22 P 15.78 45.15 5832
23 P 15.68 45.47 6114
24 P 14.89 45.97 6512
25 P 14.69 45.92 7118
26 P 14.73 45.99 6455
27 P 14.78 46.08 6021
28 P 14.73 46.15 5818
29 P 14.86 45.92 6264
30 P 15.10 45.83 6749
31 P 15.27 45.78 6775
32 P 15.51 45.75 5785
33 P 15.34 45.69 5561
34 P 15.64 45.52 6104
35 P 15.91 45.30 5845
36 P 15.88 45.06 5875
37 P 16.40 45.06 4655
38 P 16.58 44.96 4180
39 P 16.89 44.90 4671
40 P 16.65 44.91 4945
41 P 17.17 44.76 4297
42 P 17.19 44.63 4413
43 P 17.46 44.51 4131
44 P 17.44 44.53 3990
45 P 17.69 44.45 3990
46 P 17.92 44.41 3863
47 P 18.10 44.19 3401
48 P 18.93 44.20 3102
49 P 18.62 44.29 2793
50 P 18.62 44.29 2999
51 P 18.51 44.17 3845
52 P 18.44 44.15 3718
53 P 18.64 44.22 3523
54 P 18.50 44.17 3844
55 P 18.51 44.19 3504
56 P 18.54 44.12 3350
57 P 18.35 44.03 3860
58 P 18.36 43.98 3941
59 P 18.47 43.96 4589
60 P 18.21 44.03 4874
61 P 17.90 44.12 5148
62 P 18.03 44.05 4655
63 P 17.86 44.13 4860
64 P 18.03 44.08 4614
65 P 17.94 44.07 4409
66 P 17.90 44.05 4532
67 P 17.68 44.16 4133
68 P 17.65 44.25 4092
69 P 17.92 44.00 3982
70 P 17.87 43.90 4671
71 P 18.10 43.90 4686
72 P 17.75 43.81 4614
73 P 18.15 43.82 4291
74 P 18.06 43.83 4011
75 P 18.43 43.74 4584
76 P 18.46 43.78 5108
77 P 18.09 43.86 5489
78 P 17.90 44.06 5619
79 P 18.03 43.86 5530
80 P 17.85 43.68 5929
81 P 18.22 43.66 5914
82 P 18.31 43.55 5765
83 P 18.23 43.48 5484
84 P 18.42 43.62 5151
85 P 18.25 43.72 4876
86 P 18.41 43.74 4547
87 P 18.43 43.75 4674
88 P 18.54 43.59 4609
89 P 18.64 43.47 4722
90 P 18.58 43.43 4617
91 P 18.70 43.37 4596
92 P 19.09 43.40 4650
93 P 18.88 43.23 4325
94 P 19.35 43.25 3664
95 P 18.86 43.26 3650
96 P 19.23 43.29 3558
97 P 19.08 43.26 3371
98 P 19.00 43.18 3849
99 P 19.56 43.17 3647
100 P 19.33 43.00 3604
101 P 19.04 42.99 3456
102 P 19.12 43.04 3663
103 P 19.43 43.05 3885
104 P 19.61 42.95 4003
105 P 19.49 42.96 4256
106 P 19.34 43.01 3943
107 P 20.16 43.05 3749
108 P 20.02 43.00 3639
109 P 19.10 43.04 3750
110 P 20.15 43.04 3806
111 P 19.55 43.08 3718
112 P 20.06 43.21 3381
113 P 19.88 43.24 3281
114 P 19.73 43.40 3283
115 P 19.92 43.36 3195
116 P 19.64 43.32 3294
117 P 19.56 43.28 3478
118 P 20.11 43.27 3658
119 P 20.06 43.23 3745
120 P 20.20 43.19 3709
121 P 20.31 43.22 3656
122 P 20.31 43.21 3550
123 P 20.14 43.35 3420
124 P 20.19 43.42 3180
125 P 20.67 43.29 3261
126 P 19.85 43.24 3378
127 P 20.02 43.24 3630
128 P 20.11 43.41 4039
129 P 19.98 43.57 3806
130 P 19.76 43.71 3768
131 P 21.13 43.71 3744
132 P 19.68 43.63 3864
133 P 19.61 43.64 3875
134 P 19.89 43.62 3778
135 P 19.41 43.62 3424
136 P 20.25 43.58 3422
137 P 19.79 43.61 3432
138 P 19.23 43.50 3169
139 P 19.69 43.55 2828
140 P 19.53 43.56 3726
141 P 20.17 43.54 4031
142 P 19.36 43.62 4284
143 P 19.93 43.62 3809
144 P 19.63 43.78 4359
145 P 20.34 43.67 4384
146 P 19.79 43.87 4722
147 P 18.71 43.88 5549
148 P 18.56 43.53 5968
149 P 18.92 43.37 6467
150 P 18.85 43.42 6647
151 P 18.26 43.58 6241
152 P 18.22 43.64 5998
153 P 18.72 43.72 6224
154 P 18.53 43.81 6373
155 P 18.55 44.05 6435
156 P 18.46 44.23 6357
157 P 18.58 44.28 6147
158 P 18.62 44.39 6198
159 P 18.73 44.43 5976
160 P 18.92 44.48 6108
161 P 18.65 44.70 6272
162 P 18.53 45.42 5796
163 P 18.21 45.95 5443
164 P 17.63 46.52 4800
165 P 17.33 47.43 3891
166 P 16.96 47.36 3805
167 P 16.93 47.10 4184
168 P 16.91 47.18 4100
169 P 17.25 46.72 4365
170 P 17.35 46.36 4993
171 P 17.72 46.23 4639
172 P 18.00 45.80 4855
173 P 18.11 45.70 5148
174 P 19.21 44.74 6222
175 P 19.42 44.44 6198
176 P 19.60 44.25 6206
177 P 19.57 44.21 5994
178 P 19.55 44.05 6101
179 P 19.81 43.81 6556
180 P 19.66 43.63 6484
181 P 20.08 43.26 6733
182 P 20.07 43.00 6782
183 P 20.11 43.00 6666
184 P 20.47 42.61 6780
185 P 20.62 42.40 6730
186 P 20.81 42.27 6752
187 P 20.95 42.13 6448
188 P 21.05 42.14 6080
189 P 21.08 42.18 5730
190 P 20.99 42.26 6087
191 P 21.31 41.90 5835
192 P 21.45 41.55 6093
193 P 21.66 41.32 6267
194 P 21.83 41.28 6009
195 P 22.14 41.10 5628
196 P 22.29 41.02 5928
197 P 22.34 40.83 6341
198 P 22.39 40.89 5621
199 P 22.46 40.57 5896
200 P 22.52 40.04 6504
201 P 22.70 39.47 8134
202 P 22.93 38.79 8949
203 P 23.13 38.05 9864
204 P 23.31 37.62 9468
205 P 23.24 37.61 8216
206 P 23.35 37.65 6615
207 P 23.45 37.50 7520
208 P 23.58 37.40 5217
209 P 23.49 37.41 6194
210 P 23.55 37.45 3543
211 P 23.71 37.40 3700
212 P 23.92 37.34 3407
213 P 23.78 37.38 4248
214 P 24.00 37.22 3322
215 P 24.17 37.18 3668
216 P 24.10 37.10 3676
217 P 24.27 37.13 3551
218 P 24.41 37.12 1638
219 P 24.49 37.07 1149
220 P 24.45 37.17 735
221 P 24.43 37.21 581
222 P 24.33 37.30 707
223 P 24.63 37.45 372
224 P 24.48 37.42 414
225 P 25.00 37.42 579
226 P 24.68 37.24 1821
227 P 24.68 37.12 2108
228 P 24.65 37.15 1787
229 P 24.57 37.20 1000
230 P 24.33 37.20 1141
231 P 24.76 37.34 530
232 P 23.98 37.33 626
233 P 23.95 37.44 759
234 P 23.96 37.50 690
235 P 23.66 37.48 1030
236 P 23.79 37.53 838
237 P 24.16 37.52 1671
238 P 23.96 37.45 1826
239 P 23.71 37.53 2502
240 P 23.69 37.54 2334
241 P 23.83 37.59 2100
242 P 23.62 37.66 2973
243 P 23.49 37.68 3177
244 P 23.16 37.83 3008
245 P 23.33 37.81 1416
246 P 23.16 37.89 1780
247 P 25.32 37.20 594
% Nframe | type | QP | PSNR | size (Bytes) 
25 P 15.83 45.59 2099
26 P 15.27 45.62 4391
27 P 16.52 45.50 3911
28 P 16.54 45.40 3771
29 P 16.50 45.46 4383
30 P 16.31 45.57 3763
31 P 15.99 45.60 1538
32 P 16.09 45.39 3621
33 P 17.12 45.21 3782
34 P 16.83 45.18 5021
35 P 17.11 45.14 4530
36 P 17.98 44.77 4490
37 P 17.42 45.01 5224
38 P 17.00 44.99 2131
39 P 16.89 44.88 5980
40 P 16.43 44.82 5180
41 P 16.91 44.87 4951
42 P 16.47 45.04 4862
43 P 15.75 45.24 4919
44 P 16.83 45.27 5007
45 P 16.46 45.35 5157
46 P 15.99 45.29 5160
47 P 16.02 45.16 4905
48 P 17.05 45.34 5741
49 P 16.70 45.34 2345
50 P 17.27 45.29 4798
51 P 17.06 45.21 4749
52 P 16.39 45.10 4655
53 P 17.40 44.78 5213
54 P 17.20 45.35 7915
55 P 17.15 45.34 2196
56 P 17.56 44.86 4562
57 P 17.78 44.76 4453
58 P 17.48 44.75 5399
59 P 17.21 44.68 4885
60 P 16.60 44.60 4767
61 P 16.48 44.72 5041
62 P 16.98 44.68 5265
63 P 16.67 44.66 5196
64 P 16.84 44.72 4979
65 P 16.68 44.56 4546
66 P 16.27 44.56 4508
67 P 17.55 44.75 4737
68 P 16.36 44.63 4806
69 P 16.80 44.58 4574
70 P 17.85 44.49 4648
71 P 16.79 44.23 4710
72 P 17.95 44.76 5543
73 P 16.36 44.71 1910
74 P 18.21 44.39 4350
75 P 18.16 44.51 4395
76 P 17.19 44.46 4271
77 P 17.48 44.51 4811
78 P 17.98 44.64 4089
79 P 16.85 44.62 1673
80 P 17.35 44.46 4048
81 P 17.64 44.29 3714
82 P 18.00 44.42 4567
83 P 17.29 44.41 3786
84 P 17.84 44.38 3810
85 P 18.02 44.34 4017
86 P 18.81 44.27 3908
87 P 18.15 44.21 3945
88 P 18.86 44.29 4275
89 P 18.97 44.23 3876
90 P 19.03 44.22 3554
91 P 19.07 44.25 4210
92 P 19.15 44.15 4368
93 P 18.19 44.20 4432
94 P 18.80 44.18 4436
95 P 18.99 44.12 4302
96 P 18.50 44.56 5486
97 P 17.56 44.53 1911
98 P 17.85 44.35 4827
99 P 18.66 44.37 5232
100 P 18.22 44.22 5102
101 P 17.99 44.17 5844
102 P 18.34 44.45 5629
103 P 17.67 44.44 2351
104 P 19.22 44.11 4752
105 P 17.60 44.40 5387
106 P 18.76 44.30 4630
107 P 19.05 44.33 4816
108 P 18.58 43.89 4518
109 P 18.68 44.55 7131
110 P 18.65 44.35 4624
111 P 18.81 44.30 4648
112 P 19.41 44.29 3902
113 P 19.03 44.21 4045
114 P 18.86 44.28 4254
115 P 19.14 44.40 4007
116 P 18.51 44.19 4371
117 P 18.99 44.17 4373
118 P 18.63 44.14 4445
119 P 19.21 44.22 4412
120 P 19.13 44.21 4099
121 P 19.15 44.21 3979
122 P 19.31 43.99 3645
123 P 18.97 44.08 4215
124 P 19.35 44.26 3878
125 P 18.65 44.24 1680
126 P 19.28 44.15 3620
127 P 19.50 44.10 3328
128 P 19.52 44.17 3762
129 P 19.50 44.15 3247
130 P 18.98 44.33 4091
131 P 19.41 44.44 1929
132 P 19.12 44.14 4022
133 P 18.90 44.16 4391
134 P 19.01 44.21 4128
135 P 19.23 44.24 3665
136 P 19.11 44.15 3664
137 P 18.99 44.17 3134
138 P 18.75 44.24 3163
139 P 18.67 44.28 3232
140 P 18.93 44.34 3275
141 P 18.92 44.23 3310
142 P 19.26 44.54 4186
143 P 18.73 44.43 1943
144 P 19.08 44.40 3519
145 P 18.52 44.39 3159
146 P 18.87 44.31 2959
147 P 19.42 44.30 3417
148 P 19.06 44.44 3179
149 P 18.16 44.50 1337
150 P 19.11 44.41 3163
151 P 19.15 44.32 3134
152 P 19.29 44.37 4046
153 P 19.24 44.32 3753
154 P 18.96 44.48 3818
155 P 18.83 44.50 1627
156 P 19.20 44.31 3445
157 P 18.52 44.35 4702
158 P 18.37 44.40 3703
159 P 18.46 44.31 3826
160 P 18.83 44.34 3724
161 P 18.27 44.50 4049
162 P 18.96 44.24 3183
163 P 18.42 44.58 6617
164 P 18.69 44.49 4089
165 P 18.28 44.39 3877
166 P 17.96 44.65 4965
167 P 18.13 44.63 1432
168 P 18.14 44.48 4442
169 P 18.92 44.39 4225
170 P 18.43 44.25 4501
171 P 18.35 44.42 5527
172 P 18.30 44.49 5112
173 P 18.92 44.41 2276
174 P 18.66 44.28 4981
175 P 18.48 44.30 4754
176 P 18.46 44.41 5661
177 P 18.23 44.40 4980
178 P 18.08 44.54 4949
179 P 17.74 44.55 1736
180 P 18.49 44.28 3807
181 P 18.29 44.50 4555
182 P 18.92 44.46 3715
183 P 18.20 44.46 3892
184 P 18.17 44.49 3801
185 P 17.93 44.46 4334
186 P 18.50 44.38 4437
187 P 18.62 44.43 4553
188 P 18.30 44.43 4771
189 P 18.38 44.25 4005
190 P 18.42 44.50 4839
191 P 18.30 44.57 1717
192 P 18.77 44.41 3889
193 P 18.66 44.40 4058
194 P 18.76 44.35 3944
195 P 18.56 44.49 4786
196 P 18.64 44.60 4540
197 P 18.17 44.59 2145
198 P 18.63 44.42 4055
199 P 18.17 44.41 4047
200 P 18.43 44.60 4930
201 P 18.79 44.49 4261
202 P 17.81 44.55 4782
203 P 18.40 44.46 2718
204 P 18.25 44.42 5044
205 P 18.06 44.44 4878
206 P 17.97 44.48 4013
207 P 17.88 44.51 3924
208 P 18.12 44.50 3762
209 P 18.34 44.21 3168
210 P 18.26 44.96 5445
211 P 18.83 44.67 3366
212 P 18.07 44.65 3830
213 P 18.22 44.65 3998
214 P 17.96 45.01 5201
215 P 17.09 44.99 1212
216 P 18.56 44.76 3819
217 P 18.48 44.68 3932
218 P 17.95 44.69 3631
219 P 18.57 44.74 4169
220 P 18.36 44.88 3847
221 P 18.49 44.88 1276
222 P 18.14 44.65 3911
223 P 18.56 44.50 4000
224 P 18.27 44.57 5156
225 P 18.23 44.56 4859
226 P 18.14 44.74 5211
227 P 18.06 44.76 1874
228 P 18.89 44.66 5439
229 P 18.43 44.67 4443
230 P 17.95 44.68 4129
231 P 17.88 44.65 3986
232 P 17.97 44.66 3920
233 P 17.25 44.79 3812
234 P 17.90 44.81 3547
235 P 18.86 44.75 3713
236 P 18.37 44.73 3810
237 P 19.03 44.62 3910
238 P 18.01 44.88 5414
239 P 17.62 44.78 1819
240 P 18.89 44.63 4352
241 P 18.54 44.50 4286
242 P 19.03 44.51 3992
243 P 18.59 44.70 4901
244 P 18.88 44.80 4041
245 P 18.78 44.84 1406
246 P 18.67 44.67 3847
247 P 18.86 44.67 4423
248 P 18.30 44.70 3873
249 P 18.59 44.57 3791
250 P 18.37 44.71 3874
251 P 18.27 44.72 1536
252 P 18.40 44.63 4455
253 P 18.06 44.57 3809
254 P 18.07 44.53 3759
255 P 19.92 43.98 3125
% Nframe | type | QP | PSNR | size (Bytes) 
25 P 14.69 47.44 7986
26 P 14.73 46.92 7694
27 P 15.00 46.46 7949
28 P 15.63 45.63 7745
29 P 16.43 44.60 8179
30 P 17.07 44.23 6290
31 P 17.96 44.11 5936
32 P 18.32 43.95 5425
33 P 18.58 44.01 4794
34 P 18.69 44.28 4281
35 P 18.71 44.28 3337
36 P 18.75 44.47 2970
37 P 19.16 44.38 2710
38 P 19.46 44.26 3023
39 P 19.72 43.73 3140
40 P 20.14 43.14 2881
41 P 20.47 42.70 2682
42 P 21.48 42.39 2703
43 P 21.34 42.14 2503
44 P 22.39 42.23 2217
45 P 22.44 42.38 2236
46 P 21.71 42.35 2124
47 P 21.59 42.50 2141
48 P 21.01 42.60 2058
49 P 21.06 42.65 2320
50 P 21.36 42.64 2801
51 P 20.76 42.39 3031
52 P 21.03 42.44 3262
53 P 19.93 42.58 3464
54 P 20.87 42.73 2901
55 P 20.32 42.81 2213
56 P 20.79 42.93 2031
57 P 20.38 42.96 2131
58 P 20.20 43.00 2183
59 P 20.48 43.13 2103
60 P 19.18 43.28 2549
61 P 19.39 43.39 2557
62 P 18.88 43.48 2533
63 P 19.32 43.52 2704
64 P 19.74 43.40 2682
65 P 19.63 43.30 2501
66 P 19.48 43.31 2163
67 P 19.29 43.42 2087
68 P 19.16 43.44 2677
69 P 18.66 43.42 3053
70 P 19.22 43.50 3574
71 P 18.85 43.45 4305
72 P 18.94 43.63 4411
73 P 18.29 43.67 4283
74 P 19.01 43.75 4051
75 P 18.43 43.82 3296
76 P 18.08 43.99 3210
77 P 17.65 44.10 2767
78 P 17.35 44.26 2928
79 P 17.42 44.23 3147
80 P 17.44 44.24 3314
81 P 17.35 44.28 2747
82 P 16.85 44.36 2270
83 P 17.72 44.29 2316
84 P 17.38 44.32 2922
85 P 17.39 44.32 3133
86 P 16.99 44.21 3159
87 P 17.30 44.15 3573
88 P 17.27 44.18 3806
89 P 17.07 44.19 3818
90 P 17.06 44.32 4034
91 P 17.30 44.20 3869
92 P 17.01 44.30 3955
93 P 16.46 44.36 3783
94 P 16.82 44.43 3691
95 P 16.94 44.52 3500
96 P 16.94 44.55 3169
97 P 16.74 44.60 3110
98 P 16.66 44.66 2862
99 P 16.59 44.69 2512
100 P 16.61 44.76 2778
101 P 16.23 44.77 2637
102 P 16.58 44.85 2703
103 P 16.15 44.85 2987
104 P 16.69 44.81 3065
105 P 16.61 44.81 2842
106 P 16.22 44.81 2944
107 P 16.40 44.85 2199
108 P 16.34 44.92 1777
109 P 16.51 44.88 2137
110 P 16.76 44.91 2240
111 P 16.39 44.95 2347
112 P 15.81 44.91 2419
113 P 16.00 45.08 2872
114 P 15.89 45.21 2896
115 P 16.19 45.20 2162
116 P 15.70 45.20 1878
117 P 15.74 45.26 2344
118 P 15.68 45.34 2500
119 P 15.65 45.31 2799
120 P 15.78 45.36 2825
121 P 15.98 45.37 2967
122 P 15.84 45.42 3360
123 P 15.78 45.38 3470
124 P 15.55 45.33 3354
125 P 15.60 45.51 3429
126 P 15.53 45.57 3171
127 P 15.42 45.63 2935
128 P 15.30 45.68 3146
129 P 14.78 45.78 3186
130 P 15.03 45.87 2684
131 P 14.85 45.92 2823
132 P 14.99 45.89 2801
133 P 15.24 45.95 2424
134 P 15.02 46.03 2460
135 P 14.86 45.90 2646
136 P 14.96 45.94 3045
137 P 14.92 46.01 3074
138 P 14.89 46.01 3113
139 P 14.76 46.12 2798
140 P 14.48 46.17 1610
141 P 14.61 46.28 1620
142 P 14.52 46.24 2483
143 P 14.86 46.27 2705
144 P 14.31 46.27 2703
145 P 14.46 46.34 2169
146 P 14.17 46.53 2376
147 P 14.06 46.53 2022
148 P 14.29 46.54 1954
149 P 14.23 46.50 2543
150 P 14.46 46.49 3024
151 P 14.28 46.35 3155
152 P 14.14 46.36 3548
153 P 13.75 46.47 3948
154 P 13.68 46.59 3870
155 P 13.65 46.61 3168
156 P 13.66 46.71 2512
157 P 13.60 46.79 2933
158 P 13.62 46.83 2990
159 P 13.45 46.79 2418
160 P 13.17 46.99 2725
161 P 13.33 47.00 2963
162 P 13.46 47.06 2151
163 P 13.47 47.12 1907
164 P 13.16 47.15 2275
165 P 13.00 47.13 2245
166 P 13.14 47.13 2678
167 P 12.94 47.10 2963
168 P 13.09 47.08 3110
169 P 12.84 47.12 3054
170 P 12.97 47.14 2383
171 P 12.66 47.29 2540
172 P 12.51 47.29 2852
173 P 12.46 47.29 3476
174 P 12.67 47.30 3585
175 P 12.74 47.26 3826
176 P 12.60 47.30 4173
177 P 12.34 47.35 3691
178 P 12.54 47.42 2675
179 P 12.37 47.48 2613
180 P 12.40 47.48 3267
181 P 12.50 47.45 3571
182 P 12.39 47.52 3495
183 P 12.30 47.54 3203
184 P 12.23 47.59 2829
185 P 12.19 47.67 2483
186 P 11.98 47.79 2382
187 P 12.13 47.80 2619
188 P 11.84 47.86 2639
189 P 12.15 47.65 3207
190 P 12.27 47.59 4413
191 P 12.39 47.52 4904
192 P 12.23 47.60 5313
193 P 12.15 47.59 4119
194 P 12.28 47.71 4331
195 P 11.88 47.74 3646
196 P 11.95 47.78 3428
197 P 11.81 47.84 3311
198 P 11.75 47.85 4042
199 P 11.75 47.92 4083
200 P 11.77 47.91 4836
201 P 11.83 47.93 4155
202 P 11.88 47.85 4896
203 P 11.95 47.85 5474
204 P 11.89 47.86 5463
205 P 11.90 47.77 5601
206 P 11.97 47.79 5871
207 P 11.89 47.79 6020
208 P 11.89 47.77 6195
209 P 11.85 47.76 6001
210 P 11.81 47.82 5466
211 P 11.85 47.83 5557
212 P 11.94 47.75 5096
213 P 11.83 47.77 5959
214 P 11.93 47.78 6053
215 P 11.99 47.75 5652
216 P 11.87 47.77 5327
217 P 11.93 47.76 4448
218 P 11.63 47.82 3238
219 P 11.99 47.83 3260
220 P 12.08 47.87 4108
221 P 12.37 47.73 4181
222 P 12.17 47.66 4544
223 P 12.26 47.57 4639
224 P 12.38 47.56 5125
225 P 12.27 47.48 5265
226 P 12.48 47.45 5361
227 P 12.49 47.42 5004
228 P 12.56 47.39 4566
229 P 12.45 47.38 4721
230 P 12.67 47.44 4221
231 P 12.30 47.37 4313
232 P 12.39 47.46 4367
233 P 12.34 47.51 3846
234 P 12.48 47.50 3346
235 P 12.28 47.52 2949
236 P 12.09 47.55 2454
237 P 12.02 47.55 3310
238 P 12.47 47.43 3296
239 P 12.61 47.31 3760
240 P 12.73 47.39 3528
241 P 12.59 47.46 2817
242 P 12.13 47.48 2810
243 P 12.29 47.49 2776
244 P 12.34 47.56 1924
245 P 12.37 47.59 2175
246 P 12.66 47.65 2292
247 P 12.76 47.72 1872
248 P 12.33 47.75 2312
249 P 12.47 47.72 2086
250 P 12.24 47.80 2055
251 P 12.14 47.82 2058
252 P 12.23 47.87 2498
253 P 12.40 47.81 2323
254 P 12.34 47.76 2211
255 P 12.37 47.79 2423
256 P 12.30 47.79 2640
257 P 12.28 47.88 2463
258 P 12.26 47.82 3276
259 P 12.15 47.85 2908
260 P 11.95 47.92 3394
261 P 12.03 47.88 3243
262 P 12.00 47.90 3270
263 P 12.02 47.90 3324
264 P 12.01 47.99 3157
265 P 11.57 48.13 2790
266 P 11.90 48.11 3234
267 P 11.51 48.17 3449
268 P 11.68 48.14 3569
269 P 11.73 48.12 4208
270 P 11.88 48.03 4573
271 P 11.59 48.07 4140
272 P 11.65 48.13 4160
273 P 11.52 48.05 4397
274 P 11.72 48.01 4552
275 P 11.51 48.10 5111
276 P 11.63 48.04 4834
277 P 11.65 48.07 4827
278 P 11.60 48.08 5645
279 P 11.60 48.05 6152
280 P 11.62 48.00 6809
281 P 11.68 47.94 6948
282 P 11.69 47.99 7293
283 P 11.61 48.00 7608
284 P 11.68 47.93 7909
285 P 11.66 47.89 8077
286 P 11.52 47.99 8273
287 P 11.75 47.96 7789
288 P 11.59 47.98 8128
289 P 11.73 47.87 8443
290 P 11.59 47.91 8692
291 P 11.83 47.79 8396
292 P 11.83 47.77 8300
293 P 11.93 47.73 8344
294 P 11.96 47.68 8293
295 P 12.13 47.50 7967
296 P 12.25 47.56 8080
297 P 12.32 47.48 7915
298 P 12.38 47.41 7864
299 P 12.53 47.25 7596
300 P 12.64 47.20 7197
301 P 12.73 47.11 6915
302 P 12.82 47.05 6880
303 P 12.88 47.02 6987
304 P 13.08 47.01 6481
305 P 13.08 46.91 6595
306 P 13.14 46.87 6314
307 P 13.41 46.86 5935
308 P 13.41 46.82 5910
309 P 13.56 46.74 5439
310 P 13.88 46.79 5107
311 P 13.83 46.72 5172
312 P 13.81 46.66 5357
313 P 13.65 46.72 5503
314 P 13.85 46.68 5460
315 P 13.95 46.60 5497
316 P 13.96 46.49 5258
317 P 14.09 46.52 5126
318 P 14.07 46.50 5028
319 P 14.09 46.41 4994
320 P 14.20 46.34 4973
321 P 14.30 46.34 4866
322 P 14.01 46.40 4810
323 P 14.09 46.27 4493
324 P 14.17 46.25 4389
325 P 13.98 46.34 4602
326 P 14.16 46.33 4369
327 P 14.15 46.32 3930
328 P 14.41 46.26 3791
329 P 14.31 46.35 3519
330 P 14.40 46.32 3077
331 P 14.46 46.17 2671
332 P 14.13 46.24 3611
333 P 14.48 46.19 3876
334 P 14.52 46.11 3993
335 P 14.53 46.14 4181
336 P 14.35 46.14 4247
337 P 14.55 46.18 4185
338 P 14.84 46.15 4278
339 P 14.51 46.13 4138
340 P 14.67 46.11 4301
341 P 14.63 46.15 4356
342 P 14.75 46.12 4392
343 P 14.37 46.23 4294
344 P 14.40 46.24 3923
345 P 14.60 46.25 3781
346 P 14.65 46.32 3470
347 P 15.06 46.20 3848
348 P 14.73 46.29 4200
349 P 14.82 46.26 3969
350 P 14.65 46.29 3893
351 P 14.76 46.25 2621
352 P 14.64 46.33 2392
353 P 14.71 46.23 2934
354 P 15.94 45.34 2024
