% Nframe | type | QP | PSNR | size (Bytes) 
0 I 33.53 37.38 22704
1 P 36.21 36.92 751
2 P 37.01 36.75 1388
3 P 35.91 36.81 2069
4 P 36.78 36.91 2551
5 P 36.29 36.85 2526
6 P 37.29 36.86 2646
7 P 36.08 36.77 2339
8 P 37.11 36.50 2184
9 P 37.43 36.25 1971
10 P 37.31 36.53 2432
11 P 37.16 36.79 2728
12 P 40.91 35.58 1015
13 P 42.73 34.56 1035
14 P 40.66 34.84 1787
15 P 38.94 35.28 1427
16 P 38.46 36.17 1923
17 P 37.65 36.65 2827
18 P 36.93 36.87 3902
19 P 36.41 36.82 4199
20 P 34.36 36.42 4305
21 P 33.93 36.69 3632
22 P 33.38 37.28 4419
23 P 32.61 37.54 6473
24 P 31.22 37.78 6848
25 P 30.90 37.80 7627
26 P 30.33 37.90 7370
27 P 30.09 38.31 6894
28 P 29.83 38.52 6758
29 P 30.04 38.40 8095
30 P 30.58 38.30 9333
31 P 30.38 38.35 9332
32 P 29.84 38.55 9225
33 P 29.89 38.51 7812
34 P 29.84 38.46 9535
35 P 30.31 38.16 9483
36 P 30.43 38.07 8502
37 P 30.98 37.92 5935
38 P 30.92 38.11 3858
39 P 31.14 38.25 5179
40 P 30.89 38.23 5224
41 P 31.60 38.05 4608
42 P 31.27 37.90 4373
43 P 32.02 37.79 3987
44 P 32.14 37.68 3716
45 P 32.23 37.70 3957
46 P 33.15 37.50 3679
47 P 34.21 37.09 3400
48 P 35.35 37.00 3091
49 P 34.97 37.20 2139
50 P 33.48 37.44 2755
51 P 33.59 37.45 3588
52 P 33.65 37.22 3765
53 P 34.25 37.24 3820
54 P 33.60 37.21 3947
55 P 33.34 37.07 4301
56 P 33.33 37.09 4227
57 P 33.09 37.22 4353
58 P 32.99 37.55 4709
59 P 32.98 37.75 6061
60 P 33.15 37.89 7707
61 P 32.19 37.86 7395
62 P 32.39 37.62 6720
63 P 32.13 37.47 7179
64 P 32.40 37.38 6518
65 P 32.03 37.36 5802
66 P 32.03 37.49 5799
67 P 32.07 37.61 5782
68 P 31.99 37.74 5351
69 P 31.82 37.61 5512
70 P 32.41 37.53 6085
71 P 32.30 37.54 5986
72 P 32.62 37.34 5813
73 P 33.38 37.09 5222
74 P 32.72 37.06 4743
75 P 33.19 37.31 5653
76 P 32.84 37.54 6757
77 P 32.65 37.78 8341
78 P 32.40 37.95 8703
79 P 32.30 37.85 8427
80 P 32.64 37.56 8928
81 P 32.37 37.29 9333
82 P 32.43 37.00 9176
83 P 32.35 36.98 8147
84 P 32.25 37.08 7467
85 P 32.06 37.18 6965
86 P 31.80 37.28 6442
87 P 31.85 37.38 6667
88 P 32.40 37.28 6389
89 P 32.27 37.15 6502
90 P 33.12 36.95 5992
91 P 33.70 36.93 6227
92 P 33.26 36.92 6231
93 P 33.75 36.74 5879
94 P 33.67 36.76 4543
95 P 34.16 36.61 4312
96 P 34.45 36.57 3673
97 P 34.14 36.63 3508
98 P 34.44 36.54 3829
99 P 34.61 36.25 4141
100 P 34.33 36.04 4212
101 P 34.03 36.00 3815
102 P 34.74 36.10 3655
103 P 34.46 36.44 4559
104 P 34.79 36.38 4924
105 P 34.00 36.13 5189
106 P 35.06 36.31 4872
107 P 34.26 36.22 4541
108 P 34.46 36.21 4649
109 P 33.49 36.17 4622
110 P 34.90 36.28 4718
111 P 33.65 36.22 4674
112 P 34.68 36.25 4305
113 P 34.55 36.34 4050
114 P 34.35 36.43 3195
115 P 34.81 36.67 3339
116 P 34.90 36.74 3514
117 P 35.03 36.68 3871
118 P 35.01 36.70 4031
119 P 35.06 36.58 4593
120 P 35.81 36.36 4323
121 P 35.31 36.37 4585
122 P 35.47 36.40 4467
123 P 35.44 36.52 3624
124 P 35.15 36.65 3443
125 P 35.44 36.57 3641
126 P 35.75 36.42 3656
127 P 35.37 36.30 4417
128 P 34.84 36.58 5328
129 P 34.87 36.84 5562
130 P 34.53 37.13 6220
131 P 34.70 37.16 6017
132 P 34.70 37.05 5608
133 P 34.79 36.75 5646
134 P 34.83 36.70 4918
135 P 34.51 36.78 4495
136 P 34.50 36.69 4958
137 P 34.66 36.62 4599
138 P 34.80 36.49 3823
139 P 35.09 36.75 2986
140 P 35.64 36.85 3783
141 P 34.86 36.99 4908
142 P 34.41 37.07 5116
143 P 34.60 37.40 4761
144 P 34.83 37.62 5505
145 P 34.63 37.74 6260
146 P 34.13 37.79 6775
147 P 33.31 37.61 8431
148 P 33.06 37.21 9463
149 P 32.96 36.96 10342
150 P 32.56 37.02 10561
151 P 32.47 37.21 9518
152 P 32.38 37.49 8541
153 P 32.21 37.83 8703
154 P 32.61 37.98 8633
155 P 32.01 38.28 8987
156 P 32.05 38.43 8934
157 P 32.16 38.55 9307
158 P 32.02 38.92 12206
159 P 32.09 39.19 13726
160 P 32.11 39.38 13817
161 P 32.06 39.65 13690
162 P 31.90 40.45 12591
163 P 31.55 40.96 11520
164 P 31.29 41.51 10632
165 P 31.00 41.83 9050
166 P 30.84 41.76 9002
167 P 31.23 41.74 8445
168 P 31.76 41.97 8644
169 P 31.34 41.45 9103
170 P 31.37 40.98 10088
171 P 31.53 40.94 11598
172 P 31.96 40.71 12024
173 P 32.39 40.56 11826
174 P 34.46 40.01 13288
175 P 33.71 39.02 12496
176 P 33.96 38.02 8564
177 P 34.15 37.86 8215
178 P 34.47 37.48 8566
179 P 34.31 37.19 8793
180 P 34.60 36.80 7955
181 P 35.27 36.39 8431
182 P 35.33 36.23 8675
183 P 35.82 35.92 8188
184 P 36.27 35.38 8278
185 P 36.24 35.01 8499
186 P 36.29 34.64 8655
187 P 36.56 34.29 8272
188 P 36.57 34.10 7446
189 P 36.11 34.45 7234
190 P 36.37 34.45 7108
191 P 36.51 34.14 7029
192 P 36.81 33.81 7325
193 P 37.14 33.51 7295
194 P 37.17 33.38 6915
195 P 37.45 33.04 6325
196 P 37.87 32.67 7161
197 P 38.09 32.42 8167
198 P 38.02 32.19 6117
199 P 38.17 32.02 6706
200 P 38.35 31.73 7281
201 P 38.64 31.16 8931
202 P 39.14 30.54 9424
203 P 39.65 29.91 10309
204 P 39.82 29.24 9697
205 P 39.76 28.78 8892
206 P 39.91 28.68 6339
207 P 40.55 27.99 6218
208 P 40.72 27.82 4157
209 P 40.73 27.84 4523
210 P 40.52 27.85 3629
211 P 40.81 27.84 3509
212 P 40.48 28.04 3086
213 P 40.51 28.02 3413
214 P 40.56 27.99 3397
215 P 40.77 28.02 2855
216 P 40.76 27.92 3029
217 P 41.10 27.73 2467
218 P 40.99 27.74 2247
219 P 41.26 27.76 1480
220 P 41.48 27.81 782
221 P 40.78 27.86 923
222 P 41.54 27.88 712
223 P 41.56 27.97 605
224 P 41.22 27.97 454
225 P 40.90 28.06 592
226 P 41.16 28.00 897
227 P 41.92 27.96 1204
228 P 40.99 27.97 1500
229 P 41.41 28.07 1439
230 P 41.29 28.08 1285
231 P 40.71 28.14 710
232 P 40.17 28.15 757
233 P 41.00 28.17 713
234 P 40.21 28.20 655
235 P 40.90 28.18 1012
236 P 40.42 28.20 781
237 P 40.94 28.14 1169
238 P 40.82 28.15 1603
239 P 40.24 28.18 1994
240 P 40.39 28.21 2440
241 P 40.34 28.23 2337
242 P 40.31 28.26 2558
243 P 40.37 28.28 2498
244 P 39.80 28.34 3012
245 P 40.11 28.37 1914
246 P 39.71 28.38 1784
247 P 41.37 28.11 480
% Nframe | type | QP | PSNR | size (Bytes) 
25 P 30.90 37.79 1750
26 P 29.93 37.88 4655
27 P 31.42 37.86 4144
28 P 30.49 37.92 4250
29 P 31.50 38.04 5428
30 P 32.04 38.16 4372
31 P 32.26 38.24 1878
32 P 31.64 38.19 4575
33 P 31.61 38.22 4542
34 P 31.55 38.34 6660
35 P 31.90 38.30 5552
36 P 32.31 38.14 5055
37 P 32.17 38.27 6720
38 P 32.03 38.25 2650
39 P 30.16 38.22 8162
40 P 29.99 38.27 6537
41 P 30.25 38.31 6242
42 P 30.76 38.35 6132
43 P 29.05 38.41 6594
44 P 29.20 38.46 6299
45 P 31.31 38.56 6150
46 P 31.71 38.54 5653
47 P 31.85 38.54 5588
48 P 31.68 38.65 7910
49 P 31.72 38.65 2401
50 P 31.34 38.60 5611
51 P 31.66 38.58 5480
52 P 32.28 38.48 5372
53 P 31.98 38.37 6205
54 P 30.85 38.49 12865
55 P 31.79 38.45 2492
56 P 32.27 38.24 4940
57 P 31.72 38.12 4847
58 P 31.16 38.16 6647
59 P 32.33 38.18 5670
60 P 32.63 38.16 5315
61 P 32.25 38.19 5582
62 P 31.93 38.17 6283
63 P 32.20 38.17 5825
64 P 31.88 38.19 5836
65 P 32.37 38.18 5524
66 P 32.54 38.08 5062
67 P 33.00 38.10 5630
68 P 32.77 38.11 5894
69 P 33.09 38.08 5767
70 P 32.36 38.06 5790
71 P 32.89 37.96 5902
72 P 32.20 38.22 8154
73 P 33.25 38.19 1985
74 P 32.49 38.01 5848
75 P 32.83 38.03 5370
76 P 32.58 37.97 5159
77 P 33.02 38.00 6335
78 P 32.90 38.08 5325
79 P 33.26 38.10 2055
80 P 33.34 37.94 4987
81 P 33.63 37.88 4415
82 P 33.51 37.94 6214
83 P 33.22 37.92 4582
84 P 33.68 37.92 4678
85 P 33.25 37.92 5020
86 P 34.11 37.89 4629
87 P 34.20 37.92 4676
88 P 33.83 37.93 5062
89 P 33.51 37.93 4216
90 P 32.97 37.92 4073
91 P 33.19 37.97 4975
92 P 32.93 38.01 5081
93 P 32.94 38.03 5176
94 P 32.22 37.97 5070
95 P 32.69 37.93 4960
96 P 31.91 38.12 7514
97 P 33.65 38.13 1758
98 P 31.72 38.01 5300
99 P 32.95 38.08 6051
100 P 33.07 37.99 5903
101 P 32.71 38.04 7708
102 P 32.19 38.05 7446
103 P 32.39 38.09 2548
104 P 33.02 37.99 5669
105 P 31.62 38.13 7401
106 P 32.18 38.14 6180
107 P 32.56 38.07 6397
108 P 33.23 38.02 5716
109 P 33.30 38.28 11170
110 P 33.29 38.23 5653
111 P 33.31 38.17 5733
112 P 33.17 38.18 4959
113 P 32.90 38.14 4697
114 P 32.79 38.11 5021
115 P 32.72 38.18 4909
116 P 32.84 38.17 5394
117 P 32.57 38.14 5409
118 P 32.79 38.09 5465
119 P 32.66 38.05 5338
120 P 32.70 38.01 4830
121 P 32.99 38.02 4797
122 P 33.09 37.92 4428
123 P 32.86 38.00 5301
124 P 32.98 38.08 4877
125 P 32.89 38.06 1582
126 P 33.42 38.04 3871
127 P 33.02 38.02 3970
128 P 33.08 38.06 4825
129 P 33.49 38.01 4032
130 P 32.92 38.13 4828
131 P 33.78 38.10 1807
132 P 33.61 38.02 4671
133 P 33.24 38.05 5922
134 P 33.81 38.03 4633
135 P 33.68 37.99 4530
136 P 34.05 37.96 4284
137 P 34.19 38.03 3849
138 P 33.51 38.07 3954
139 P 33.01 38.05 3818
140 P 33.45 38.09 3922
141 P 33.24 38.08 4089
142 P 33.39 38.23 5371
143 P 32.80 38.20 2138
144 P 33.23 38.18 4174
145 P 32.94 38.15 3477
146 P 33.35 38.07 3337
147 P 33.35 38.05 4497
148 P 33.47 38.14 4078
149 P 32.42 38.20 1267
150 P 33.34 38.15 3544
151 P 33.20 38.13 3739
152 P 32.90 38.17 4928
153 P 32.52 38.21 4540
154 P 33.05 38.23 4563
155 P 33.25 38.22 1798
156 P 32.96 38.15 4127
157 P 32.74 38.21 6281
158 P 32.96 38.23 4582
159 P 32.84 38.21 4764
160 P 32.46 38.17 4674
161 P 32.36 38.17 4914
162 P 32.44 38.17 4060
163 P 32.62 38.26 11068
164 P 32.03 38.13 5161
165 P 32.45 38.08 4674
166 P 31.98 38.23 6973
167 P 32.12 38.25 1837
168 P 32.40 38.20 5278
169 P 32.29 38.17 5190
170 P 32.61 38.14 5502
171 P 32.30 38.17 7234
172 P 32.46 38.17 5962
173 P 32.21 38.15 2999
174 P 32.74 38.14 6114
175 P 32.76 38.07 5449
176 P 32.66 38.18 7555
177 P 32.55 38.16 5828
178 P 32.53 38.21 6440
179 P 32.12 38.25 2172
180 P 32.45 38.14 5028
181 P 32.25 38.20 6327
182 P 32.19 38.16 4851
183 P 32.15 38.17 4857
184 P 32.17 38.18 4787
185 P 32.14 38.21 5434
186 P 32.00 38.20 5492
187 P 31.77 38.24 5251
188 P 32.29 38.22 5544
189 P 32.59 38.12 4593
190 P 32.04 38.22 7047
191 P 32.02 38.23 1934
192 P 32.46 38.11 4617
193 P 31.87 38.17 5195
194 P 32.26 38.18 5005
195 P 32.28 38.18 6278
196 P 31.89 38.28 6063
197 P 31.79 38.27 2288
198 P 32.18 38.16 5000
199 P 32.31 38.15 5076
200 P 32.37 38.21 6838
201 P 32.15 38.19 5718
202 P 32.22 38.23 6053
203 P 31.95 38.22 3358
204 P 32.57 38.16 6845
205 P 32.56 38.07 6476
206 P 32.58 38.13 5086
207 P 32.76 38.10 5007
208 P 32.76 38.12 4957
209 P 32.74 38.04 4295
210 P 32.84 38.53 8206
211 P 32.48 38.45 4030
212 P 32.31 38.47 4523
213 P 32.23 38.45 4673
214 P 32.37 38.64 7216
215 P 32.56 38.58 1434
216 P 31.96 38.49 4910
217 P 31.99 38.48 5035
218 P 32.06 38.42 4361
219 P 32.04 38.46 5964
220 P 32.14 38.55 4890
221 P 32.93 38.60 1264
222 P 32.40 38.53 4544
223 P 32.74 38.54 5192
224 P 32.17 38.53 6448
225 P 32.59 38.56 5742
226 P 31.95 38.61 5991
227 P 32.65 38.58 1863
228 P 32.14 38.51 6963
229 P 31.80 38.51 5418
230 P 32.03 38.56 4843
231 P 31.65 38.50 4661
232 P 32.16 38.47 4678
233 P 31.57 38.55 4290
234 P 31.73 38.54 4091
235 P 31.91 38.55 4369
236 P 31.72 38.52 4431
237 P 32.03 38.45 4432
238 P 31.76 38.54 6948
239 P 32.38 38.53 1906
240 P 32.05 38.45 5233
241 P 32.35 38.39 5157
242 P 32.30 38.40 4780
243 P 32.02 38.46 6351
244 P 31.76 38.53 4789
245 P 32.65 38.53 1590
246 P 32.14 38.49 4418
247 P 32.04 38.45 5437
248 P 31.80 38.42 4401
249 P 32.01 38.38 4542
250 P 32.19 38.41 4784
251 P 32.09 38.40 1723
252 P 31.87 38.30 5271
253 P 31.72 38.30 4779
254 P 32.22 38.32 4521
255 P 32.75 38.07 3741
% Nframe | type | QP | PSNR | size (Bytes) 
25 P 31.92 41.78 8717
26 P 32.08 41.20 8056
27 P 32.67 40.63 8748
28 P 33.52 39.45 8282
29 P 35.35 37.33 7861
30 P 35.60 37.09 4931
31 P 35.39 37.80 5433
32 P 35.58 37.96 5452
33 P 35.08 38.34 5482
34 P 35.20 38.36 4618
35 P 34.41 38.20 3778
36 P 34.36 38.22 3660
37 P 34.70 38.18 3414
38 P 34.53 37.99 3310
39 P 35.55 37.51 3353
40 P 36.60 36.84 3034
41 P 37.46 36.33 2978
42 P 37.46 36.01 2826
43 P 37.92 35.70 2862
44 P 38.16 35.91 2786
45 P 37.75 36.22 2732
46 P 37.46 36.29 3099
47 P 37.44 36.38 2684
48 P 37.14 36.66 2882
49 P 37.09 36.54 3000
50 P 37.31 36.46 3320
51 P 37.42 36.32 3811
52 P 37.17 36.09 3747
53 P 37.06 36.06 3893
54 P 36.39 36.46 3612
55 P 36.30 36.70 2733
56 P 36.41 36.89 2238
57 P 36.40 36.74 2356
58 P 35.76 36.65 2485
59 P 36.07 36.63 2448
60 P 35.41 36.63 2868
61 P 35.43 36.73 2726
62 P 35.62 36.79 2868
63 P 35.68 36.59 2931
64 P 36.01 36.43 3074
65 P 35.94 36.14 2921
66 P 36.12 36.00 2523
67 P 35.72 36.24 2302
68 P 35.52 36.48 2560
69 P 35.71 36.35 2822
70 P 35.42 36.67 3451
71 P 35.38 36.70 4503
72 P 35.33 36.60 4362
73 P 35.13 36.41 4357
74 P 35.22 36.35 4189
75 P 34.83 36.49 3849
76 P 34.62 36.63 3345
77 P 34.36 36.82 3049
78 P 34.17 36.95 3032
79 P 34.25 36.89 3198
80 P 33.97 36.57 3378
81 P 34.54 36.51 2813
82 P 34.54 36.58 2248
83 P 34.55 36.75 2181
84 P 34.50 36.89 2313
85 P 34.36 37.01 2515
86 P 34.54 37.23 2864
87 P 34.18 37.37 3307
88 P 34.12 37.41 3500
89 P 33.97 37.37 3764
90 P 33.83 37.21 3896
91 P 33.89 36.90 4280
92 P 33.75 36.79 4495
93 P 33.32 36.72 4338
94 P 33.46 36.77 3979
95 P 33.03 36.91 3708
96 P 33.20 36.98 3159
97 P 32.69 37.13 3218
98 P 32.76 37.36 2755
99 P 32.74 37.53 2661
100 P 32.65 37.58 2569
101 P 32.71 37.55 2862
102 P 32.54 37.50 2677
103 P 32.57 37.44 2509
104 P 32.81 37.31 2619
105 P 32.69 37.23 2643
106 P 32.36 37.13 2810
107 P 32.40 37.08 2526
108 P 32.68 37.23 2146
109 P 32.12 37.26 2262
110 P 32.12 37.26 2359
111 P 32.23 37.40 2142
112 P 32.06 37.55 2023
113 P 32.07 37.55 2244
114 P 32.37 37.43 2527
115 P 32.09 37.44 2375
116 P 31.76 37.52 2340
117 P 31.47 37.68 2313
118 P 31.58 37.81 2235
119 P 30.95 37.85 2481
120 P 31.05 37.96 2473
121 P 31.39 38.02 2327
122 P 31.09 38.07 2810
123 P 30.85 37.98 3345
124 P 31.10 37.97 3824
125 P 30.77 38.01 4113
126 P 30.57 37.99 3957
127 P 30.70 38.08 3750
128 P 30.56 38.17 3516
129 P 30.00 38.24 3514
130 P 29.53 38.33 3532
131 P 29.37 38.37 3457
132 P 29.30 38.37 3835
133 P 29.32 38.42 3294
134 P 29.31 38.52 3299
135 P 29.44 38.60 2921
136 P 29.09 38.73 2741
137 P 29.22 38.74 2721
138 P 29.59 38.74 2534
139 P 29.33 38.70 2659
140 P 29.42 38.75 2088
141 P 29.41 38.83 2002
142 P 29.31 38.90 2476
143 P 29.66 38.91 2325
144 P 29.65 38.88 2415
145 P 29.05 38.96 2356
146 P 29.12 38.97 2318
147 P 29.37 39.01 2183
148 P 29.32 39.03 2198
149 P 29.08 39.05 2523
150 P 28.62 39.15 2819
151 P 28.67 39.23 2687
152 P 28.35 39.29 2900
153 P 29.01 39.23 3099
154 P 28.77 39.26 3330
155 P 28.66 39.28 3202
156 P 28.78 39.34 3123
157 P 28.46 39.36 3277
158 P 28.19 39.37 3351
159 P 28.11 39.48 3146
160 P 28.41 39.58 3193
161 P 27.63 39.59 3742
162 P 27.74 39.66 2731
163 P 27.70 39.68 3149
164 P 27.62 39.73 2938
165 P 27.59 39.76 3164
166 P 27.49 39.80 3067
167 P 27.76 39.82 3129
168 P 27.31 39.88 3496
169 P 27.78 39.89 2965
170 P 27.40 39.95 2720
171 P 27.40 40.00 2693
172 P 27.78 40.04 3031
173 P 27.20 40.09 2923
174 P 27.70 40.12 2983
175 P 27.32 40.20 3110
176 P 27.16 40.18 3647
177 P 27.03 40.19 3838
178 P 26.92 40.24 2966
179 P 26.77 40.27 2822
180 P 26.68 40.30 3320
181 P 26.51 40.32 3374
182 P 26.28 40.34 3462
183 P 26.67 40.37 3674
184 P 26.25 40.43 3386
185 P 26.28 40.50 3110
186 P 26.48 40.53 2550
187 P 26.34 40.60 3350
188 P 26.46 40.65 2895
189 P 26.57 40.62 3083
190 P 26.52 40.64 4168
191 P 26.27 40.62 5239
192 P 26.24 40.60 5522
193 P 26.47 40.59 5085
194 P 26.43 40.61 5034
195 P 26.40 40.69 4965
196 P 26.35 40.71 4420
197 P 25.83 40.79 3877
198 P 25.68 40.82 4391
199 P 25.55 40.84 4368
200 P 25.76 40.86 4744
201 P 25.45 40.94 4177
202 P 25.64 41.01 4320
203 P 25.62 41.03 4529
204 P 25.62 41.00 4499
205 P 25.69 41.08 4283
206 P 25.61 41.10 4330
207 P 25.24 41.09 4856
208 P 25.48 41.04 5000
209 P 25.56 40.97 5151
210 P 25.31 41.03 4852
211 P 25.68 41.06 4758
212 P 25.64 41.09 4126
213 P 25.66 41.10 5114
214 P 25.62 41.15 5290
215 P 25.31 41.17 5052
216 P 25.42 41.16 4392
217 P 25.34 41.15 4982
218 P 25.21 41.19 4016
219 P 25.30 41.24 3734
220 P 25.60 41.26 4103
221 P 25.25 41.23 4356
222 P 25.31 41.20 4521
223 P 25.23 41.20 4760
224 P 25.11 41.24 4763
225 P 25.27 41.27 4680
226 P 25.16 41.28 4706
227 P 25.55 41.31 4486
228 P 25.00 41.30 4852
229 P 25.48 41.29 4663
230 P 25.21 41.29 4933
231 P 25.19 41.34 4372
232 P 25.42 41.34 4748
233 P 25.03 41.33 4774
234 P 25.04 41.36 4463
235 P 25.32 41.39 3703
236 P 25.25 41.40 3547
237 P 25.49 41.39 4615
238 P 25.27 41.34 4917
239 P 25.29 41.37 5323
240 P 25.26 41.35 5469
241 P 25.34 41.38 4074
242 P 25.13 41.41 4280
243 P 25.27 41.41 3841
244 P 24.98 41.45 3633
245 P 25.28 41.47 3597
246 P 25.09 41.48 3599
247 P 25.29 41.50 3339
248 P 25.10 41.51 3604
249 P 24.97 41.52 3553
250 P 25.06 41.54 3049
251 P 25.01 41.53 3089
252 P 24.84 41.55 3045
253 P 25.29 41.52 3442
254 P 25.06 41.52 3445
255 P 25.22 41.51 3258
256 P 25.14 41.53 3695
257 P 25.08 41.56 3575
258 P 25.04 41.57 4186
259 P 25.07 41.58 3883
260 P 24.89 41.59 4087
261 P 24.78 41.58 3893
262 P 24.53 41.62 4436
263 P 24.79 41.69 4122
264 P 24.90 41.72 4428
265 P 24.72 41.75 3581
266 P 24.15 41.70 4085
267 P 24.39 41.69 4740
268 P 24.18 41.74 4346
269 P 24.23 41.79 5226
270 P 24.42 41.77 5496
271 P 24.28 41.78 5863
272 P 24.59 41.81 6236
273 P 24.01 41.80 5915
274 P 24.14 41.82 6275
275 P 24.13 41.83 6199
276 P 24.08 41.79 6668
277 P 24.23 41.87 6012
278 P 24.27 41.90 6697
279 P 23.99 41.95 7362
280 P 23.97 41.92 8584
281 P 23.98 41.92 9815
282 P 23.76 41.97 10516
283 P 23.87 41.98 11055
284 P 23.84 41.94 11652
285 P 23.86 41.86 11494
286 P 24.11 41.91 11573
287 P 24.07 41.98 12124
288 P 24.15 42.06 13948
289 P 23.64 42.12 15496
290 P 23.91 42.09 14756
291 P 23.77 42.09 13440
292 P 24.36 42.03 13698
293 P 24.25 42.03 13615
294 P 24.55 41.96 13748
295 P 24.56 41.89 13028
296 P 24.62 41.83 12951
297 P 24.85 41.75 13617
298 P 24.90 41.61 13605
299 P 25.26 41.48 13800
300 P 25.51 41.39 12583
301 P 25.75 41.27 11962
302 P 26.03 41.04 11746
303 P 26.21 41.03 10972
304 P 26.37 40.96 11325
305 P 26.80 40.88 11477
306 P 27.02 40.69 10775
307 P 26.79 40.72 9528
308 P 27.22 40.93 8931
309 P 27.25 41.04 6829
310 P 27.47 40.99 5964
311 P 27.76 40.94 6392
312 P 27.69 40.89 6714
313 P 28.03 40.78 7168
314 P 27.70 40.80 7827
315 P 27.88 40.66 7866
316 P 28.14 40.53 7753
317 P 28.33 40.33 7283
318 P 28.53 40.26 5965
319 P 28.55 40.20 5401
320 P 28.60 40.20 5218
321 P 28.52 40.12 5457
322 P 28.79 40.06 5103
323 P 28.78 40.08 4684
324 P 28.68 40.07 4907
325 P 28.70 40.14 4454
326 P 28.89 40.07 4031
327 P 29.12 40.02 3960
328 P 29.16 39.97 4285
329 P 28.98 39.89 4508
330 P 29.07 39.88 3839
331 P 29.09 39.93 3650
332 P 29.13 40.00 3670
333 P 29.01 40.04 3924
334 P 29.17 40.07 3876
335 P 29.05 40.19 4271
336 P 28.94 40.16 4467
337 P 28.97 40.15 4247
338 P 28.89 40.14 4310
339 P 28.71 40.15 4539
340 P 28.88 40.13 4285
341 P 28.74 40.12 4470
342 P 28.78 40.02 4608
343 P 28.82 40.00 4976
344 P 28.73 39.98 4687
345 P 28.75 40.06 4643
346 P 28.95 40.08 4392
347 P 28.84 40.02 5041
348 P 28.86 40.12 5356
349 P 28.79 40.11 5166
350 P 28.87 40.09 4854
351 P 28.73 40.06 3638
352 P 28.90 40.14 3022
353 P 28.71 40.22 3582
354 P 29.95 39.79 1979
