% Nframe | type | QP | PSNR | size (Bytes) 
0 I 30.15 38.34 17144
1 P 32.41 37.91 578
2 P 33.63 37.81 1252
3 P 33.47 37.78 1794
4 P 33.62 37.89 2218
5 P 33.14 37.90 2266
6 P 32.81 38.05 2327
7 P 33.54 37.89 1785
8 P 34.17 37.56 1867
9 P 34.13 37.30 1850
10 P 34.05 37.55 2043
11 P 33.25 37.76 2469
12 P 37.36 36.51 801
13 P 37.06 36.08 1133
14 P 35.53 36.45 2114
15 P 34.53 36.98 1935
16 P 31.66 37.93 2279
17 P 31.36 38.52 3634
18 P 29.99 38.79 4760
19 P 28.78 38.80 5501
20 P 27.84 38.56 5879
21 P 27.81 38.88 4342
22 P 27.33 39.47 5513
23 P 26.64 39.77 7910
24 P 26.08 40.15 8029
25 P 25.32 40.22 9183
26 P 25.05 40.30 8724
27 P 24.97 40.72 7716
28 P 24.57 40.93 7481
29 P 24.79 40.64 8880
30 P 25.40 40.52 10274
31 P 25.43 40.56 10236
32 P 25.52 40.65 9567
33 P 25.74 40.72 8121
34 P 25.51 40.56 9645
35 P 26.17 40.15 9179
36 P 26.37 40.02 8289
37 P 26.88 39.78 5543
38 P 27.11 39.94 3873
39 P 26.99 40.04 5190
40 P 27.01 39.96 5251
41 P 27.79 39.80 4687
42 P 27.74 39.61 4125
43 P 28.15 39.52 3899
44 P 27.91 39.42 3726
45 P 28.26 39.48 3844
46 P 29.51 39.19 3570
47 P 30.54 38.81 3570
48 P 31.31 38.67 3085
49 P 31.01 38.94 2234
50 P 30.56 39.21 2492
51 P 30.20 39.16 3505
52 P 29.96 38.98 4009
53 P 30.45 39.00 3686
54 P 30.27 38.94 3886
55 P 29.97 38.83 4015
56 P 30.16 38.85 4079
57 P 29.21 38.94 4163
58 P 29.38 39.20 4421
59 P 29.11 39.43 5913
60 P 28.92 39.64 7160
61 P 28.29 39.54 6898
62 P 28.19 39.30 6572
63 P 28.56 39.19 6889
64 P 28.29 39.10 6136
65 P 28.54 39.11 5582
66 P 27.63 39.18 5748
67 P 27.61 39.33 5677
68 P 27.68 39.44 5156
69 P 28.05 39.32 5547
70 P 28.09 39.18 5916
71 P 28.33 39.18 5912
72 P 28.70 39.10 5880
73 P 28.99 38.82 5215
74 P 28.77 38.74 4909
75 P 28.49 39.00 5731
76 P 28.04 39.16 6602
77 P 28.08 39.57 8062
78 P 27.79 39.79 8510
79 P 28.12 39.68 8123
80 P 28.98 39.36 8891
81 P 28.42 39.12 9299
82 P 28.31 38.81 8903
83 P 28.63 38.80 7793
84 P 28.57 38.92 6941
85 P 28.08 39.04 6706
86 P 27.80 39.17 5857
87 P 27.91 39.22 6023
88 P 28.25 39.11 6078
89 P 29.01 39.03 6123
90 P 28.98 38.80 5710
91 P 29.30 38.74 6130
92 P 29.27 38.76 6069
93 P 30.19 38.56 5574
94 P 29.52 38.67 4352
95 P 29.83 38.51 4230
96 P 30.42 38.43 3779
97 P 30.40 38.54 3648
98 P 30.19 38.48 3840
99 P 30.04 38.15 3965
100 P 30.13 37.95 4283
101 P 30.97 37.90 3568
102 P 31.29 38.05 3790
103 P 31.28 38.34 4654
104 P 31.22 38.31 4891
105 P 30.99 38.07 5564
106 P 30.88 38.21 4895
107 P 30.54 38.09 4350
108 P 30.71 38.10 4457
109 P 30.35 38.06 4569
110 P 30.20 38.15 4752
111 P 30.70 38.16 4725
112 P 30.29 38.21 4327
113 P 31.00 38.21 3811
114 P 30.02 38.39 3258
115 P 31.43 38.51 3172
116 P 31.39 38.61 3712
117 P 30.68 38.53 3909
118 P 31.33 38.54 4261
119 P 31.27 38.34 4830
120 P 31.21 38.22 4649
121 P 31.70 38.25 4659
122 P 30.81 38.22 4604
123 P 31.65 38.34 3887
124 P 30.75 38.51 3436
125 P 31.87 38.42 3701
126 P 31.40 38.26 3816
127 P 31.65 38.13 4652
128 P 30.73 38.50 5539
129 P 31.21 38.72 5463
130 P 30.65 39.03 6356
131 P 31.19 39.08 5867
132 P 30.67 38.98 5455
133 P 30.79 38.71 5819
134 P 30.81 38.63 4888
135 P 31.12 38.67 4251
136 P 30.90 38.56 4783
137 P 31.29 38.56 4515
138 P 30.11 38.45 3894
139 P 31.33 38.64 2808
140 P 31.10 38.65 4033
141 P 30.44 38.79 5038
142 P 30.93 38.89 5270
143 P 30.74 39.27 4952
144 P 30.73 39.46 5761
145 P 30.73 39.48 6148
146 P 30.01 39.60 6497
147 P 29.35 39.53 8177
148 P 28.99 39.04 9058
149 P 29.26 38.83 9501
150 P 28.34 38.86 9835
151 P 28.54 39.24 8991
152 P 28.44 39.43 7733
153 P 27.96 39.73 8621
154 P 27.89 39.93 8698
155 P 27.82 40.15 8709
156 P 27.69 40.46 9579
157 P 27.86 40.75 11392
158 P 27.73 41.06 12683
159 P 27.87 41.24 13078
160 P 27.90 41.34 12924
161 P 27.86 41.62 13120
162 P 27.56 42.32 11203
163 P 27.43 43.11 9948
164 P 27.07 43.75 8789
165 P 26.63 44.47 7619
166 P 26.49 44.20 7231
167 P 26.78 43.98 7312
168 P 26.56 44.24 7555
169 P 26.51 43.49 8157
170 P 27.11 42.93 9292
171 P 27.20 42.85 9816
172 P 27.51 42.47 10218
173 P 27.98 42.33 10098
174 P 29.36 41.50 11386
175 P 29.61 40.90 11900
176 P 29.64 40.39 10125
177 P 29.65 39.94 7248
178 P 29.57 39.61 8159
179 P 29.88 39.19 8195
180 P 29.98 38.91 8218
181 P 30.78 38.53 8547
182 P 30.61 38.21 8546
183 P 30.90 37.97 8201
184 P 31.45 37.50 8310
185 P 31.27 37.08 8511
186 P 31.48 36.68 8820
187 P 31.69 36.40 8530
188 P 31.73 36.32 7612
189 P 31.48 36.59 6667
190 P 31.70 36.55 7129
191 P 31.69 36.23 7187
192 P 32.10 35.88 7686
193 P 32.34 35.61 7904
194 P 32.39 35.40 6903
195 P 32.73 35.08 6383
196 P 33.30 34.78 7820
197 P 33.19 34.55 8988
198 P 33.41 34.40 6700
199 P 33.58 34.16 7307
200 P 34.05 33.71 7673
201 P 34.04 33.21 9959
202 P 34.39 32.56 10446
203 P 34.95 31.82 11711
204 P 34.91 31.02 11273
205 P 35.05 30.49 9310
206 P 35.15 30.38 6327
207 P 35.73 29.66 6478
208 P 35.51 29.64 3953
209 P 35.68 29.76 3525
210 P 35.87 29.70 2750
211 P 35.93 29.69 2540
212 P 35.90 29.92 2606
213 P 35.89 29.91 2185
214 P 36.01 29.89 1882
215 P 36.31 29.84 1733
216 P 36.13 29.76 1780
217 P 36.84 29.63 1582
218 P 36.31 29.59 1679
219 P 36.63 29.58 1094
220 P 36.38 29.64 869
221 P 36.69 29.68 772
222 P 36.24 29.71 738
223 P 36.88 29.77 540
224 P 36.29 29.75 467
225 P 36.64 29.78 626
226 P 36.56 29.74 1201
227 P 36.70 29.74 1446
228 P 36.42 29.75 1522
229 P 36.24 29.88 1574
230 P 36.16 29.89 1583
231 P 36.34 29.93 719
232 P 36.13 29.94 659
233 P 35.72 29.97 878
234 P 36.12 29.99 675
235 P 35.71 29.98 1248
236 P 35.87 30.00 920
237 P 35.74 29.96 1492
238 P 35.29 29.98 1623
239 P 35.37 29.95 1542
240 P 35.71 30.00 2164
241 P 35.43 30.04 2215
242 P 35.14 30.06 2275
243 P 35.06 30.10 2653
244 P 34.89 30.16 2783
245 P 34.78 30.25 2362
246 P 34.87 30.26 1926
247 P 37.27 29.96 415
% Nframe | type | QP | PSNR | size (Bytes) 
25 P 27.74 39.94 2237
26 P 25.56 40.13 5653
27 P 26.07 40.12 4706
28 P 25.64 40.21 4779
29 P 25.53 40.37 5987
30 P 24.57 40.50 5003
31 P 24.60 40.56 1915
32 P 25.88 40.46 4663
33 P 25.69 40.39 4699
34 P 26.01 40.44 7305
35 P 26.06 40.35 5547
36 P 27.21 40.17 5478
37 P 25.85 40.23 6762
38 P 25.48 40.21 2907
39 P 24.93 40.14 8528
40 P 25.07 40.19 6720
41 P 24.61 40.22 6389
42 P 25.02 40.28 5934
43 P 24.54 40.37 6536
44 P 25.65 40.41 6500
45 P 25.18 40.46 6468
46 P 26.16 40.44 6004
47 P 26.07 40.43 6019
48 P 25.94 40.57 7672
49 P 25.74 40.48 2688
50 P 25.93 40.48 6019
51 P 25.50 40.39 5564
52 P 26.37 40.22 5423
53 P 26.38 40.04 6347
54 P 25.50 40.21 12588
55 P 25.68 40.19 2719
56 P 26.30 40.03 5312
57 P 27.37 39.88 4945
58 P 27.05 39.87 6513
59 P 27.65 39.86 5601
60 P 27.81 39.82 5441
61 P 27.68 39.90 5874
62 P 27.79 39.90 6411
63 P 27.54 39.87 5854
64 P 27.77 39.93 5850
65 P 28.58 39.89 5428
66 P 28.58 39.71 5021
67 P 29.00 39.76 5867
68 P 29.06 39.76 5657
69 P 29.08 39.77 5718
70 P 28.46 39.67 5713
71 P 28.52 39.63 5945
72 P 27.67 39.84 7682
73 P 28.39 39.82 2132
74 P 28.29 39.63 5822
75 P 28.38 39.70 5530
76 P 29.20 39.65 5180
77 P 28.51 39.63 6204
78 P 28.92 39.74 5332
79 P 29.11 39.73 1861
80 P 29.07 39.59 5052
81 P 28.71 39.60 4461
82 P 28.47 39.62 6053
83 P 29.29 39.61 4469
84 P 29.51 39.56 4509
85 P 28.50 39.62 4948
86 P 29.57 39.61 4447
87 P 29.47 39.56 4506
88 P 29.86 39.65 5147
89 P 29.30 39.61 4107
90 P 29.49 39.65 4173
91 P 29.42 39.62 4491
92 P 28.74 39.63 4894
93 P 28.35 39.59 5021
94 P 29.79 39.61 5022
95 P 28.58 39.55 4916
96 P 28.87 39.81 7350
97 P 29.11 39.79 1868
98 P 27.79 39.66 5396
99 P 29.46 39.68 5894
100 P 29.11 39.61 5982
101 P 28.87 39.64 7808
102 P 28.39 39.71 7187
103 P 28.43 39.75 2716
104 P 28.30 39.60 5589
105 P 27.02 39.79 7386
106 P 27.60 39.73 6013
107 P 28.65 39.78 6226
108 P 28.87 39.65 5747
109 P 29.39 39.98 10920
110 P 29.21 39.88 5712
111 P 29.06 39.83 5806
112 P 29.38 39.84 4935
113 P 29.32 39.81 4875
114 P 29.32 39.82 5052
115 P 28.90 39.85 4814
116 P 28.89 39.86 5135
117 P 28.69 39.80 5239
118 P 28.53 39.75 5469
119 P 28.97 39.69 5060
120 P 29.07 39.67 4798
121 P 29.06 39.63 4567
122 P 29.25 39.58 4392
123 P 29.27 39.58 4949
124 P 28.98 39.69 4650
125 P 28.97 39.72 1717
126 P 29.35 39.68 3812
127 P 29.10 39.68 3810
128 P 29.30 39.73 4616
129 P 29.26 39.73 4079
130 P 29.25 39.79 4630
131 P 29.56 39.79 1983
132 P 30.18 39.66 4694
133 P 29.36 39.68 5917
134 P 29.12 39.71 4722
135 P 29.54 39.68 4606
136 P 29.69 39.66 4435
137 P 29.85 39.74 3934
138 P 29.36 39.79 4164
139 P 29.27 39.79 4219
140 P 28.89 39.83 4007
141 P 29.04 39.83 4231
142 P 28.87 39.95 5226
143 P 28.84 39.98 2405
144 P 28.82 39.91 4241
145 P 28.73 39.85 3543
146 P 29.22 39.84 3638
147 P 29.22 39.81 4447
148 P 28.93 39.88 4167
149 P 27.89 39.93 1319
150 P 28.66 39.87 3630
151 P 28.80 39.86 3798
152 P 29.19 39.91 5118
153 P 29.06 39.88 4574
154 P 28.92 39.90 4759
155 P 29.33 39.93 2120
156 P 29.35 39.80 4127
157 P 28.97 39.88 6397
158 P 28.83 39.86 4655
159 P 28.89 39.85 4709
160 P 28.72 39.84 4874
161 P 28.42 39.85 4861
162 P 28.58 39.85 4130
163 P 28.84 39.88 10645
164 P 28.45 39.78 5342
165 P 28.36 39.74 4845
166 P 28.61 39.90 6933
167 P 28.03 39.96 1820
168 P 28.22 39.87 5409
169 P 28.82 39.83 5218
170 P 28.72 39.77 5664
171 P 28.55 39.83 7421
172 P 28.82 39.86 6095
173 P 27.99 39.84 3061
174 P 28.92 39.81 6402
175 P 28.86 39.74 5716
176 P 28.91 39.85 7591
177 P 28.55 39.82 5902
178 P 28.23 39.91 6395
179 P 27.94 39.93 2160
180 P 28.30 39.84 5214
181 P 28.48 39.87 6257
182 P 28.30 39.84 4824
183 P 28.78 39.87 5018
184 P 28.41 39.90 4912
185 P 28.52 39.86 5348
186 P 28.44 39.85 5609
187 P 28.40 39.94 5448
188 P 28.06 39.90 5719
189 P 28.13 39.83 4766
190 P 28.13 39.86 6710
191 P 27.96 39.91 1969
192 P 28.42 39.80 4773
193 P 28.25 39.82 5228
194 P 28.26 39.78 4918
195 P 28.37 39.85 6375
196 P 28.09 39.92 5949
197 P 27.83 39.95 2540
198 P 28.30 39.83 5120
199 P 28.15 39.76 5055
200 P 28.44 39.88 7008
201 P 28.50 39.86 5930
202 P 28.28 39.85 6076
203 P 28.19 39.84 3448
204 P 28.56 39.80 6950
205 P 28.32 39.75 6323
206 P 28.39 39.77 5108
207 P 28.14 39.81 5079
208 P 28.77 39.79 4926
209 P 28.46 39.68 4435
210 P 29.06 40.24 8283
211 P 28.55 40.19 4195
212 P 28.30 40.20 4431
213 P 28.33 40.21 4704
214 P 28.24 40.42 6931
215 P 28.41 40.37 1436
216 P 27.64 40.21 4696
217 P 27.89 40.21 5007
218 P 27.82 40.18 4564
219 P 28.44 40.17 5648
220 P 27.97 40.30 4670
221 P 28.26 40.35 1344
222 P 28.02 40.24 4396
223 P 27.89 40.23 4849
224 P 28.24 40.21 6235
225 P 28.49 40.20 5553
226 P 28.74 40.28 5924
227 P 28.56 40.23 2052
228 P 28.81 40.12 6789
229 P 28.20 40.18 5353
230 P 27.90 40.17 4686
231 P 27.91 40.14 4673
232 P 28.02 40.13 4502
233 P 27.98 40.16 4312
234 P 28.15 40.21 4029
235 P 28.06 40.18 4210
236 P 28.11 40.19 4411
237 P 27.96 40.11 4507
238 P 27.83 40.16 6653
239 P 28.34 40.18 2034
240 P 28.04 40.04 5138
241 P 28.20 40.04 5260
242 P 28.66 40.00 4732
243 P 28.41 40.10 6419
244 P 27.81 40.17 4793
245 P 28.64 40.19 1547
246 P 28.67 40.13 4271
247 P 28.23 40.12 5490
248 P 28.06 40.10 4304
249 P 28.28 40.08 4380
250 P 28.04 40.11 4433
251 P 28.70 40.13 1744
252 P 27.76 40.01 5331
253 P 28.45 40.01 4826
254 P 28.20 40.03 4441
255 P 29.16 39.70 3463
% Nframe | type | QP | PSNR | size (Bytes) 
25 P 26.14 44.03 8463
26 P 26.68 43.60 8499
27 P 27.05 42.90 9019
28 P 28.11 41.72 9104
29 P 29.11 39.53 9909
30 P 30.07 39.22 5877
31 P 29.73 39.97 6009
32 P 29.70 40.22 6191
33 P 29.49 40.64 5564
34 P 29.45 40.77 4635
35 P 29.88 40.89 3866
36 P 29.30 40.96 3374
37 P 29.66 40.91 3092
38 P 29.74 40.76 3319
39 P 30.49 40.13 3508
40 P 32.11 39.04 3051
41 P 31.88 38.44 3122
42 P 32.30 38.08 2898
43 P 33.11 37.64 2833
44 P 32.86 37.82 2470
45 P 32.82 38.17 2463
46 P 32.49 38.24 2511
47 P 32.75 38.38 2284
48 P 32.09 38.82 2514
49 P 32.18 38.64 2614
50 P 31.95 38.44 3229
51 P 31.97 38.10 3568
52 P 31.94 37.88 3979
53 P 31.91 37.90 3942
54 P 31.72 38.28 3321
55 P 31.46 38.56 2890
56 P 31.29 38.77 2474
57 P 31.09 38.68 2555
58 P 30.75 38.48 2597
59 P 30.39 38.57 2733
60 P 30.42 38.53 2880
61 P 30.07 38.75 3026
62 P 30.14 38.81 2935
63 P 30.46 38.66 3129
64 P 30.19 38.46 3416
65 P 30.42 38.10 3143
66 P 30.77 38.10 2503
67 P 30.55 38.31 2075
68 P 30.45 38.57 2521
69 P 30.53 38.39 3015
70 P 30.10 38.63 3878
71 P 29.71 38.62 5330
72 P 29.57 38.51 5133
73 P 29.36 38.35 5273
74 P 29.76 38.33 5149
75 P 29.53 38.53 4335
76 P 29.30 38.65 3828
77 P 28.84 38.89 3408
78 P 28.92 39.05 3432
79 P 28.04 39.02 3915
80 P 28.20 38.64 3859
81 P 28.56 38.63 2741
82 P 28.37 38.73 2353
83 P 29.06 38.85 2262
84 P 29.22 38.95 2424
85 P 29.35 39.03 2707
86 P 29.30 39.20 3085
87 P 29.31 39.29 3633
88 P 28.91 39.31 3905
89 P 29.24 39.20 4187
90 P 28.74 39.06 4725
91 P 28.90 38.79 5147
92 P 28.62 38.70 4773
93 P 28.32 38.65 4524
94 P 28.45 38.72 4052
95 P 27.91 38.89 3770
96 P 27.86 38.96 3232
97 P 27.10 39.16 3471
98 P 27.26 39.39 2903
99 P 27.44 39.57 2674
100 P 27.52 39.62 2776
101 P 27.49 39.55 2693
102 P 27.75 39.51 2657
103 P 27.63 39.41 2366
104 P 27.42 39.31 2790
105 P 27.43 39.25 3000
106 P 27.98 39.16 2916
107 P 27.70 39.17 2350
108 P 28.01 39.29 1646
109 P 28.01 39.33 2131
110 P 27.90 39.36 2328
111 P 27.68 39.47 2010
112 P 27.46 39.60 1930
113 P 27.26 39.61 2410
114 P 27.27 39.51 2762
115 P 27.08 39.47 2513
116 P 26.85 39.57 2623
117 P 26.61 39.72 2404
118 P 26.74 39.83 2216
119 P 26.28 39.88 2323
120 P 26.01 39.97 2564
121 P 26.12 40.05 2742
122 P 26.49 40.07 2802
123 P 26.43 39.98 3611
124 P 26.27 40.00 4532
125 P 26.25 39.99 4472
126 P 26.45 39.98 4260
127 P 26.05 40.03 3996
128 P 25.97 40.17 3749
129 P 26.02 40.25 3499
130 P 25.78 40.31 3196
131 P 25.70 40.36 3762
132 P 25.35 40.35 3994
133 P 25.21 40.40 3470
134 P 25.31 40.53 3345
135 P 25.28 40.62 2723
136 P 25.13 40.71 2783
137 P 25.28 40.78 2560
138 P 25.37 40.77 2539
139 P 24.92 40.75 2415
140 P 25.10 40.79 1818
141 P 25.06 40.87 2114
142 P 25.26 40.88 2441
143 P 24.90 40.85 2485
144 P 24.71 40.84 3285
145 P 24.64 40.90 2813
146 P 24.41 40.92 2928
147 P 24.08 40.95 2895
148 P 24.20 40.98 2978
149 P 24.16 41.01 2903
150 P 23.79 41.11 3354
151 P 23.75 41.20 3147
152 P 23.69 41.27 3386
153 P 23.71 41.23 3721
154 P 23.16 41.28 4068
155 P 23.39 41.32 4038
156 P 23.36 41.38 3311
157 P 23.40 41.39 3764
158 P 23.15 41.37 4156
159 P 22.96 41.47 3749
160 P 23.20 41.58 3725
161 P 22.87 41.56 4193
162 P 22.80 41.64 3062
163 P 22.45 41.67 3349
164 P 22.59 41.71 3235
165 P 22.44 41.69 3400
166 P 22.27 41.70 3702
167 P 21.79 41.71 3881
168 P 22.27 41.77 3936
169 P 22.18 41.78 4011
170 P 22.18 41.83 3240
171 P 21.72 41.87 3220
172 P 21.99 41.87 3376
173 P 22.03 41.89 3459
174 P 22.09 41.92 3434
175 P 22.05 41.96 3248
176 P 21.83 41.94 4766
177 P 21.94 41.98 4691
178 P 21.93 42.05 3379
179 P 22.03 42.09 3090
180 P 21.84 42.06 3654
181 P 21.81 42.04 4372
182 P 21.71 42.08 4096
183 P 21.63 42.11 4330
184 P 21.35 42.21 4022
185 P 21.47 42.28 3165
186 P 21.28 42.31 2881
187 P 20.81 42.37 3627
188 P 20.92 42.39 2941
189 P 21.20 42.32 3354
190 P 21.20 42.30 5106
191 P 21.17 42.28 5857
192 P 21.05 42.22 6314
193 P 20.93 42.21 6366
194 P 21.10 42.27 6260
195 P 20.61 42.31 5953
196 P 20.65 42.31 4965
197 P 20.56 42.43 4164
198 P 20.45 42.46 4845
199 P 20.57 42.46 4990
200 P 20.57 42.46 5697
201 P 20.58 42.51 4960
202 P 20.56 42.56 4497
203 P 20.47 42.56 4996
204 P 20.56 42.54 5588
205 P 20.64 42.58 4921
206 P 20.55 42.57 5292
207 P 20.88 42.55 5276
208 P 20.83 42.49 5994
209 P 20.81 42.42 6089
210 P 20.49 42.45 5807
211 P 20.57 42.46 5646
212 P 20.52 42.49 5504
213 P 20.64 42.46 6026
214 P 20.59 42.51 6336
215 P 20.55 42.46 6369
216 P 20.83 42.52 5326
217 P 20.58 42.57 5784
218 P 20.39 42.61 4043
219 P 20.53 42.65 3812
220 P 20.66 42.64 4576
221 P 20.62 42.58 4918
222 P 20.72 42.59 5131
223 P 20.77 42.57 4530
224 P 20.68 42.53 4506
225 P 20.81 42.52 5334
226 P 20.72 42.53 5353
227 P 20.78 42.52 4919
228 P 20.83 42.46 5130
229 P 20.70 42.43 5405
230 P 20.62 42.42 5937
231 P 20.81 42.47 4982
232 P 20.87 42.51 5339
233 P 20.55 42.49 5041
234 P 20.64 42.56 4858
235 P 20.69 42.59 3818
236 P 20.31 42.63 3630
237 P 20.59 42.58 4534
238 P 20.60 42.53 5437
239 P 20.68 42.52 6138
240 P 20.68 42.51 5392
241 P 20.42 42.57 4246
242 P 20.63 42.59 4064
243 P 20.41 42.57 4155
244 P 20.44 42.65 3251
245 P 20.61 42.66 3252
246 P 20.39 42.66 3215
247 P 20.45 42.65 3175
248 P 20.43 42.62 3472
249 P 20.37 42.64 3689
250 P 20.41 42.66 2999
251 P 20.35 42.67 2876
252 P 20.23 42.70 3091
253 P 20.19 42.65 3897
254 P 20.24 42.63 3710
255 P 20.46 42.64 3198
256 P 20.71 42.70 3912
257 P 20.45 42.71 3576
258 P 20.54 42.68 4439
259 P 20.63 42.70 4103
260 P 20.34 42.69 4212
261 P 20.29 42.68 4251
262 P 20.23 42.67 4321
263 P 20.34 42.78 4019
264 P 20.18 42.83 4274
265 P 20.17 42.88 3493
266 P 20.30 42.84 4076
267 P 20.06 42.78 5178
268 P 19.99 42.84 4631
269 P 20.02 42.84 5223
270 P 20.00 42.85 6046
271 P 20.02 42.85 5689
272 P 20.07 42.89 5979
273 P 19.92 42.88 6065
274 P 20.00 42.90 6624
275 P 20.04 42.94 6030
276 P 20.01 42.91 6730
277 P 20.01 42.96 6097
278 P 19.97 42.95 6535
279 P 19.90 43.01 7466
280 P 19.86 43.00 8401
281 P 19.95 42.98 9186
282 P 19.92 43.03 10097
283 P 19.86 43.06 10594
284 P 19.97 43.01 10884
285 P 19.99 42.95 10874
286 P 19.91 43.03 10988
287 P 19.98 43.08 10643
288 P 20.05 43.16 12425
289 P 19.97 43.18 13672
290 P 19.91 43.19 13614
291 P 20.09 43.18 12238
292 P 20.13 43.08 12070
293 P 20.25 43.08 11847
294 P 20.28 43.04 12373
295 P 20.54 42.92 11640
296 P 20.61 42.89 11865
297 P 20.79 42.82 12445
298 P 20.71 42.70 12363
299 P 20.93 42.59 12464
300 P 20.88 42.49 11659
301 P 21.23 42.38 11061
302 P 21.66 42.20 10807
303 P 21.84 42.19 10102
304 P 21.96 42.14 10431
305 P 22.09 42.01 10296
306 P 21.91 41.90 10420
307 P 21.98 41.94 9240
308 P 22.34 42.09 8379
309 P 22.37 42.15 6562
310 P 22.83 42.15 5865
311 P 22.87 42.10 6187
312 P 23.24 42.05 6493
313 P 23.34 41.93 6598
314 P 23.33 41.96 7376
315 P 23.17 41.86 7808
316 P 23.54 41.78 7618
317 P 23.51 41.55 6744
318 P 23.77 41.49 5546
319 P 23.82 41.47 5299
320 P 24.39 41.43 4819
321 P 24.50 41.41 5244
322 P 24.04 41.34 5218
323 P 24.26 41.36 4725
324 P 24.50 41.34 4623
325 P 24.58 41.36 4369
326 P 24.36 41.31 3978
327 P 24.64 41.28 4101
328 P 24.95 41.23 4440
329 P 24.87 41.17 4274
330 P 24.90 41.14 3548
331 P 24.61 41.18 3453
332 P 24.78 41.25 3605
333 P 24.88 41.30 3966
334 P 25.13 41.31 3899
335 P 24.61 41.37 4391
336 P 24.42 41.33 4463
337 P 24.66 41.38 4279
338 P 24.28 41.38 4293
339 P 24.30 41.37 4282
340 P 24.19 41.39 4369
341 P 24.46 41.37 4255
342 P 24.19 41.30 4454
343 P 24.22 41.29 4729
344 P 24.85 41.30 4693
345 P 24.01 41.35 4469
346 P 24.17 41.34 4313
347 P 24.23 41.29 5209
348 P 24.13 41.37 5413
349 P 23.76 41.32 5089
350 P 24.24 41.33 5165
351 P 24.09 41.30 3612
352 P 24.22 41.37 3258
353 P 24.17 41.44 3558
354 P 25.37 40.97 1741
