% Nframe | type | QP | PSNR | size (Bytes) 
0 I 19.92 43.29 7005
1 P 20.10 42.66 632
2 P 20.65 42.47 954
3 P 21.15 42.39 1242
4 P 21.42 42.28 1559
5 P 21.22 42.26 1576
6 P 21.07 42.18 1552
7 P 21.06 42.18 1665
8 P 21.43 42.22 1519
9 P 21.71 42.07 1505
10 P 21.85 42.04 1441
11 P 21.98 42.09 1783
12 P 22.15 41.41 1326
13 P 18.64 43.23 2938
14 P 16.47 44.70 3470
15 P 15.22 45.66 3299
16 P 14.35 46.25 4198
17 P 13.68 46.56 4842
18 P 13.20 46.95 5711
19 P 12.75 47.31 5846
20 P 12.23 47.66 5893
21 P 11.83 47.94 6049
22 P 11.52 48.08 7082
23 P 11.35 48.20 7731
24 P 10.96 48.53 8112
25 P 10.90 48.41 8455
26 P 10.90 48.38 7648
27 P 10.79 48.53 7876
28 P 10.74 48.56 7999
29 P 10.79 48.62 8083
30 P 10.89 48.52 8204
31 P 11.08 48.38 7906
32 P 11.15 48.42 7554
33 P 11.24 48.41 7714
34 P 11.39 48.27 7887
35 P 11.61 48.04 7789
36 P 11.68 47.91 7491
37 P 11.95 47.87 6402
38 P 12.14 47.68 5819
39 P 12.30 47.53 6103
40 P 12.52 47.30 6073
41 P 12.76 47.21 5568
42 P 12.91 47.08 5444
43 P 13.06 47.11 5284
44 P 13.04 46.95 5262
45 P 13.12 46.91 5412
46 P 13.15 46.86 5033
47 P 13.39 46.78 4397
48 P 13.51 46.84 3946
49 P 13.64 46.87 3877
50 P 13.68 46.69 3976
51 P 13.63 46.60 4554
52 P 13.73 46.61 4547
53 P 13.99 46.61 4043
54 P 13.81 46.66 4394
55 P 13.84 46.60 4195
56 P 13.81 46.59 3961
57 P 13.82 46.47 4287
58 P 13.98 46.47 4559
59 P 14.02 46.41 5144
60 P 13.92 46.44 5777
61 P 13.61 46.60 6135
62 P 13.57 46.66 5901
63 P 13.46 46.75 5913
64 P 13.48 46.69 5515
65 P 13.57 46.66 4884
66 P 13.48 46.61 5196
67 P 13.47 46.59 5072
68 P 13.39 46.81 4970
69 P 13.42 46.81 5392
70 P 13.51 46.58 5662
71 P 13.42 46.59 5721
72 P 13.41 46.59 5674
73 P 13.46 46.57 5079
74 P 13.68 46.51 4677
75 P 13.64 46.43 5629
76 P 13.76 46.37 5826
77 P 13.70 46.44 6301
78 P 13.50 46.51 6770
79 P 13.56 46.54 6851
80 P 13.60 46.46 6862
81 P 13.62 46.37 6611
82 P 13.74 46.19 6575
83 P 13.75 46.32 6153
84 P 13.85 46.32 5876
85 P 13.97 46.32 5764
86 P 13.91 46.32 5504
87 P 13.93 46.35 5864
88 P 13.96 46.34 5763
89 P 14.14 46.21 5712
90 P 14.12 46.21 5838
91 P 14.27 46.13 5412
92 P 14.26 46.13 5853
93 P 14.38 46.10 5489
94 P 14.43 46.10 4996
95 P 14.40 46.23 5043
96 P 14.35 46.12 4872
97 P 14.36 46.10 4316
98 P 14.50 46.12 4695
99 P 14.53 46.01 4576
100 P 14.51 45.95 4495
101 P 14.42 45.98 4460
102 P 14.48 45.92 4683
103 P 14.41 45.86 5099
104 P 14.60 45.91 5102
105 P 14.54 45.89 5073
106 P 14.49 45.89 4769
107 P 14.53 46.01 4731
108 P 14.55 46.02 4642
109 P 14.13 46.05 4641
110 P 14.37 46.07 4511
111 P 14.55 46.15 4475
112 P 14.23 46.16 4140
113 P 14.12 46.23 4141
114 P 14.02 46.28 4093
115 P 14.15 46.15 4206
116 P 14.05 46.16 4323
117 P 14.26 46.03 4338
118 P 14.12 46.06 4403
119 P 14.18 46.04 4469
120 P 14.20 46.00 4246
121 P 14.15 46.06 4153
122 P 14.07 46.05 4316
123 P 14.23 46.08 4050
124 P 14.29 46.16 4122
125 P 14.22 46.18 4250
126 P 14.35 46.12 4173
127 P 14.38 46.15 4267
128 P 14.12 46.15 4455
129 P 14.30 46.30 4436
130 P 14.56 46.52 4610
131 P 14.01 46.67 4629
132 P 14.18 46.64 4553
133 P 13.84 46.51 4614
134 P 14.13 46.54 4428
135 P 13.87 46.45 4084
136 P 14.18 46.38 4270
137 P 14.00 46.42 4296
138 P 13.87 46.44 4133
139 P 14.20 46.47 4076
140 P 14.44 46.35 4404
141 P 14.07 46.34 4812
142 P 14.10 46.38 4904
143 P 14.16 46.46 4468
144 P 13.77 46.53 5262
145 P 14.30 46.53 5376
146 P 14.11 46.53 5610
147 P 14.01 46.66 6344
148 P 14.13 46.58 7012
149 P 14.25 46.32 7688
150 P 14.12 46.28 7668
151 P 14.01 46.41 7454
152 P 14.14 46.43 6966
153 P 14.17 46.48 7467
154 P 14.13 46.46 7609
155 P 14.23 46.68 7936
156 P 14.19 46.70 7315
157 P 14.30 46.77 6944
158 P 14.51 46.79 7022
159 P 14.45 46.89 7128
160 P 14.60 46.91 6891
161 P 14.38 46.98 7131
162 P 14.17 47.46 6658
163 P 13.97 47.81 6277
164 P 13.38 48.30 5536
165 P 12.94 49.05 4916
166 P 12.87 48.98 4745
167 P 12.88 48.76 5039
168 P 12.70 48.86 5194
169 P 12.99 48.72 5493
170 P 13.13 48.33 5951
171 P 13.54 48.13 5726
172 P 13.73 47.68 5747
173 P 14.05 47.64 5961
174 P 14.62 46.92 6961
175 P 15.00 46.72 7092
176 P 15.08 46.54 6737
177 P 15.10 46.64 6678
178 P 15.17 46.46 6684
179 P 15.26 46.37 6949
180 P 15.25 46.13 7142
181 P 15.44 45.83 7659
182 P 15.70 45.66 7532
183 P 16.00 45.47 7517
184 P 16.16 45.36 7666
185 P 16.08 45.27 7965
186 P 16.21 45.10 7432
187 P 16.39 44.92 7466
188 P 16.23 45.04 7644
189 P 16.36 45.16 6966
190 P 16.46 45.22 6680
191 P 16.65 44.91 6683
192 P 16.60 44.69 7345
193 P 16.70 44.47 7262
194 P 17.06 44.35 6979
195 P 17.33 44.10 6582
196 P 17.16 44.09 7245
197 P 17.44 43.99 7169
198 P 17.24 44.13 6921
199 P 17.36 43.95 6937
200 P 17.58 43.37 7337
201 P 17.73 42.92 8880
202 P 17.74 42.53 10470
203 P 17.89 42.26 11327
204 P 18.12 42.06 9809
205 P 18.19 42.07 9939
206 P 18.26 42.09 9997
207 P 18.17 42.05 10036
208 P 18.19 42.10 6672
209 P 18.15 42.15 7181
210 P 18.15 42.17 5116
211 P 18.30 42.09 5216
212 P 18.44 42.06 5233
213 P 18.34 42.06 5753
214 P 18.55 41.92 5730
215 P 18.64 41.81 5580
216 P 18.69 41.76 5760
217 P 18.74 41.94 4298
218 P 18.83 41.89 3219
219 P 18.77 41.80 1976
220 P 18.59 41.92 1028
221 P 18.49 41.91 713
222 P 18.91 41.95 698
223 P 18.50 42.26 578
224 P 18.76 42.22 498
225 P 19.16 42.32 896
226 P 18.99 42.14 2226
227 P 18.98 41.93 2804
228 P 19.01 41.72 3038
229 P 18.89 41.76 1735
230 P 18.99 41.77 1463
231 P 18.55 42.08 807
232 P 18.77 42.02 903
233 P 18.76 42.04 756
234 P 18.55 42.22 866
235 P 18.59 41.97 1214
236 P 18.83 42.00 965
237 P 18.33 42.01 2344
238 P 18.46 41.92 2499
239 P 18.42 42.01 3496
240 P 18.31 42.05 4095
241 P 18.33 42.01 3462
242 P 18.35 42.07 3829
243 P 18.31 42.04 4030
244 P 18.15 42.18 4522
245 P 17.96 42.33 2499
246 P 18.10 42.33 2362
247 P 19.88 41.28 1205
% Nframe | type | QP | PSNR | size (Bytes) 
25 P 11.34 49.19 2509
26 P 11.33 49.12 4755
27 P 11.59 48.98 4397
28 P 11.75 48.92 4501
29 P 11.76 49.11 5062
30 P 11.54 49.12 4482
31 P 11.52 49.09 2194
32 P 11.30 49.03 4705
33 P 11.54 48.96 4638
34 P 12.07 48.88 5691
35 P 12.05 48.82 5327
36 P 12.27 48.62 5251
37 P 11.79 48.84 6001
38 P 11.75 48.85 3109
39 P 11.68 48.56 6722
40 P 11.40 48.78 6566
41 P 11.58 48.80 6085
42 P 11.41 48.96 5952
43 P 10.91 49.17 6022
44 P 11.02 49.15 6067
45 P 10.88 49.13 6182
46 P 11.46 49.14 6083
47 P 11.25 49.16 6145
48 P 10.88 49.29 6733
49 P 11.39 49.24 3136
50 P 10.98 49.21 6238
51 P 11.11 49.15 6221
52 P 11.28 49.00 6148
53 P 11.44 48.71 6443
54 P 11.43 49.45 8362
55 P 11.40 49.41 3133
56 P 10.93 48.86 5893
57 P 11.15 48.85 5830
58 P 11.51 48.95 6543
59 P 10.81 48.83 5936
60 P 11.06 48.80 6078
61 P 10.89 48.85 6404
62 P 11.10 48.72 6537
63 P 11.39 48.86 6336
64 P 11.43 48.88 6211
65 P 11.50 48.76 5674
66 P 12.10 48.79 5416
67 P 11.83 48.71 5637
68 P 12.19 48.74 5838
69 P 12.11 48.64 5617
70 P 11.98 48.61 5602
71 P 12.12 48.52 5722
72 P 11.90 48.83 6324
73 P 12.02 48.84 2755
74 P 12.34 48.62 5526
75 P 12.25 48.72 5396
76 P 11.70 48.56 5152
77 P 11.76 48.69 5673
78 P 11.65 48.87 5261
79 P 11.92 48.83 2558
80 P 12.46 48.60 5087
81 P 12.34 48.63 4839
82 P 12.08 48.59 5528
83 P 12.27 48.58 4904
84 P 12.21 48.56 4974
85 P 12.80 48.44 5139
86 P 12.87 48.46 5067
87 P 12.94 48.42 5218
88 P 12.41 48.49 5445
89 P 12.42 48.46 5126
90 P 12.50 48.45 4870
91 P 12.29 48.43 5428
92 P 12.33 48.38 5611
93 P 12.41 48.40 5655
94 P 12.34 48.37 5761
95 P 12.15 48.35 5550
96 P 11.90 48.68 6529
97 P 12.07 48.67 2920
98 P 12.46 48.31 6039
99 P 12.88 48.40 6260
100 P 13.20 48.27 6037
101 P 12.20 48.35 6807
102 P 12.14 48.48 6600
103 P 13.10 48.51 3102
104 P 12.68 48.16 6019
105 P 12.75 48.44 6504
106 P 12.11 48.41 5989
107 P 12.47 48.34 5999
108 P 13.38 48.04 5613
109 P 12.65 48.66 8047
110 P 12.52 48.32 6019
111 P 12.61 48.29 5818
112 P 13.12 48.21 5172
113 P 13.06 48.22 5253
114 P 13.05 48.21 5257
115 P 13.10 48.28 5448
116 P 12.98 48.30 5795
117 P 13.11 48.28 5534
118 P 12.88 48.20 5750
119 P 12.76 48.16 5830
120 P 12.61 48.15 5397
121 P 12.93 48.21 5276
122 P 12.91 48.16 4944
123 P 13.01 48.18 5371
124 P 12.94 48.27 4984
125 P 12.84 48.27 2488
126 P 13.20 48.18 4602
127 P 13.59 48.14 4580
128 P 13.23 48.25 4915
129 P 13.49 48.22 4409
130 P 13.35 48.30 4818
131 P 13.50 48.28 2635
132 P 13.20 48.01 5017
133 P 13.05 48.09 5722
134 P 13.13 48.18 5115
135 P 13.18 48.10 4756
136 P 13.65 48.15 4546
137 P 13.08 48.27 4333
138 P 13.16 48.28 4288
139 P 13.15 48.26 4426
140 P 12.93 48.22 4296
141 P 13.02 48.19 4478
142 P 12.98 48.50 5272
143 P 12.65 48.39 3053
144 P 13.17 48.39 4577
145 P 12.73 48.35 4006
146 P 12.88 48.25 3987
147 P 12.93 48.27 4711
148 P 12.60 48.47 4197
149 P 12.45 48.49 2218
150 P 12.68 48.34 4052
151 P 12.54 48.30 4334
152 P 13.10 48.33 4902
153 P 12.69 48.29 4832
154 P 13.20 48.38 4411
155 P 12.75 48.38 2470
156 P 13.33 48.24 4461
157 P 12.58 48.38 5737
158 P 13.07 48.26 4761
159 P 12.99 48.31 4662
160 P 12.49 48.30 4887
161 P 12.87 48.43 5010
162 P 13.03 48.15 4369
163 P 12.90 48.58 7038
164 P 12.83 48.49 4979
165 P 12.80 48.33 4557
166 P 12.67 48.51 5507
167 P 12.72 48.46 2122
168 P 12.35 48.40 5385
169 P 12.52 48.32 5388
170 P 12.51 48.33 5662
171 P 12.45 48.34 6344
172 P 12.32 48.48 5967
173 P 12.36 48.47 3463
174 P 12.50 48.33 5958
175 P 12.64 48.35 5662
176 P 12.50 48.36 6447
177 P 12.36 48.38 5885
178 P 12.41 48.40 5815
179 P 12.70 48.50 2597
180 P 12.45 48.39 5134
181 P 12.83 48.48 5496
182 P 12.70 48.48 4948
183 P 12.53 48.43 4887
184 P 12.42 48.42 4996
185 P 12.47 48.38 5389
186 P 12.77 48.35 5713
187 P 12.87 48.37 5744
188 P 12.88 48.38 5822
189 P 12.90 48.33 5170
190 P 12.32 48.61 6044
191 P 12.69 48.58 2459
192 P 12.38 48.41 5151
193 P 12.48 48.43 5179
194 P 12.43 48.42 5322
195 P 12.33 48.49 5924
196 P 12.17 48.47 5670
197 P 12.19 48.57 3082
198 P 12.41 48.46 5237
199 P 12.40 48.33 5036
200 P 12.42 48.49 5816
201 P 12.85 48.48 5360
202 P 12.78 48.46 5713
203 P 12.37 48.45 4183
204 P 12.80 48.41 6136
205 P 12.43 48.43 5948
206 P 12.81 48.44 4964
207 P 12.73 48.48 4907
208 P 12.74 48.51 4792
209 P 13.03 48.34 4357
210 P 12.41 48.88 6429
211 P 12.17 48.76 4322
212 P 12.57 48.68 4416
213 P 12.29 48.60 4709
214 P 12.08 48.91 6183
215 P 12.80 48.87 1961
216 P 12.62 48.58 5015
217 P 12.08 48.56 4831
218 P 12.30 48.60 4675
219 P 12.45 48.53 5131
220 P 12.10 48.61 4903
221 P 12.66 48.59 2024
222 P 13.11 48.45 5046
223 P 12.46 48.30 5346
224 P 12.43 48.48 6298
225 P 12.50 48.39 5947
226 P 12.36 48.57 6403
227 P 12.40 48.52 2804
228 P 12.43 48.53 6728
229 P 12.42 48.50 5958
230 P 12.30 48.54 5316
231 P 11.98 48.52 5146
232 P 12.11 48.53 5115
233 P 12.28 48.60 4954
234 P 11.86 48.67 4776
235 P 12.35 48.60 4822
236 P 12.68 48.56 5110
237 P 12.81 48.45 5172
238 P 12.70 48.70 6385
239 P 12.45 48.72 2664
240 P 12.68 48.47 5633
241 P 12.55 48.53 5462
242 P 12.15 48.39 5220
243 P 12.08 48.43 5750
244 P 12.37 48.72 5109
245 P 12.64 48.65 2048
246 P 12.52 48.49 4821
247 P 12.57 48.49 5405
248 P 12.36 48.51 4788
249 P 12.13 48.51 4902
250 P 12.79 48.53 4764
251 P 12.81 48.52 2184
252 P 12.59 48.49 5293
253 P 12.22 48.48 5170
254 P 12.17 48.52 4924
255 P 14.38 47.83 3790
% Nframe | type | QP | PSNR | size (Bytes) 
25 P 10.50 49.24 9515
26 P 10.67 49.23 9225
27 P 11.07 48.71 9164
28 P 11.40 48.11 9254
29 P 11.95 47.58 9119
30 P 12.62 47.15 7420
31 P 13.07 46.93 7226
32 P 13.50 46.95 6862
33 P 13.76 46.88 6170
34 P 13.78 46.81 5425
35 P 14.04 47.03 4598
36 P 13.95 46.90 4022
37 P 14.15 46.89 3818
38 P 14.26 46.70 3988
39 P 14.79 46.35 4050
40 P 14.48 46.00 3770
41 P 15.24 45.71 3693
42 P 15.31 45.54 3678
43 P 15.87 45.40 3557
44 P 15.60 45.50 3130
45 P 15.85 45.42 3196
46 P 15.85 45.54 3266
47 P 15.63 45.50 3072
48 P 15.63 45.61 3208
49 P 15.37 45.64 3276
50 P 15.30 45.61 3651
51 P 15.48 45.63 3995
52 P 15.34 45.68 4273
53 P 15.35 45.73 4346
54 P 14.89 45.73 3891
55 P 14.96 45.88 3322
56 P 14.82 45.93 2921
57 P 14.52 46.07 3172
58 P 14.68 46.25 3149
59 P 14.35 46.23 3077
60 P 14.18 46.37 3416
61 P 14.27 46.52 3453
62 P 14.09 46.53 3656
63 P 14.26 46.42 3730
64 P 14.41 46.54 3796
65 P 14.21 46.56 3425
66 P 13.86 46.60 3440
67 P 14.14 46.59 3116
68 P 13.75 46.59 3875
69 P 13.63 46.59 4146
70 P 13.55 46.55 4614
71 P 13.69 46.57 5319
72 P 13.29 46.65 5336
73 P 13.52 46.64 5296
74 P 13.24 46.78 5134
75 P 13.13 46.98 4521
76 P 13.12 47.13 4429
77 P 13.42 47.21 4129
78 P 12.88 47.13 4175
79 P 12.66 47.32 4664
80 P 12.76 47.34 4449
81 P 12.64 47.44 3979
82 P 12.70 47.44 3257
83 P 12.73 47.34 3769
84 P 12.52 47.39 4290
85 P 12.85 47.33 4307
86 P 12.76 47.27 4333
87 P 12.67 47.29 4788
88 P 12.76 47.28 4891
89 P 12.64 47.32 4990
90 P 12.74 47.36 4758
91 P 12.49 47.39 4946
92 P 12.47 47.44 4975
93 P 12.52 47.42 4846
94 P 12.35 47.60 4934
95 P 12.42 47.52 4645
96 P 12.67 47.61 4476
97 P 12.39 47.64 4434
98 P 12.22 47.71 4563
99 P 12.16 47.72 4547
100 P 12.26 47.71 4294
101 P 12.25 47.73 4186
102 P 12.22 47.71 4191
103 P 12.19 47.72 3947
104 P 12.25 47.73 4204
105 P 12.12 47.74 4113
106 P 12.02 47.82 4145
107 P 12.15 47.87 3251
108 P 12.13 47.99 2919
109 P 12.22 47.88 3356
110 P 12.23 47.92 3146
111 P 12.11 47.86 3189
112 P 11.93 47.96 3530
113 P 12.11 47.97 3630
114 P 11.88 47.95 3627
115 P 11.74 47.96 3122
116 P 11.67 48.00 2650
117 P 11.83 48.01 3091
118 P 11.92 48.03 3615
119 P 11.89 48.04 3832
120 P 11.71 48.10 3851
121 P 11.49 48.17 4152
122 P 11.52 48.16 4472
123 P 11.62 48.12 4284
124 P 11.45 48.14 4330
125 P 11.34 48.20 4253
126 P 11.25 48.22 4064
127 P 11.39 48.41 4011
128 P 11.28 48.38 3823
129 P 11.16 48.38 3843
130 P 11.07 48.46 3680
131 P 10.96 48.54 3936
132 P 10.87 48.52 4003
133 P 10.96 48.58 3434
134 P 10.99 48.63 3537
135 P 11.02 48.56 3947
136 P 11.12 48.60 4199
137 P 10.95 48.59 4035
138 P 10.75 48.58 4088
139 P 10.88 48.69 3944
140 P 10.77 48.72 2545
141 P 10.46 48.77 2824
142 P 10.70 48.85 3703
143 P 10.68 48.84 3805
144 P 10.61 48.88 3665
145 P 10.60 48.99 3437
146 P 10.52 49.02 3261
147 P 10.46 48.94 3128
148 P 10.47 49.05 3296
149 P 10.66 48.95 3474
150 P 10.58 48.93 4232
151 P 10.68 48.92 4248
152 P 10.51 48.97 5023
153 P 10.28 49.02 5169
154 P 10.12 49.17 4950
155 P 10.07 49.21 4186
156 P 10.20 49.30 3885
157 P 10.15 49.40 4078
158 P 10.05 49.40 4066
159 P 10.11 49.37 3552
160 P 9.89 49.48 3843
161 P 9.91 49.47 4115
162 P 9.87 49.48 3244
163 P 9.81 49.57 3331
164 P 9.82 49.52 3387
165 P 9.92 49.48 3312
166 P 10.02 49.52 3580
167 P 9.83 49.49 4047
168 P 9.91 49.51 3947
169 P 9.78 49.49 3673
170 P 9.77 49.55 3386
171 P 9.36 49.65 3708
172 P 9.40 49.74 4238
173 P 9.66 49.73 4381
174 P 9.83 49.67 4255
175 P 9.64 49.65 4754
176 P 9.61 49.66 5136
177 P 9.68 49.70 4785
178 P 9.67 49.73 3964
179 P 9.62 49.81 3803
180 P 9.58 49.84 4176
181 P 9.52 49.84 4377
182 P 9.40 49.87 4434
183 P 9.37 49.97 4697
184 P 9.22 49.98 4047
185 P 9.17 49.99 3507
186 P 9.14 50.20 3587
187 P 9.04 50.29 3762
188 P 9.11 50.33 3508
189 P 9.18 50.12 4579
190 P 9.27 49.98 5449
191 P 9.19 49.95 5726
192 P 9.22 50.02 6084
193 P 9.24 49.96 5193
194 P 9.10 50.01 5092
195 P 9.08 50.09 4746
196 P 8.82 50.13 4371
197 P 9.05 50.20 4440
198 P 8.96 50.19 5004
199 P 8.95 50.19 5138
200 P 8.95 50.21 5809
201 P 9.03 50.24 5406
202 P 8.98 50.18 5894
203 P 8.99 50.19 6294
204 P 9.10 50.20 6327
205 P 8.95 50.12 6521
206 P 9.00 50.07 6641
207 P 8.95 50.07 6861
208 P 8.96 50.11 6720
209 P 8.93 50.18 6621
210 P 8.91 50.19 6272
211 P 8.97 50.13 6291
212 P 9.04 50.18 6232
213 P 9.00 50.07 6293
214 P 8.98 50.17 6600
215 P 9.04 50.18 6140
216 P 9.16 50.08 6010
217 P 8.97 50.11 5427
218 P 8.80 50.14 4220
219 P 9.06 50.12 4183
220 P 9.18 50.09 5046
221 P 9.18 50.03 5179
222 P 9.21 49.98 5551
223 P 9.29 49.94 5855
224 P 9.29 49.94 5803
225 P 9.32 49.83 6285
226 P 9.38 49.81 6301
227 P 9.29 49.87 5983
228 P 9.34 49.84 5795
229 P 9.31 49.83 5626
230 P 9.23 49.82 5622
231 P 9.23 49.87 5569
232 P 9.25 49.82 5629
233 P 9.38 49.84 5166
234 P 9.40 49.86 4594
235 P 9.31 49.88 4155
236 P 9.18 50.04 3902
237 P 9.10 49.98 4168
238 P 9.17 49.87 4429
239 P 9.35 49.83 4775
240 P 9.38 49.81 4452
241 P 9.40 49.81 3754
242 P 9.30 49.81 4003
243 P 9.25 49.89 3912
244 P 9.56 50.01 3216
245 P 9.15 49.99 3749
246 P 9.39 50.00 3563
247 P 9.35 50.14 3520
248 P 9.20 50.04 3463
249 P 9.30 50.15 3507
250 P 9.09 50.17 3031
251 P 9.12 50.17 3146
252 P 9.02 50.29 3428
253 P 9.27 50.23 3631
254 P 8.94 50.18 3400
255 P 9.28 50.17 3375
256 P 9.22 50.22 3986
257 P 9.16 50.26 3811
258 P 9.15 50.18 4150
259 P 9.17 50.19 4073
260 P 9.18 50.12 3957
261 P 9.08 50.20 4245
262 P 9.02 50.24 4431
263 P 8.97 50.30 4520
264 P 8.90 50.30 4443
265 P 8.82 50.40 3831
266 P 8.80 50.42 4243
267 P 8.90 50.42 4632
268 P 8.89 50.33 4666
269 P 9.04 50.36 5074
270 P 8.85 50.35 5387
271 P 8.98 50.30 5008
272 P 8.77 50.37 5214
273 P 8.75 50.35 5362
274 P 9.07 50.38 5558
275 P 8.81 50.39 5909
276 P 8.73 50.33 5891
277 P 8.66 50.39 5906
278 P 8.80 50.33 6154
279 P 8.77 50.29 6694
280 P 8.65 50.21 7262
281 P 8.80 50.13 7689
282 P 8.77 50.20 8070
283 P 8.90 50.10 8081
284 P 8.77 50.12 8322
285 P 8.89 50.14 8274
286 P 9.00 50.07 8367
287 P 8.97 50.10 8255
288 P 8.92 50.12 8562
289 P 9.02 50.03 8743
290 P 9.10 50.07 8709
291 P 9.05 50.04 8842
292 P 9.05 49.95 8672
293 P 9.14 49.85 8410
294 P 9.24 49.87 8336
295 P 9.29 49.75 8400
296 P 9.42 49.63 8489
297 P 9.38 49.58 8271
298 P 9.43 49.60 8386
299 P 9.57 49.56 8160
300 P 9.51 49.49 7849
301 P 9.62 49.45 7763
302 P 9.73 49.38 7406
303 P 9.81 49.43 7388
304 P 9.89 49.35 7410
305 P 9.97 49.24 7063
306 P 9.95 49.32 7104
307 P 10.09 49.21 6959
308 P 10.02 49.16 7177
309 P 10.13 49.21 7049
310 P 10.21 49.11 7047
311 P 10.25 49.05 6815
312 P 10.36 48.95 6952
313 P 10.41 48.96 7054
314 P 10.47 48.93 7088
315 P 10.47 48.85 7124
316 P 10.60 48.81 6770
317 P 10.55 48.88 6675
318 P 10.56 48.81 6349
319 P 10.51 48.91 6617
320 P 10.69 48.86 6135
321 P 10.69 48.85 6144
322 P 10.66 48.83 6097
323 P 10.68 48.80 5741
324 P 10.76 48.82 5878
325 P 10.69 48.86 5686
326 P 10.86 48.72 5299
327 P 10.82 48.80 5113
328 P 10.80 48.85 4786
329 P 10.72 48.82 4337
330 P 10.85 48.81 4005
331 P 10.85 48.72 3861
332 P 10.77 48.83 4760
333 P 10.85 48.74 4966
334 P 10.83 48.67 5350
335 P 10.94 48.68 5154
336 P 10.83 48.61 5265
337 P 10.91 48.63 5156
338 P 10.99 48.60 5407
339 P 10.96 48.59 5543
340 P 10.87 48.61 5484
341 P 10.98 48.62 5328
342 P 10.85 48.64 5422
343 P 10.82 48.70 5098
344 P 10.84 48.69 4777
345 P 10.88 48.69 4796
346 P 10.78 48.78 4859
347 P 11.02 48.68 4932
348 P 10.88 48.64 5275
349 P 10.82 48.66 5116
350 P 10.67 48.73 5052
351 P 10.79 48.79 3513
352 P 10.83 48.81 3269
353 P 10.92 48.80 4042
354 P 12.44 47.75 2896
