% Nframe | type | QP | PSNR | size (Bytes) 
0 I 46.91 30.08 8962
1 P 51.00 29.85 90
2 P 50.91 29.60 210
3 P 50.50 29.24 439
4 P 50.75 28.91 670
5 P 50.12 28.75 866
6 P 49.86 28.43 925
7 P 50.20 28.21 921
8 P 50.31 27.98 766
9 P 50.59 27.87 488
10 P 50.26 28.22 478
11 P 50.48 28.46 601
12 P 51.00 28.53 566
13 P 51.00 28.20 453
14 P 51.00 28.05 410
15 P 51.00 28.18 162
16 P 51.00 28.53 341
17 P 51.00 28.53 698
18 P 51.00 28.08 919
19 P 51.00 27.64 1002
20 P 51.00 27.19 745
21 P 51.00 27.22 425
22 P 50.94 27.61 532
23 P 50.99 28.06 808
24 P 50.96 28.17 700
25 P 50.91 28.05 849
26 P 50.85 27.93 706
27 P 50.54 28.05 954
28 P 50.83 27.94 1076
29 P 50.54 27.66 1071
30 P 50.70 27.56 1003
31 P 50.71 27.45 957
32 P 50.86 27.64 1072
33 P 50.86 27.66 979
34 P 50.66 27.44 893
35 P 50.23 27.30 996
36 P 50.67 27.29 972
37 P 50.07 27.18 800
38 P 50.61 27.34 719
39 P 50.19 27.39 833
40 P 50.39 27.40 928
41 P 50.26 27.32 940
42 P 50.14 27.26 1005
43 P 50.39 27.08 978
44 P 50.12 27.06 970
45 P 50.11 27.14 1053
46 P 49.97 27.08 993
47 P 50.16 26.90 836
48 P 49.96 26.91 509
49 P 50.76 27.06 418
50 P 50.73 27.26 660
51 P 50.35 27.25 901
52 P 50.14 27.23 919
53 P 50.53 27.21 754
54 P 50.49 27.15 796
55 P 50.69 27.03 610
56 P 50.39 26.90 497
57 P 50.47 26.90 662
58 P 49.83 27.00 855
59 P 49.66 27.01 1253
60 P 49.55 27.20 1506
61 P 49.43 27.07 1681
62 P 49.73 26.81 1371
63 P 49.76 26.65 1345
64 P 49.09 26.53 1229
65 P 49.41 26.48 1022
66 P 49.07 26.44 1135
67 P 49.69 26.61 1194
68 P 49.64 26.65 1291
69 P 49.60 26.62 1325
70 P 49.58 26.60 1191
71 P 49.63 26.56 1119
72 P 49.84 26.53 1187
73 P 49.69 26.39 1012
74 P 50.31 26.40 713
75 P 50.25 26.61 759
76 P 50.09 26.80 1094
77 P 49.37 27.09 1566
78 P 49.29 27.26 1760
79 P 49.66 27.35 1657
80 P 49.64 27.23 1425
81 P 49.99 27.08 1405
82 P 49.98 26.95 1378
83 P 49.77 26.81 1166
84 P 49.91 26.88 1161
85 P 49.67 26.87 1229
86 P 49.59 26.86 1232
87 P 49.60 26.88 1402
88 P 49.61 26.88 1364
89 P 50.02 26.84 1380
90 P 50.13 26.76 1240
91 P 50.39 26.81 1057
92 P 49.97 26.92 1129
93 P 49.92 26.85 1118
94 P 50.29 26.82 1217
95 P 49.98 26.70 1200
96 P 49.82 26.59 1096
97 P 50.47 26.75 1081
98 P 50.24 26.65 1100
99 P 50.53 26.51 1049
100 P 50.16 26.51 895
101 P 50.56 26.57 718
102 P 50.51 26.62 675
103 P 50.36 26.70 918
104 P 50.65 26.60 1163
105 P 50.17 26.50 1063
106 P 50.32 26.52 883
107 P 50.34 26.46 998
108 P 50.59 26.35 910
109 P 50.63 26.32 952
110 P 50.36 26.35 1001
111 P 50.62 26.27 941
112 P 50.68 26.33 852
113 P 50.62 26.36 783
114 P 50.45 26.43 797
115 P 50.06 26.55 800
116 P 50.74 26.61 828
117 P 50.91 26.62 846
118 P 50.70 26.62 857
119 P 50.61 26.55 903
120 P 50.86 26.52 777
121 P 50.65 26.57 766
122 P 50.74 26.63 781
123 P 50.31 26.62 692
124 P 50.14 26.70 875
125 P 50.64 26.67 1036
126 P 50.89 26.54 858
127 P 50.69 26.55 788
128 P 50.71 26.74 761
129 P 50.81 26.93 1028
130 P 50.53 27.12 1081
131 P 50.20 27.09 1249
132 P 49.66 26.93 1140
133 P 50.23 26.76 1058
134 P 50.32 26.70 1071
135 P 50.55 26.61 920
136 P 50.61 26.56 941
137 P 50.43 26.49 912
138 P 50.47 26.44 712
139 P 50.54 26.58 655
140 P 50.61 26.64 678
141 P 50.45 26.75 991
142 P 50.13 26.88 1263
143 P 50.21 27.17 1437
144 P 50.04 27.26 1399
145 P 50.34 27.47 1603
146 P 49.74 27.73 1852
147 P 50.04 27.70 1982
148 P 49.46 27.45 1876
149 P 50.14 27.21 2146
150 P 50.35 27.17 2348
151 P 49.88 27.20 2111
152 P 49.48 27.20 1993
153 P 49.39 27.06 2177
154 P 49.30 26.99 2526
155 P 49.12 26.82 2466
156 P 48.81 26.74 2991
157 P 49.09 26.59 2953
158 P 48.87 26.46 3292
159 P 49.16 26.28 3580
160 P 49.31 26.26 3809
161 P 49.22 26.05 4096
162 P 49.23 26.60 4728
163 P 49.05 26.79 4716
164 P 48.67 26.90 4157
165 P 48.73 27.62 4241
166 P 49.27 27.72 3178
167 P 49.15 28.10 3054
168 P 49.81 27.94 2948
169 P 49.75 27.73 3019
170 P 50.49 26.89 2675
171 P 50.48 26.67 3126
172 P 50.49 25.62 3101
173 P 50.17 25.19 3040
174 P 51.00 24.51 3074
175 P 51.00 23.81 3061
176 P 51.00 23.55 2339
177 P 51.00 23.39 2398
178 P 51.00 23.42 2627
179 P 51.00 23.37 2437
180 P 51.00 23.11 2513
181 P 51.00 23.07 2288
182 P 51.00 23.35 2572
183 P 51.00 23.34 2818
184 P 51.00 23.31 2590
185 P 51.00 23.21 2362
186 P 51.00 23.16 2576
187 P 51.00 23.08 2520
188 P 51.00 23.26 3339
189 P 51.00 23.20 2351
190 P 51.00 23.31 3309
191 P 51.00 23.25 2901
192 P 51.00 23.36 3290
193 P 51.00 23.28 3141
194 P 51.00 23.34 3174
195 P 51.00 23.20 3499
196 P 51.00 23.13 3404
197 P 51.00 23.00 3271
198 P 51.00 23.02 2927
199 P 51.00 22.99 2846
200 P 51.00 22.94 2823
201 P 51.00 22.82 2927
202 P 51.00 22.63 2717
203 P 51.00 22.39 2932
204 P 51.00 22.21 3023
205 P 51.00 21.98 2895
206 P 51.00 21.88 2609
207 P 51.00 21.56 2111
208 P 51.00 21.47 876
209 P 51.00 21.39 934
210 P 51.00 21.37 499
211 P 51.00 21.31 403
212 P 51.00 21.30 659
213 P 51.00 21.19 662
214 P 51.00 21.12 554
215 P 51.00 21.06 512
216 P 51.00 20.94 457
217 P 51.00 20.88 333
218 P 51.00 20.86 169
219 P 51.00 20.84 69
220 P 51.00 20.85 33
221 P 51.00 20.85 31
222 P 51.00 20.85 43
223 P 51.00 20.87 31
224 P 51.00 20.86 20
225 P 51.00 20.92 25
226 P 51.00 20.99 51
227 P 51.00 21.05 22
228 P 51.00 21.08 50
229 P 51.00 21.05 20
230 P 51.00 21.09 34
231 P 51.00 21.08 38
232 P 51.00 21.10 65
233 P 51.00 21.10 64
234 P 51.00 21.10 68
235 P 51.00 21.14 107
236 P 51.00 21.15 82
237 P 51.00 21.19 140
238 P 51.00 21.23 116
239 P 51.00 21.27 143
240 P 51.00 21.31 156
241 P 51.00 21.34 113
242 P 51.00 21.38 188
243 P 51.00 21.41 175
244 P 51.00 21.43 208
245 P 51.00 21.43 160
246 P 51.00 21.46 141
247 P 51.00 21.46 94
% Nframe | type | QP | PSNR | size (Bytes) 
25 P 51.00 28.89 78
26 P 51.00 28.73 493
27 P 50.77 28.56 582
28 P 50.25 28.44 600
29 P 50.74 28.41 729
30 P 50.63 28.43 599
31 P 51.00 28.43 93
32 P 50.92 28.35 592
33 P 50.92 28.31 671
34 P 50.63 28.20 1131
35 P 50.87 28.02 830
36 P 50.83 27.94 859
37 P 50.79 27.85 795
38 P 50.93 27.81 180
39 P 49.97 27.84 1363
40 P 49.94 27.80 989
41 P 49.56 27.77 989
42 P 49.40 27.75 1039
43 P 49.85 27.73 1009
44 P 49.75 27.75 970
45 P 49.86 27.72 936
46 P 50.17 27.69 940
47 P 50.43 27.73 969
48 P 50.40 27.66 1248
49 P 50.44 27.63 237
50 P 50.56 27.55 945
51 P 50.28 27.54 961
52 P 50.12 27.43 914
53 P 49.66 27.40 1126
54 P 49.61 27.56 2605
55 P 50.79 27.55 222
56 P 50.03 27.35 696
57 P 49.58 27.25 737
58 P 50.09 27.30 1143
59 P 50.50 27.29 857
60 P 50.71 27.27 839
61 P 50.73 27.32 897
62 P 50.08 27.28 988
63 P 50.31 27.27 970
64 P 50.09 27.27 970
65 P 50.66 27.26 886
66 P 50.23 27.23 889
67 P 50.25 27.22 1078
68 P 50.28 27.24 1073
69 P 50.68 27.17 938
70 P 50.61 27.13 964
71 P 50.60 27.18 1045
72 P 49.82 27.28 1429
73 P 50.05 27.27 219
74 P 49.98 27.22 1027
75 P 50.41 27.19 933
76 P 50.42 27.18 954
77 P 50.15 27.19 1157
78 P 50.00 27.20 836
79 P 50.82 27.20 192
80 P 50.77 27.17 856
81 P 50.48 27.18 851
82 P 50.12 27.28 1198
83 P 49.77 27.24 837
84 P 50.97 27.28 903
85 P 50.58 27.29 877
86 P 50.30 27.27 763
87 P 50.63 27.32 906
88 P 50.72 27.37 991
89 P 49.56 27.37 732
90 P 50.12 27.43 779
91 P 50.78 27.44 882
92 P 48.74 27.45 942
93 P 49.95 27.48 1050
94 P 49.89 27.44 1021
95 P 49.71 27.43 973
96 P 49.29 27.61 1484
97 P 50.91 27.64 162
98 P 49.61 27.63 1125
99 P 49.50 27.61 1156
100 P 49.79 27.55 1139
101 P 49.82 27.60 1529
102 P 49.79 27.55 1353
103 P 50.89 27.54 302
104 P 50.19 27.56 1245
105 P 48.98 27.70 1617
106 P 49.33 27.67 1171
107 P 49.82 27.68 1328
108 P 50.02 27.69 1189
109 P 50.34 27.93 2712
110 P 50.66 27.69 865
111 P 50.44 27.67 974
112 P 50.28 27.59 824
113 P 50.49 27.52 801
114 P 50.63 27.48 913
115 P 50.61 27.48 932
116 P 50.73 27.50 1037
117 P 50.52 27.38 914
118 P 50.56 27.38 978
119 P 50.62 27.27 876
120 P 50.85 27.29 964
121 P 50.77 27.32 939
122 P 50.87 27.21 754
123 P 50.75 27.32 932
124 P 50.66 27.36 810
125 P 50.72 27.40 219
126 P 50.83 27.35 729
127 P 50.84 27.28 652
128 P 50.56 27.39 982
129 P 50.72 27.35 591
130 P 50.47 27.40 754
131 P 51.00 27.46 232
132 P 50.38 27.44 809
133 P 50.72 27.47 1166
134 P 50.21 27.52 867
135 P 50.76 27.48 752
136 P 50.70 27.45 657
137 P 50.71 27.48 532
138 P 50.62 27.49 582
139 P 50.21 27.52 577
140 P 50.71 27.45 540
141 P 50.22 27.57 710
142 P 49.73 27.63 856
143 P 49.52 27.66 241
144 P 50.42 27.62 545
145 P 50.56 27.60 513
146 P 50.81 27.54 401
147 P 50.58 27.52 675
148 P 50.40 27.63 594
149 P 51.00 27.71 106
150 P 50.76 27.63 387
151 P 49.95 27.62 431
152 P 50.33 27.74 666
153 P 50.02 27.81 565
154 P 50.58 27.77 610
155 P 50.79 27.80 181
156 P 50.29 27.81 625
157 P 49.23 27.82 931
158 P 50.31 27.85 663
159 P 49.50 27.75 633
160 P 49.85 27.70 671
161 P 50.27 27.80 822
162 P 50.24 27.80 695
163 P 50.06 28.12 2740
164 P 50.30 27.93 755
165 P 50.09 27.90 811
166 P 49.77 27.99 1203
167 P 49.81 28.03 141
168 P 50.41 27.93 805
169 P 49.92 27.88 830
170 P 50.14 27.92 978
171 P 50.33 27.97 1269
172 P 49.53 27.90 963
173 P 49.35 27.88 325
174 P 49.86 27.85 861
175 P 50.56 27.83 861
176 P 50.11 27.93 1185
177 P 49.73 28.01 1004
178 P 49.89 28.01 969
179 P 49.23 27.99 156
180 P 49.17 27.93 849
181 P 50.04 28.00 1018
182 P 50.39 27.98 748
183 P 49.66 28.01 804
184 P 49.78 27.97 722
185 P 49.94 27.98 815
186 P 49.97 27.91 828
187 P 50.32 27.94 869
188 P 49.88 27.90 858
189 P 50.26 27.86 748
190 P 50.11 27.83 1021
191 P 49.40 27.88 171
192 P 50.41 27.85 694
193 P 48.96 27.82 791
194 P 48.97 27.80 805
195 P 49.47 27.87 1016
196 P 49.02 27.81 872
197 P 49.09 27.82 244
198 P 48.94 27.89 872
199 P 49.25 27.89 835
200 P 48.89 27.96 1121
201 P 49.97 27.92 673
202 P 49.16 27.96 841
203 P 48.09 27.99 453
204 P 49.26 28.01 1050
205 P 48.65 27.89 897
206 P 49.32 27.93 800
207 P 50.01 27.87 642
208 P 49.22 27.93 737
209 P 49.11 27.89 572
210 P 47.12 28.39 2489
211 P 49.33 28.27 932
212 P 48.33 28.20 1025
213 P 49.70 28.19 1151
214 P 48.74 28.43 2015
215 P 48.30 28.45 178
216 P 47.61 28.32 1383
217 P 47.85 28.29 1391
218 P 49.17 28.27 1234
219 P 48.99 28.45 1655
220 P 48.50 28.46 1026
221 P 49.23 28.51 72
222 P 49.71 28.43 1151
223 P 49.65 28.47 1296
224 P 49.56 28.52 1772
225 P 48.79 28.53 1451
226 P 49.33 28.56 1703
227 P 50.31 28.55 240
228 P 48.82 28.54 1833
229 P 49.13 28.49 1392
230 P 49.24 28.48 1258
231 P 48.97 28.37 1055
232 P 49.45 28.32 1018
233 P 49.06 28.33 910
234 P 49.34 28.32 894
235 P 48.58 28.34 1009
236 P 49.24 28.39 1117
237 P 49.11 28.35 1093
238 P 48.50 28.35 1656
239 P 49.89 28.37 233
240 P 49.22 28.31 1238
241 P 49.22 28.16 1242
242 P 48.73 28.05 1229
243 P 48.65 28.23 1727
244 P 49.24 28.20 1220
245 P 50.33 28.17 217
246 P 49.22 28.10 1183
247 P 48.81 28.04 1379
248 P 49.46 27.94 993
249 P 49.56 27.90 1087
250 P 49.03 27.87 1008
251 P 48.79 27.86 222
252 P 49.51 27.83 1213
253 P 49.72 27.79 773
254 P 49.61 27.78 911
255 P 50.11 27.62 796
% Nframe | type | QP | PSNR | size (Bytes) 
25 P 51.00 24.99 2298
26 P 51.00 24.60 2074
27 P 51.00 24.23 2004
28 P 51.00 24.06 1865
29 P 51.00 23.77 1243
30 P 51.00 23.86 639
31 P 51.00 24.13 857
32 P 51.00 24.07 1135
33 P 51.00 24.06 1455
34 P 51.00 24.31 1428
35 P 51.00 24.47 1588
36 P 51.00 24.54 1403
37 P 51.00 24.61 1330
38 P 51.00 24.48 1384
39 P 51.00 24.21 1136
40 P 51.00 24.26 671
41 P 51.00 24.22 659
42 P 51.00 24.21 512
43 P 51.00 24.25 471
44 P 51.00 24.23 265
45 P 51.00 24.32 340
46 P 51.00 24.35 367
47 P 51.00 24.15 369
48 P 51.00 23.82 387
49 P 51.00 23.48 458
50 P 51.00 23.12 422
51 P 51.00 22.76 389
52 P 51.00 22.65 500
53 P 51.00 22.77 637
54 P 51.00 22.94 674
55 P 51.00 23.14 762
56 P 51.00 23.44 850
57 P 51.00 23.63 791
58 P 51.00 23.84 833
59 P 51.00 24.00 766
60 P 51.00 24.03 742
61 P 51.00 24.07 779
62 P 51.00 24.02 734
63 P 51.00 23.99 743
64 P 51.00 23.94 606
65 P 51.00 23.97 556
66 P 51.00 23.93 296
67 P 51.00 23.94 268
68 P 51.00 23.95 311
69 P 51.00 23.96 294
70 P 51.00 24.06 343
71 P 51.00 24.09 397
72 P 51.00 24.12 383
73 P 51.00 24.08 395
74 P 51.00 24.09 437
75 P 51.00 24.05 421
76 P 51.00 23.99 421
77 P 51.00 24.01 558
78 P 51.00 23.93 481
79 P 51.00 23.91 553
80 P 51.00 23.83 415
81 P 51.00 23.82 267
82 P 51.00 23.83 113
83 P 51.00 23.91 169
84 P 51.00 24.00 144
85 P 51.00 24.10 153
86 P 51.00 24.22 178
87 P 51.00 24.27 238
88 P 51.00 24.31 310
89 P 51.00 24.32 292
90 P 51.00 24.34 315
91 P 51.00 24.32 285
92 P 51.00 24.29 245
93 P 51.00 24.27 207
94 P 51.00 24.30 231
95 P 51.00 24.34 278
96 P 51.00 24.35 286
97 P 51.00 24.41 325
98 P 51.00 24.44 322
99 P 51.00 24.45 300
100 P 51.00 24.46 322
101 P 51.00 24.47 306
102 P 51.00 24.48 334
103 P 51.00 24.50 316
104 P 51.00 24.51 255
105 P 51.00 24.48 139
106 P 51.00 24.45 125
107 P 51.00 24.43 104
108 P 51.00 24.44 85
109 P 51.00 24.46 123
110 P 51.00 24.47 131
111 P 51.00 24.47 142
112 P 51.00 24.47 116
113 P 51.00 24.47 156
114 P 51.00 24.46 124
115 P 51.00 24.46 71
116 P 51.00 24.51 54
117 P 51.00 24.59 71
118 P 51.00 24.78 408
119 P 51.00 25.07 642
120 P 51.00 25.18 270
121 P 51.00 25.22 104
122 P 51.00 25.24 148
123 P 51.00 25.26 140
124 P 51.00 25.27 116
125 P 51.00 25.29 154
126 P 51.00 25.31 146
127 P 51.00 25.35 165
128 P 51.00 25.38 192
129 P 51.00 25.40 187
130 P 51.00 25.41 152
131 P 51.00 25.40 129
132 P 50.86 25.41 135
133 P 51.00 25.46 169
134 P 49.87 25.48 125
135 P 51.00 25.51 191
136 P 51.00 25.54 237
137 P 50.85 25.55 184
138 P 50.75 25.57 182
139 P 50.64 25.63 250
140 P 50.31 25.66 100
141 P 50.61 25.75 272
142 P 50.12 25.81 122
143 P 48.83 25.94 189
144 P 48.44 26.03 173
145 P 47.95 26.10 97
146 P 49.22 26.19 180
147 P 49.01 26.23 140
148 P 48.28 26.24 122
149 P 48.62 26.28 197
150 P 49.35 26.35 248
151 P 50.44 26.37 237
152 P 49.36 26.41 253
153 P 49.98 26.42 234
154 P 49.65 26.46 264
155 P 49.48 26.52 218
156 P 48.19 26.56 162
157 P 49.62 26.62 163
158 P 49.57 26.69 157
159 P 46.59 26.80 247
160 P 46.01 26.87 312
161 P 46.37 26.89 215
162 P 48.73 26.98 168
163 P 47.89 27.00 112
164 P 47.89 27.06 160
165 P 47.23 27.12 157
166 P 47.95 27.17 132
167 P 47.77 27.25 180
168 P 47.82 27.32 187
169 P 46.86 27.41 189
170 P 46.34 27.47 95
171 P 47.63 27.52 102
172 P 44.96 27.57 151
173 P 47.58 27.57 131
174 P 46.15 27.61 223
175 P 47.69 27.67 226
176 P 47.49 27.72 216
177 P 47.51 27.75 181
178 P 46.79 27.81 197
179 P 47.34 27.86 209
180 P 45.72 27.90 317
181 P 44.73 27.95 338
182 P 43.86 28.00 303
183 P 44.93 28.07 304
184 P 44.18 28.13 223
185 P 44.81 28.18 162
186 P 44.37 28.25 203
187 P 45.73 28.31 154
188 P 45.22 28.32 156
189 P 45.94 28.29 130
190 P 46.57 28.28 223
191 P 46.55 28.30 308
192 P 47.04 28.33 280
193 P 46.43 28.36 302
194 P 46.28 28.38 251
195 P 46.21 28.42 181
196 P 45.98 28.46 193
197 P 45.40 28.48 149
198 P 46.13 28.51 132
199 P 46.81 28.50 127
200 P 45.15 28.48 205
201 P 45.20 28.50 260
202 P 46.60 28.52 297
203 P 46.28 28.52 331
204 P 46.15 28.50 363
205 P 46.11 28.55 483
206 P 46.16 28.53 441
207 P 45.97 28.52 469
208 P 45.51 28.53 493
209 P 45.98 28.53 410
210 P 46.35 28.56 353
211 P 45.12 28.59 349
212 P 46.47 28.63 367
213 P 46.21 28.68 448
214 P 45.47 28.73 467
215 P 45.83 28.75 413
216 P 44.36 28.76 334
217 P 44.66 28.78 266
218 P 44.55 28.81 312
219 P 43.89 28.89 285
220 P 45.77 28.98 199
221 P 43.16 29.07 238
222 P 42.46 29.17 235
223 P 44.66 29.27 177
224 P 45.04 29.35 130
225 P 43.08 29.53 242
226 P 44.21 29.54 169
227 P 45.13 29.55 188
228 P 45.95 29.55 181
229 P 45.30 29.55 177
230 P 44.54 29.56 199
231 P 44.82 29.58 212
232 P 43.79 29.58 237
233 P 44.99 29.57 142
234 P 43.67 29.57 148
235 P 42.59 29.60 150
236 P 42.56 29.64 117
237 P 45.71 29.70 166
238 P 43.70 29.70 197
239 P 45.21 29.72 197
240 P 43.29 29.72 183
241 P 44.85 29.73 191
242 P 42.63 29.73 149
243 P 40.54 29.73 107
244 P 44.47 29.77 109
245 P 41.17 29.79 70
246 P 44.20 29.81 68
247 P 42.83 29.85 94
248 P 41.76 29.87 104
249 P 40.47 29.89 73
250 P 45.58 29.91 42
251 P 45.08 29.90 70
252 P 44.74 29.91 64
253 P 43.05 30.06 154
254 P 44.84 30.08 58
255 P 40.04 30.11 93
256 P 42.73 30.17 118
257 P 41.53 30.18 61
258 P 42.05 30.22 98
259 P 42.40 30.24 113
260 P 43.53 30.28 122
261 P 42.06 30.28 84
262 P 41.24 30.28 81
263 P 44.18 30.31 140
264 P 43.34 30.32 119
265 P 42.37 30.33 76
266 P 42.21 30.33 94
267 P 42.89 30.35 108
268 P 44.31 30.37 115
269 P 42.44 30.38 285
270 P 43.42 30.39 206
271 P 44.37 30.38 139
272 P 44.32 30.47 257
273 P 42.06 30.47 288
274 P 43.50 30.50 227
275 P 43.89 30.50 280
276 P 42.53 30.54 342
277 P 43.02 30.60 417
278 P 43.70 30.60 359
279 P 43.17 30.58 428
280 P 43.48 30.59 642
281 P 43.32 30.58 710
282 P 42.96 30.64 834
283 P 43.15 30.67 985
284 P 43.18 30.67 982
285 P 43.09 30.65 1057
286 P 43.46 30.67 1203
287 P 43.19 30.79 1276
288 P 42.74 30.86 1418
289 P 42.76 30.90 1659
290 P 42.85 30.89 1607
291 P 42.51 30.88 1851
292 P 42.60 30.93 1873
293 P 42.84 30.94 1866
294 P 42.59 30.97 1768
295 P 42.70 30.87 1776
296 P 42.46 30.89 1853
297 P 42.58 30.88 1804
298 P 42.76 30.89 1823
299 P 42.98 30.88 1715
300 P 42.45 30.87 1601
301 P 42.58 30.84 1497
302 P 42.58 30.76 1442
303 P 42.75 30.80 1387
304 P 42.57 30.85 1500
305 P 42.45 30.90 1510
306 P 42.93 30.90 1439
307 P 42.63 30.90 1387
308 P 42.79 31.04 1627
309 P 42.82 31.08 1659
310 P 42.51 31.03 1853
311 P 42.72 31.04 1907
312 P 42.65 31.12 2189
313 P 42.59 31.06 2014
314 P 42.46 31.13 2197
315 P 42.50 31.13 2198
316 P 42.34 31.08 2218
317 P 42.56 31.02 1901
318 P 42.53 30.95 1839
319 P 42.83 30.88 1607
320 P 42.62 30.96 1664
321 P 42.58 30.91 1477
322 P 42.35 30.86 1388
323 P 42.59 30.83 1239
324 P 42.87 30.84 1296
325 P 42.74 30.88 1228
326 P 42.71 30.83 1068
327 P 42.75 30.87 1065
328 P 42.86 30.93 940
329 P 42.18 30.94 639
330 P 42.66 30.96 451
331 P 42.49 31.02 592
332 P 42.29 31.09 716
333 P 42.54 31.11 759
334 P 42.43 31.11 883
335 P 42.66 31.13 1057
336 P 42.88 31.07 1179
337 P 42.46 31.09 1335
338 P 42.44 30.99 1238
339 P 42.46 31.01 1423
340 P 42.84 30.99 1248
341 P 42.50 31.02 1356
342 P 42.33 30.97 1217
343 P 41.62 30.96 932
344 P 42.33 31.03 652
345 P 42.89 31.18 468
346 P 42.55 31.36 426
347 P 42.53 31.40 403
348 P 43.72 31.49 524
349 P 42.15 31.50 497
350 P 43.17 31.57 549
351 P 42.81 31.56 300
352 P 42.14 31.62 217
353 P 42.13 31.60 432
354 P 42.22 31.31 195
