% Nframe | type | QP | PSNR | size (Bytes) 
0 I 23.38 41.55 13386
1 P 24.37 41.08 828
2 P 25.76 40.76 1560
3 P 24.63 40.75 2289
4 P 26.00 40.81 2359
5 P 24.97 40.75 2454
6 P 24.62 40.83 2340
7 P 25.32 40.64 2314
8 P 26.43 40.48 2286
9 P 25.85 40.48 2405
10 P 26.18 40.49 2491
11 P 25.66 40.61 2895
12 P 31.14 38.96 964
13 P 27.08 40.00 3123
14 P 23.70 40.86 3843
15 P 21.96 41.54 3573
16 P 20.69 42.33 4495
17 P 20.08 42.88 6147
18 P 19.60 43.25 7074
19 P 19.00 43.46 7658
20 P 18.59 43.67 7490
21 P 18.21 43.94 6598
22 P 18.14 44.29 8116
23 P 17.80 44.56 9177
24 P 17.20 44.95 9476
25 P 16.92 44.90 10531
26 P 17.06 44.87 9255
27 P 16.93 45.00 8625
28 P 16.69 45.10 8946
29 P 16.93 44.92 9440
30 P 17.20 44.70 10449
31 P 17.51 44.76 10118
32 P 17.58 44.81 8951
33 P 17.59 44.75 8121
34 P 17.98 44.64 9244
35 P 18.04 44.34 9183
36 P 18.27 44.18 8704
37 P 18.32 44.11 6497
38 P 18.70 44.12 5854
39 P 19.01 44.06 6492
40 P 18.92 43.98 6433
41 P 19.26 43.91 6043
42 P 19.12 43.79 5803
43 P 19.72 43.68 5437
44 P 19.54 43.64 5339
45 P 19.60 43.68 5667
46 P 19.71 43.40 5447
47 P 19.67 43.26 5260
48 P 20.19 43.22 4581
49 P 20.11 43.36 3768
50 P 19.94 43.47 4321
51 P 19.99 43.29 5571
52 P 19.95 43.26 5866
53 P 20.20 43.22 4886
54 P 20.12 43.26 5465
55 P 20.60 43.19 5299
56 P 19.99 43.16 5119
57 P 20.19 43.07 5572
58 P 20.03 43.21 5594
59 P 19.85 43.28 6966
60 P 19.82 43.37 7445
61 P 19.58 43.36 7815
62 P 19.54 43.28 7384
63 P 19.67 43.38 7623
64 P 19.58 43.35 6769
65 P 19.73 43.29 6305
66 P 19.67 43.30 6585
67 P 19.63 43.34 6278
68 P 19.48 43.44 5938
69 P 19.59 43.25 6446
70 P 19.52 43.24 6966
71 P 19.42 43.23 7050
72 P 19.78 43.22 7108
73 P 19.71 43.09 6373
74 P 19.73 42.96 5980
75 P 19.81 43.05 6817
76 P 20.13 43.06 7386
77 P 19.81 43.32 8132
78 P 19.58 43.44 8473
79 P 19.59 43.37 8532
80 P 19.62 43.07 8868
81 P 19.82 42.96 9183
82 P 20.13 42.82 8835
83 P 19.96 42.86 8308
84 P 20.08 42.97 7747
85 P 19.96 43.09 7189
86 P 20.06 43.20 6543
87 P 19.94 43.09 6875
88 P 19.90 43.08 7092
89 P 20.10 42.91 6964
90 P 20.16 42.82 6840
91 P 20.37 42.71 7100
92 P 20.44 42.61 7112
93 P 20.61 42.54 6797
94 P 20.32 42.60 5371
95 P 20.60 42.59 5551
96 P 20.48 42.57 5261
97 P 20.68 42.64 4735
98 P 20.90 42.52 5401
99 P 20.84 42.34 5402
100 P 20.83 42.28 5639
101 P 20.90 42.19 4984
102 P 21.03 42.27 5313
103 P 21.16 42.46 5923
104 P 20.96 42.48 6375
105 P 20.77 42.31 6467
106 P 20.80 42.35 5721
107 P 20.57 42.36 5488
108 P 20.58 42.34 5667
109 P 20.49 42.33 5603
110 P 20.63 42.38 5742
111 P 20.36 42.49 5907
112 P 20.41 42.45 5136
113 P 20.30 42.47 5097
114 P 20.43 42.54 4822
115 P 20.35 42.60 4700
116 P 20.75 42.68 5084
117 P 20.90 42.65 5310
118 P 20.63 42.58 5218
119 P 20.84 42.47 5679
120 P 20.90 42.39 5676
121 P 20.93 42.33 5527
122 P 21.14 42.41 5585
123 P 20.77 42.55 5052
124 P 21.11 42.58 4475
125 P 20.62 42.54 5050
126 P 20.43 42.42 5166
127 P 20.61 42.39 5479
128 P 20.41 42.61 6065
129 P 20.49 42.81 5913
130 P 21.06 43.12 5985
131 P 20.91 43.23 6112
132 P 20.66 43.00 6134
133 P 20.93 42.83 6141
134 P 21.06 42.83 5723
135 P 20.90 42.90 5081
136 P 20.78 42.86 5558
137 P 21.04 42.79 5288
138 P 20.99 42.71 4860
139 P 21.06 42.76 4253
140 P 20.92 42.71 5658
141 P 21.05 42.79 6319
142 P 20.83 42.79 6247
143 P 20.71 42.99 5840
144 P 20.63 43.09 6337
145 P 20.86 43.21 6520
146 P 20.11 43.39 7294
147 P 20.20 43.44 8431
148 P 20.30 43.04 9237
149 P 20.30 42.74 9994
150 P 20.30 42.78 10122
151 P 19.97 43.00 9561
152 P 19.88 43.08 8693
153 P 20.10 43.23 9229
154 P 20.21 43.38 9192
155 P 20.01 43.62 9280
156 P 19.99 43.78 8840
157 P 20.14 43.89 8568
158 P 20.16 44.15 8949
159 P 20.14 44.21 9068
160 P 20.34 44.21 8749
161 P 20.15 44.46 9906
162 P 19.92 45.18 9475
163 P 19.58 45.92 8709
164 P 19.04 46.65 7995
165 P 18.60 47.51 6902
166 P 18.34 47.49 6578
167 P 18.40 47.14 6600
168 P 18.47 47.13 6754
169 P 18.53 46.69 7372
170 P 18.93 46.19 7722
171 P 19.23 46.11 8067
172 P 19.56 45.48 7711
173 P 19.87 45.43 7530
174 P 20.67 44.66 8945
175 P 20.78 44.19 9196
176 P 21.10 44.09 9132
177 P 21.08 43.92 8897
178 P 21.05 43.75 9032
179 P 21.24 43.43 9406
180 P 21.26 43.17 9510
181 P 21.31 42.93 10544
182 P 21.54 42.64 10276
183 P 21.70 42.41 9677
184 P 22.13 42.10 10563
185 P 22.29 41.80 10710
186 P 22.37 41.60 10789
187 P 22.55 41.48 10192
188 P 22.48 41.54 9477
189 P 22.63 41.59 8516
190 P 22.56 41.57 9000
191 P 22.73 41.17 9048
192 P 22.85 40.90 9670
193 P 23.20 40.68 9627
194 P 23.43 40.46 8878
195 P 23.73 40.29 8773
196 P 23.74 40.24 9864
197 P 23.97 40.08 10356
198 P 24.12 39.91 8339
199 P 24.30 39.67 9098
200 P 24.47 39.22 10060
201 P 24.60 38.59 12390
202 P 24.73 37.87 13659
203 P 24.82 37.29 16106
204 P 25.08 36.42 15107
205 P 25.28 36.19 12607
206 P 25.22 36.16 10666
207 P 25.50 35.92 10657
208 P 25.68 35.76 8331
209 P 25.51 35.77 9009
210 P 25.71 35.79 6653
211 P 25.85 35.80 6619
212 P 25.80 35.89 5828
213 P 25.64 35.91 4805
214 P 26.00 35.79 5121
215 P 26.29 35.73 4803
216 P 26.34 35.60 4435
217 P 26.46 35.54 3755
218 P 26.51 35.54 3307
219 P 26.44 35.56 2140
220 P 26.32 35.62 1078
221 P 26.52 35.66 1052
222 P 26.52 35.69 845
223 P 26.66 35.82 790
224 P 26.62 35.78 661
225 P 26.74 35.69 1335
226 P 27.10 35.52 2374
227 P 26.32 35.54 2304
228 P 26.87 35.50 3103
229 P 26.40 35.61 2203
230 P 26.71 35.62 1984
231 P 26.12 35.75 916
232 P 26.19 35.75 1285
233 P 26.30 35.82 1065
234 P 26.12 35.88 999
235 P 26.21 35.78 1532
236 P 26.07 35.87 1709
237 P 26.02 35.83 2819
238 P 26.04 35.90 2799
239 P 25.99 35.88 2984
240 P 25.93 35.81 3841
241 P 25.82 35.86 3764
242 P 25.93 35.88 4007
243 P 25.80 35.93 4174
244 P 25.77 36.00 4703
245 P 25.53 36.16 3342
246 P 25.51 36.21 3434
247 P 27.87 35.56 1131
% Nframe | type | QP | PSNR | size (Bytes) 
25 P 16.43 45.59 3544
26 P 15.47 45.72 7911
27 P 16.07 45.63 6655
28 P 15.37 45.61 6414
29 P 15.94 45.66 7328
30 P 15.56 45.74 6105
31 P 16.31 45.71 2778
32 P 17.29 45.43 5950
33 P 17.47 45.28 6067
34 P 17.13 45.29 8053
35 P 17.52 45.12 6798
36 P 17.00 44.85 6955
37 P 17.80 45.06 7960
38 P 16.63 44.96 3630
39 P 16.85 44.70 8791
40 P 16.95 44.77 7771
41 P 18.08 44.91 7197
42 P 17.16 44.92 7067
43 P 16.60 45.09 7469
44 P 17.93 45.06 7575
45 P 18.05 45.08 7458
46 P 17.34 45.09 7639
47 P 17.36 45.08 7138
48 P 18.03 45.15 8383
49 P 17.29 45.14 3691
50 P 17.81 45.07 6990
51 P 18.27 45.04 6912
52 P 18.37 44.87 6621
53 P 18.01 44.60 7672
54 P 17.79 44.98 12462
55 P 17.27 44.92 3622
56 P 17.43 44.63 7133
57 P 17.60 44.50 6599
58 P 17.63 44.52 8064
59 P 17.26 44.49 7405
60 P 17.09 44.39 7133
61 P 16.92 44.50 7433
62 P 17.27 44.42 7987
63 P 16.92 44.40 7524
64 P 17.51 44.48 7366
65 P 17.63 44.39 6658
66 P 17.38 44.34 6259
67 P 17.63 44.41 7009
68 P 17.40 44.29 6830
69 P 17.27 44.24 6711
70 P 18.09 44.12 6735
71 P 17.42 44.04 6863
72 P 16.83 44.37 8382
73 P 17.35 44.35 3148
74 P 16.89 44.15 6639
75 P 16.86 44.20 6395
76 P 17.53 44.09 6148
77 P 17.43 44.06 6744
78 P 17.64 44.34 6183
79 P 17.44 44.34 2589
80 P 17.57 44.07 5904
81 P 17.83 44.07 5414
82 P 17.95 44.15 6763
83 P 17.73 44.20 5674
84 P 18.82 44.15 5763
85 P 18.64 44.15 6154
86 P 17.93 44.13 5746
87 P 18.58 44.05 5677
88 P 19.10 44.13 6092
89 P 19.21 44.14 5374
90 P 19.13 44.11 5238
91 P 18.17 44.03 6139
92 P 18.21 43.99 6341
93 P 18.46 44.00 6534
94 P 17.77 44.05 6276
95 P 18.27 43.97 6196
96 P 18.12 44.32 8286
97 P 16.76 44.33 3072
98 P 18.09 44.13 6906
99 P 18.68 44.13 7518
100 P 18.47 44.06 7432
101 P 19.05 44.08 8415
102 P 18.48 44.21 8061
103 P 17.48 44.22 3579
104 P 19.06 43.91 6873
105 P 18.32 44.21 8298
106 P 18.12 44.17 7064
107 P 18.66 44.15 7106
108 P 19.15 43.90 6528
109 P 19.46 44.41 10815
110 P 19.32 44.24 6621
111 P 19.53 44.24 6679
112 P 19.33 44.21 5852
113 P 19.52 44.12 5862
114 P 19.71 44.12 6097
115 P 19.22 44.29 6204
116 P 19.43 44.21 6241
117 P 18.69 44.06 6325
118 P 18.85 44.07 6738
119 P 19.35 44.05 6410
120 P 18.94 44.02 6044
121 P 19.82 44.01 5770
122 P 19.57 44.05 5683
123 P 19.62 44.10 6014
124 P 19.15 44.26 5967
125 P 19.21 44.31 2705
126 P 19.61 44.17 4987
127 P 20.05 44.12 5089
128 P 19.64 44.13 5605
129 P 19.67 44.14 5045
130 P 19.05 44.30 5824
131 P 19.39 44.25 2845
132 P 20.03 44.05 5646
133 P 19.35 44.16 7119
134 P 19.27 44.17 5784
135 P 19.33 44.18 5769
136 P 19.67 44.16 5511
137 P 19.46 44.24 5009
138 P 19.42 44.35 5011
139 P 19.68 44.25 4983
140 P 19.92 44.22 4780
141 P 19.17 44.17 5159
142 P 19.50 44.45 6750
143 P 19.54 44.39 3420
144 P 18.83 44.40 5516
145 P 18.44 44.38 4816
146 P 19.47 44.25 4569
147 P 18.73 44.29 5552
148 P 18.49 44.46 5143
149 P 18.61 44.47 2279
150 P 18.93 44.28 4758
151 P 18.98 44.26 4910
152 P 18.94 44.35 6117
153 P 19.13 44.20 5683
154 P 18.94 44.31 5753
155 P 18.84 44.30 2742
156 P 18.65 44.20 5241
157 P 18.35 44.35 7309
158 P 18.58 44.31 5858
159 P 18.65 44.27 5616
160 P 18.43 44.23 5796
161 P 18.02 44.35 6106
162 P 18.96 44.21 4814
163 P 17.99 44.36 10278
164 P 18.10 44.20 6238
165 P 18.08 44.10 5646
166 P 18.33 44.44 7604
167 P 17.94 44.49 2622
168 P 17.96 44.28 6519
169 P 18.93 44.19 6216
170 P 18.97 44.06 6370
171 P 19.37 44.19 7876
172 P 18.96 44.33 7140
173 P 18.16 44.22 3821
174 P 18.58 44.21 7053
175 P 18.30 44.07 6791
176 P 18.34 44.15 8185
177 P 18.35 44.14 7172
178 P 18.00 44.30 7471
179 P 17.67 44.35 2896
180 P 17.77 44.17 6094
181 P 18.40 44.21 6826
182 P 18.46 44.21 5762
183 P 18.12 44.23 5967
184 P 19.03 44.16 5974
185 P 18.59 44.25 6602
186 P 18.79 44.24 6870
187 P 18.61 44.25 6840
188 P 18.52 44.28 6967
189 P 18.77 44.15 6029
190 P 18.38 44.37 7856
191 P 17.98 44.39 2672
192 P 18.53 44.22 6033
193 P 18.62 44.26 6328
194 P 18.71 44.17 6086
195 P 18.48 44.26 7448
196 P 18.29 44.38 6962
197 P 18.02 44.39 3509
198 P 18.51 44.22 6259
199 P 17.93 44.19 5935
200 P 18.34 44.27 7515
201 P 18.09 44.18 6740
202 P 18.06 44.33 7315
203 P 17.79 44.26 4815
204 P 18.41 44.22 7956
205 P 18.18 44.15 7529
206 P 18.33 44.27 6312
207 P 18.42 44.22 5916
208 P 18.40 44.22 5682
209 P 18.36 44.01 5058
210 P 18.85 44.79 8276
211 P 18.08 44.65 4875
212 P 17.73 44.70 5331
213 P 17.70 44.61 5570
214 P 17.91 44.86 7725
215 P 18.01 44.85 2283
216 P 17.97 44.63 5766
217 P 18.05 44.59 5724
218 P 18.15 44.55 5409
219 P 18.41 44.60 6430
220 P 18.50 44.69 5476
221 P 18.63 44.76 2165
222 P 18.36 44.50 5511
223 P 18.64 44.48 6039
224 P 18.29 44.49 7541
225 P 19.05 44.47 7171
226 P 18.46 44.65 7491
227 P 18.12 44.62 2987
228 P 18.21 44.49 8277
229 P 18.17 44.59 6734
230 P 18.66 44.66 5785
231 P 18.55 44.60 5751
232 P 18.51 44.55 5326
233 P 18.55 44.68 5587
234 P 18.42 44.67 4932
235 P 18.43 44.65 5281
236 P 18.58 44.66 5602
237 P 18.75 44.58 5697
238 P 18.60 44.66 7541
239 P 18.51 44.63 2827
240 P 18.55 44.44 6225
241 P 18.93 44.44 6025
242 P 19.06 44.38 5600
243 P 18.51 44.49 6964
244 P 18.53 44.66 5883
245 P 18.99 44.65 2106
246 P 18.53 44.55 5326
247 P 18.62 44.53 6185
248 P 18.80 44.53 5253
249 P 18.80 44.52 5500
250 P 18.46 44.57 5608
251 P 18.26 44.56 2526
252 P 17.97 44.42 6202
253 P 18.47 44.45 5900
254 P 18.35 44.49 5380
255 P 20.34 43.89 3970
% Nframe | type | QP | PSNR | size (Bytes) 
25 P 16.46 46.98 10504
26 P 16.69 46.65 10479
27 P 17.01 46.06 10863
28 P 17.64 45.22 11173
29 P 18.72 43.62 12130
30 P 19.91 43.27 8617
31 P 20.25 43.45 8367
32 P 20.19 43.61 7680
33 P 20.11 43.78 6822
34 P 20.40 44.03 5626
35 P 20.20 44.14 4589
36 P 20.21 44.28 3957
37 P 20.41 44.49 3944
38 P 20.52 44.17 4042
39 P 21.19 43.57 4319
40 P 21.30 42.74 4150
41 P 21.71 42.26 4131
42 P 22.20 41.87 3799
43 P 22.75 41.62 3995
44 P 23.12 41.74 3183
45 P 23.57 41.90 3149
46 P 22.96 42.05 3252
47 P 22.92 42.18 3116
48 P 22.07 42.48 3152
49 P 22.14 42.39 3252
50 P 22.34 42.20 4041
51 P 21.87 41.96 4821
52 P 21.52 41.91 5286
53 P 21.74 42.01 5373
54 P 21.38 42.15 4479
55 P 21.58 42.37 3622
56 P 21.28 42.55 3253
57 P 21.06 42.57 3408
58 P 20.69 42.49 3527
59 P 20.68 42.60 3609
60 P 20.34 42.67 3692
61 P 20.33 42.89 4082
62 P 20.47 42.94 3852
63 P 20.36 42.87 4283
64 P 20.76 42.74 4597
65 P 20.15 42.59 4131
66 P 20.77 42.64 3342
67 P 20.71 42.72 2986
68 P 20.46 42.82 4134
69 P 20.39 42.73 4945
70 P 20.66 42.83 5839
71 P 20.43 42.77 6945
72 P 20.42 42.75 6833
73 P 19.94 42.79 6937
74 P 20.01 42.95 6694
75 P 19.71 43.08 5762
76 P 19.66 43.13 4973
77 P 19.85 43.33 4599
78 P 19.54 43.42 4705
79 P 19.22 43.47 5485
80 P 18.84 43.33 5446
81 P 19.48 43.32 4090
82 P 18.97 43.39 3522
83 P 19.62 43.41 3932
84 P 19.51 43.35 4306
85 P 19.43 43.35 4671
86 P 19.06 43.34 5074
87 P 19.49 43.29 5280
88 P 19.91 43.35 5773
89 P 19.40 43.31 5827
90 P 19.28 43.29 6185
91 P 18.75 43.20 6665
92 P 19.25 43.19 6103
93 P 18.94 43.24 5761
94 P 18.97 43.25 5144
95 P 18.67 43.48 5321
96 P 18.51 43.47 4571
97 P 18.75 43.65 4605
98 P 18.32 43.80 3692
99 P 18.85 43.78 3821
100 P 18.33 43.75 4157
101 P 18.67 43.71 4385
102 P 18.59 43.69 3778
103 P 18.52 43.75 3305
104 P 18.38 43.72 3893
105 P 18.85 43.54 4344
106 P 18.40 43.63 4257
107 P 18.27 43.65 3221
108 P 19.04 43.74 2590
109 P 19.04 43.72 3253
110 P 18.86 43.71 3442
111 P 18.47 43.69 3240
112 P 18.35 43.79 3376
113 P 18.12 43.81 3732
114 P 18.08 43.85 4430
115 P 18.17 43.87 3593
116 P 17.69 43.98 3360
117 P 17.73 44.02 3276
118 P 17.77 44.05 3635
119 P 17.42 44.15 4184
120 P 17.34 44.18 4072
121 P 17.40 44.19 4248
122 P 17.52 44.24 4770
123 P 17.32 44.21 5633
124 P 17.13 44.27 6141
125 P 17.07 44.42 5913
126 P 16.77 44.47 5526
127 P 16.86 44.47 5018
128 P 16.91 44.47 4924
129 P 16.67 44.51 5453
130 P 16.71 44.59 4372
131 P 16.71 44.72 4799
132 P 16.68 44.79 5236
133 P 16.50 44.80 3915
134 P 16.53 44.81 4048
135 P 16.53 44.78 4477
136 P 16.45 44.75 4674
137 P 16.47 44.71 4397
138 P 16.25 44.79 4972
139 P 16.29 44.84 4911
140 P 15.94 44.87 2679
141 P 16.36 44.95 2647
142 P 16.22 44.94 3942
143 P 16.02 45.03 4898
144 P 16.26 45.02 4943
145 P 16.13 45.11 3874
146 P 16.00 45.17 4117
147 P 16.12 45.16 3597
148 P 15.95 45.19 3573
149 P 15.95 45.15 4397
150 P 15.87 45.09 4858
151 P 15.68 45.09 5129
152 P 15.63 45.17 5785
153 P 15.68 45.20 6002
154 P 15.68 45.23 6144
155 P 15.49 45.26 4803
156 P 15.41 45.36 4429
157 P 15.43 45.45 5169
158 P 15.46 45.43 5327
159 P 15.48 45.48 4042
160 P 15.42 45.59 4061
161 P 15.26 45.58 4661
162 P 15.13 45.66 2994
163 P 15.19 45.75 3404
164 P 15.26 45.76 3302
165 P 15.11 45.64 3441
166 P 15.19 45.64 3926
167 P 15.25 45.58 4351
168 P 15.24 45.69 4963
169 P 15.08 45.69 4566
170 P 14.84 45.76 3711
171 P 14.87 45.83 3626
172 P 15.11 45.82 4539
173 P 15.01 45.79 5022
174 P 14.89 45.77 5222
175 P 14.90 45.81 5563
176 P 14.70 45.86 6523
177 P 14.75 45.92 5284
178 P 14.66 45.99 3513
179 P 14.60 46.09 3689
180 P 14.48 46.04 4235
181 P 14.59 46.04 5186
182 P 14.49 46.11 4504
183 P 14.53 46.11 4715
184 P 14.22 46.19 3877
185 P 14.14 46.29 3064
186 P 14.26 46.31 2870
187 P 14.10 46.39 3500
188 P 14.15 46.42 2751
189 P 14.39 46.22 4419
190 P 14.48 46.13 6095
191 P 14.40 46.14 7244
192 P 14.21 46.16 7714
193 P 14.32 46.18 6569
194 P 14.31 46.20 6255
195 P 14.06 46.34 5650
196 P 13.98 46.36 4951
197 P 13.96 46.49 4461
198 P 13.97 46.51 5140
199 P 13.94 46.48 6001
200 P 13.81 46.49 6872
201 P 13.76 46.52 6005
202 P 13.94 46.49 7028
203 P 13.95 46.51 7625
204 P 13.93 46.49 7538
205 P 13.98 46.46 7433
206 P 13.95 46.47 8178
207 P 13.85 46.48 8716
208 P 13.83 46.49 8559
209 P 13.73 46.52 8437
210 P 13.74 46.57 8097
211 P 13.83 46.60 7701
212 P 13.82 46.57 7316
213 P 13.89 46.48 8376
214 P 14.02 46.50 8864
215 P 13.87 46.50 8394
216 P 13.89 46.50 7073
217 P 13.93 46.55 6654
218 P 13.56 46.59 3986
219 P 13.75 46.61 3839
220 P 13.98 46.55 5600
221 P 14.05 46.45 6315
222 P 14.36 46.36 6484
223 P 14.41 46.31 6752
224 P 14.24 46.33 7264
225 P 14.31 46.18 8129
226 P 14.34 46.13 8138
227 P 14.46 46.07 7046
228 P 14.29 46.10 7340
229 P 14.35 46.14 7751
230 P 14.28 46.14 7053
231 P 14.24 46.18 6710
232 P 14.27 46.28 7000
233 P 14.16 46.30 5969
234 P 14.26 46.36 5441
235 P 14.08 46.39 4223
236 P 14.18 46.37 3632
237 P 14.29 46.35 4559
238 P 14.21 46.30 5490
239 P 14.43 46.26 6493
240 P 14.25 46.22 4980
241 P 14.32 46.25 3818
242 P 14.22 46.29 4467
243 P 14.23 46.28 4374
244 P 14.11 46.38 3056
245 P 14.15 46.43 3262
246 P 14.38 46.46 2971
247 P 14.50 46.49 3373
248 P 14.19 46.48 3825
249 P 14.16 46.46 3561
250 P 14.07 46.50 2997
251 P 13.98 46.53 2880
252 P 14.21 46.62 3281
253 P 14.05 46.57 3760
254 P 13.98 46.55 3393
255 P 14.04 46.56 3384
256 P 14.11 46.58 3932
257 P 13.92 46.62 3309
258 P 13.99 46.58 4756
259 P 13.96 46.60 4165
260 P 13.98 46.60 4336
261 P 13.85 46.58 4625
262 P 13.90 46.61 4957
263 P 13.72 46.69 4235
264 P 13.74 46.73 3917
265 P 13.64 46.84 3401
266 P 13.60 46.82 4055
267 P 13.46 46.85 4837
268 P 13.52 46.81 4996
269 P 13.34 46.82 6422
270 P 13.42 46.83 6786
271 P 13.52 46.81 5558
272 P 13.56 46.87 5661
273 P 13.26 46.83 6287
274 P 13.30 46.84 7028
275 P 13.39 46.85 7051
276 P 13.35 46.80 7091
277 P 13.44 46.84 6927
278 P 13.23 46.90 8155
279 P 13.30 46.84 9079
280 P 13.29 46.85 9924
281 P 13.27 46.85 10319
282 P 13.30 46.91 10755
283 P 13.31 46.87 10990
284 P 13.33 46.87 10956
285 P 13.37 46.80 11667
286 P 13.41 46.82 11594
287 P 13.39 46.80 11225
288 P 13.38 46.82 11857
289 P 13.53 46.75 12421
290 P 13.53 46.80 12949
291 P 13.57 46.75 11817
292 P 13.52 46.74 12110
293 P 13.69 46.75 11599
294 P 13.80 46.64 11753
295 P 13.81 46.58 11942
296 P 13.98 46.46 11732
297 P 13.98 46.41 12008
298 P 14.09 46.30 11654
299 P 14.26 46.29 11618
300 P 14.19 46.17 10885
301 P 14.29 46.14 11197
302 P 14.52 46.05 10710
303 P 14.64 46.03 10651
304 P 14.59 45.99 10723
305 P 14.69 45.89 10232
306 P 14.82 45.82 9989
307 P 14.81 45.82 9816
308 P 14.85 45.87 8888
309 P 14.95 45.91 7835
310 P 14.96 45.84 7206
311 P 15.15 45.87 7910
312 P 15.16 45.78 8574
313 P 15.22 45.75 8623
314 P 15.33 45.67 8767
315 P 15.43 45.64 9117
316 P 15.48 45.64 9208
317 P 15.52 45.53 7968
318 P 15.72 45.53 6761
319 P 15.74 45.38 6917
320 P 15.78 45.38 7368
321 P 15.65 45.28 7581
322 P 15.73 45.33 7358
323 P 15.83 45.26 6978
324 P 15.86 45.25 6674
325 P 15.84 45.26 6321
326 P 15.93 45.22 6476
327 P 15.77 45.20 6063
328 P 15.99 45.19 6323
329 P 15.85 45.20 5894
330 P 15.88 45.16 4971
331 P 15.93 45.20 5036
332 P 15.98 45.17 5390
333 P 15.82 45.23 6126
334 P 15.91 45.21 6345
335 P 16.09 45.14 6531
336 P 15.91 45.23 6587
337 P 15.90 45.17 6339
338 P 16.03 45.16 6673
339 P 16.06 45.13 6525
340 P 16.10 45.15 6345
341 P 16.02 45.12 6601
342 P 16.07 45.14 6617
343 P 16.00 45.15 6265
344 P 16.20 45.23 6336
345 P 16.01 45.23 6386
346 P 15.77 45.29 6244
347 P 16.08 45.22 6776
348 P 15.96 45.21 7093
349 P 15.92 45.19 6543
350 P 15.83 45.22 6502
351 P 15.77 45.24 4682
352 P 15.97 45.31 4515
353 P 16.04 45.26 4850
354 P 16.90 44.47 3157
