% Nframe | type | QP | PSNR | size (Bytes) 
0 I 35.62 34.24 6981
1 P 37.57 33.95 157
2 P 38.80 33.71 270
3 P 38.44 33.62 434
4 P 38.44 33.68 551
5 P 38.69 33.64 650
6 P 39.48 33.74 721
7 P 38.93 33.56 637
8 P 39.42 33.22 543
9 P 39.19 33.18 505
10 P 38.94 33.33 525
11 P 39.04 33.63 636
12 P 42.05 32.56 268
13 P 41.74 32.31 375
14 P 40.21 32.69 646
15 P 38.83 33.10 527
16 P 35.92 33.93 847
17 P 35.93 34.61 1424
18 P 34.41 34.88 1859
19 P 34.07 35.00 2208
20 P 32.48 34.85 2084
21 P 32.14 35.32 1878
22 P 31.65 35.98 2277
23 P 31.11 36.55 2911
24 P 30.55 36.93 2854
25 P 29.81 37.07 3360
26 P 30.22 37.19 3077
27 P 29.24 37.60 2976
28 P 28.80 37.90 2982
29 P 29.53 37.72 3185
30 P 30.46 37.59 3786
31 P 30.58 37.54 3797
32 P 30.41 37.69 3367
33 P 30.46 37.72 2870
34 P 30.77 37.43 3266
35 P 30.94 37.17 3488
36 P 31.23 37.03 3128
37 P 31.30 36.89 2055
38 P 31.07 37.06 1247
39 P 31.55 37.16 1795
40 P 32.01 37.02 1969
41 P 32.58 36.91 1851
42 P 31.79 36.80 1803
43 P 31.48 36.72 1519
44 P 32.34 36.62 1521
45 P 32.09 36.65 1605
46 P 33.86 36.41 1580
47 P 33.93 36.03 1348
48 P 34.33 35.91 1187
49 P 34.74 36.10 933
50 P 33.97 36.44 1078
51 P 33.50 36.47 1485
52 P 33.60 36.29 1642
53 P 33.47 36.34 1539
54 P 33.83 36.27 1576
55 P 33.59 36.20 1720
56 P 33.67 36.17 1629
57 P 33.12 36.25 1754
58 P 31.94 36.57 1885
59 P 32.82 36.76 2570
60 P 32.20 36.96 3146
61 P 32.26 36.91 3143
62 P 31.80 36.70 2784
63 P 31.82 36.57 2940
64 P 32.04 36.48 2507
65 P 31.98 36.49 2382
66 P 31.99 36.51 2430
67 P 31.76 36.69 2322
68 P 32.20 36.84 2134
69 P 31.85 36.67 2225
70 P 31.92 36.54 2495
71 P 33.02 36.50 2460
72 P 32.41 36.44 2343
73 P 33.56 36.18 1975
74 P 33.29 36.06 1803
75 P 33.35 36.25 2197
76 P 32.73 36.56 2725
77 P 32.40 36.85 3300
78 P 32.64 37.02 3571
79 P 32.77 36.94 3498
80 P 32.96 36.52 3755
81 P 32.47 36.32 3910
82 P 32.68 36.05 3795
83 P 32.78 36.06 3222
84 P 32.64 36.26 3058
85 P 31.81 36.31 2903
86 P 32.15 36.41 2682
87 P 31.49 36.46 2609
88 P 32.47 36.40 2643
89 P 32.29 36.27 2651
90 P 33.63 36.08 2599
91 P 33.77 35.97 2387
92 P 32.96 35.92 2396
93 P 33.73 35.86 2355
94 P 33.87 35.82 1839
95 P 34.53 35.69 1754
96 P 34.24 35.61 1380
97 P 33.50 35.56 1246
98 P 34.49 35.46 1507
99 P 34.38 35.24 1543
100 P 34.23 35.01 1538
101 P 34.16 35.05 1466
102 P 35.29 35.10 1445
103 P 34.98 35.40 1856
104 P 35.32 35.34 1944
105 P 35.32 35.15 2153
106 P 34.11 35.22 1908
107 P 34.58 35.13 1887
108 P 34.24 35.11 1805
109 P 34.40 35.15 1974
110 P 34.35 35.24 2033
111 P 34.64 35.25 1953
112 P 34.53 35.27 1682
113 P 34.83 35.30 1498
114 P 34.33 35.42 1392
115 P 34.89 35.57 1263
116 P 34.86 35.65 1434
117 P 35.29 35.70 1659
118 P 35.21 35.64 1659
119 P 34.67 35.52 1957
120 P 35.20 35.41 1883
121 P 35.38 35.39 1796
122 P 34.68 35.32 1725
123 P 35.54 35.41 1512
124 P 35.07 35.52 1384
125 P 35.26 35.40 1478
126 P 34.60 35.36 1668
127 P 34.72 35.32 1802
128 P 34.11 35.47 2122
129 P 34.20 35.82 2198
130 P 34.01 36.18 2500
131 P 33.79 36.18 2340
132 P 34.08 36.07 2310
133 P 34.34 35.79 2295
134 P 34.29 35.70 2043
135 P 34.71 35.71 1680
136 P 33.99 35.66 1950
137 P 33.96 35.71 1948
138 P 34.22 35.59 1438
139 P 34.44 35.78 1161
140 P 34.85 35.82 1537
141 P 33.32 35.97 1957
142 P 33.70 35.98 2211
143 P 34.45 36.37 2079
144 P 34.11 36.64 2430
145 P 34.35 36.70 2539
146 P 34.36 36.84 2761
147 P 34.25 36.69 3408
148 P 33.12 36.19 3801
149 P 32.63 35.95 4327
150 P 32.26 35.95 4287
151 P 31.95 36.28 4192
152 P 32.17 36.58 3533
153 P 31.85 36.87 3662
154 P 31.92 37.05 3735
155 P 31.65 37.29 3849
156 P 31.18 37.49 3802
157 P 31.31 37.62 3862
158 P 31.30 37.82 4508
159 P 31.39 38.02 5276
160 P 31.77 38.46 5746
161 P 31.80 38.69 5579
162 P 31.15 39.25 5084
163 P 30.89 40.07 4842
164 P 30.91 40.79 4322
165 P 30.06 41.57 3725
166 P 30.19 41.12 3649
167 P 30.51 40.78 3526
168 P 30.90 40.69 3500
169 P 30.80 40.41 3865
170 P 30.72 39.62 4181
171 P 31.00 39.63 4689
172 P 31.83 39.17 4856
173 P 32.10 39.00 4849
174 P 34.23 38.01 5059
175 P 33.60 36.99 3817
176 P 33.52 36.74 3307
177 P 33.50 36.75 3205
178 P 34.21 36.26 3051
179 P 33.73 35.82 3340
180 P 33.78 35.64 3247
181 P 34.89 35.07 3202
182 P 34.72 35.07 3572
183 P 34.84 34.78 3091
184 P 35.55 34.19 3118
185 P 35.59 33.73 3197
186 P 35.40 33.33 3153
187 P 35.86 33.04 3066
188 P 35.74 33.14 3010
189 P 35.62 33.43 2664
190 P 35.70 33.30 2542
191 P 35.77 33.14 2750
192 P 36.08 32.75 2691
193 P 36.18 32.45 2891
194 P 36.53 32.20 2601
195 P 36.73 31.86 2360
196 P 37.45 31.74 2601
197 P 37.55 31.46 2935
198 P 37.43 31.37 2480
199 P 37.62 31.11 2386
200 P 37.62 30.72 2637
201 P 38.29 30.13 3004
202 P 38.70 29.38 2954
203 P 38.76 28.74 3475
204 P 39.09 28.04 3084
205 P 39.06 27.67 2824
206 P 39.19 27.64 2134
207 P 39.57 27.22 1720
208 P 39.45 27.11 1080
209 P 39.65 27.13 1132
210 P 39.84 27.08 765
211 P 39.53 27.07 888
212 P 39.19 27.19 945
213 P 39.53 27.21 1064
214 P 39.94 27.18 925
215 P 39.83 27.18 973
216 P 40.06 27.14 998
217 P 39.97 27.09 726
218 P 40.00 27.11 621
219 P 39.76 27.13 392
220 P 40.08 27.16 240
221 P 39.65 27.18 239
222 P 39.90 27.23 312
223 P 39.11 27.28 194
224 P 39.27 27.29 235
225 P 42.20 27.37 99
226 P 39.86 27.38 273
227 P 39.62 27.36 381
228 P 40.01 27.36 436
229 P 39.46 27.46 488
230 P 39.36 27.45 441
231 P 39.58 27.48 175
232 P 39.88 27.50 257
233 P 39.72 27.52 251
234 P 38.91 27.54 293
235 P 40.05 27.53 264
236 P 39.46 27.54 234
237 P 39.51 27.52 400
238 P 38.78 27.51 429
239 P 39.28 27.51 570
240 P 38.87 27.55 734
241 P 38.41 27.63 785
242 P 38.95 27.64 637
243 P 38.49 27.63 750
244 P 38.14 27.73 977
245 P 38.35 27.80 798
246 P 38.09 27.84 621
247 P 40.09 27.67 75
% Nframe | type | QP | PSNR | size (Bytes) 
25 P 31.10 34.96 848
26 P 31.64 35.14 2015
27 P 32.30 35.17 1840
28 P 31.11 35.30 1927
29 P 32.01 35.49 2347
30 P 31.81 35.58 1795
31 P 31.69 35.69 679
32 P 33.16 35.63 1819
33 P 33.36 35.61 1612
34 P 33.07 35.63 2763
35 P 31.74 35.60 2165
36 P 33.73 35.41 1971
37 P 32.65 35.49 2576
38 P 32.62 35.49 900
39 P 31.09 35.41 3164
40 P 31.72 35.36 2311
41 P 32.42 35.52 2411
42 P 31.31 35.56 2267
43 P 32.15 35.67 2603
44 P 31.66 35.72 2412
45 P 32.01 35.84 2497
46 P 33.01 35.83 2241
47 P 32.58 35.81 2307
48 P 32.76 35.89 3029
49 P 31.63 35.89 978
50 P 32.89 35.87 2212
51 P 33.12 35.81 2052
52 P 32.56 35.69 2107
53 P 32.28 35.60 2463
54 P 32.16 35.77 5559
55 P 33.31 35.74 845
56 P 32.68 35.57 1987
57 P 32.76 35.47 1978
58 P 32.59 35.45 2652
59 P 33.11 35.45 2272
60 P 33.66 35.36 2119
61 P 33.82 35.44 2342
62 P 32.55 35.39 2478
63 P 32.54 35.45 2430
64 P 32.54 35.48 2487
65 P 32.64 35.45 2196
66 P 32.78 35.33 1941
67 P 33.52 35.39 2256
68 P 33.59 35.44 2443
69 P 33.62 35.38 2260
70 P 33.00 35.32 2426
71 P 32.35 35.25 2366
72 P 33.13 35.47 3233
73 P 33.79 35.51 778
74 P 33.62 35.24 2278
75 P 34.34 35.36 2230
76 P 33.80 35.25 2049
77 P 33.19 35.25 2506
78 P 33.87 35.39 2055
79 P 34.23 35.41 756
80 P 34.27 35.16 1915
81 P 33.95 35.17 1686
82 P 33.49 35.25 2419
83 P 33.80 35.22 1728
84 P 33.44 35.22 1829
85 P 34.33 35.23 2033
86 P 34.05 35.16 1760
87 P 33.93 35.14 1865
88 P 34.97 35.18 2000
89 P 33.09 35.14 1516
90 P 34.81 35.22 1644
91 P 34.62 35.22 1843
92 P 34.34 35.19 1919
93 P 34.19 35.27 2062
94 P 32.99 35.19 1965
95 P 32.89 35.20 2011
96 P 34.35 35.43 3018
97 P 32.92 35.45 616
98 P 33.49 35.28 2053
99 P 33.21 35.33 2358
100 P 34.41 35.22 2239
101 P 33.49 35.23 3140
102 P 33.59 35.33 2795
103 P 33.01 35.33 921
104 P 33.06 35.22 2319
105 P 32.41 35.45 3072
106 P 32.39 35.38 2353
107 P 33.31 35.33 2447
108 P 33.49 35.21 2258
109 P 34.11 35.56 4697
110 P 34.11 35.47 2308
111 P 33.62 35.47 2338
112 P 34.16 35.49 1867
113 P 34.52 35.44 1690
114 P 34.01 35.35 1738
115 P 33.55 35.45 1920
116 P 33.66 35.43 2001
117 P 33.64 35.41 2024
118 P 33.61 35.34 2025
119 P 33.72 35.30 1970
120 P 34.40 35.30 1927
121 P 34.04 35.27 1689
122 P 34.26 35.20 1671
123 P 34.08 35.26 1820
124 P 33.38 35.36 1942
125 P 33.83 35.38 590
126 P 34.09 35.33 1436
127 P 33.98 35.30 1455
128 P 33.70 35.43 1721
129 P 34.37 35.37 1525
130 P 34.34 35.43 1845
131 P 34.18 35.45 687
132 P 34.39 35.32 1714
133 P 34.40 35.39 2230
134 P 34.35 35.38 1805
135 P 34.61 35.36 1754
136 P 33.95 35.38 1702
137 P 33.80 35.44 1469
138 P 34.41 35.52 1522
139 P 34.54 35.52 1493
140 P 32.65 35.53 1363
141 P 34.24 35.52 1464
142 P 33.38 35.71 2063
143 P 33.26 35.77 795
144 P 33.43 35.69 1468
145 P 33.87 35.66 1268
146 P 33.95 35.64 1309
147 P 33.91 35.61 1755
148 P 34.18 35.68 1618
149 P 32.83 35.74 436
150 P 33.83 35.70 1312
151 P 33.56 35.65 1261
152 P 33.48 35.68 1857
153 P 34.09 35.64 1622
154 P 33.37 35.72 1902
155 P 33.70 35.71 724
156 P 33.97 35.63 1678
157 P 33.45 35.73 2534
158 P 33.72 35.72 1806
159 P 33.44 35.68 1855
160 P 32.96 35.64 1909
161 P 32.89 35.63 1947
162 P 33.31 35.70 1698
163 P 33.62 35.77 4730
164 P 32.80 35.71 2162
165 P 33.08 35.62 1922
166 P 32.97 35.82 2974
167 P 32.94 35.83 612
168 P 33.36 35.71 2210
169 P 32.74 35.71 2128
170 P 33.07 35.69 2319
171 P 33.27 35.72 2967
172 P 33.19 35.82 2582
173 P 32.85 35.79 1031
174 P 33.38 35.69 2461
175 P 33.51 35.61 2180
176 P 33.12 35.75 3163
177 P 33.04 35.70 2395
178 P 32.90 35.82 2532
179 P 32.84 35.81 693
180 P 32.93 35.70 1914
181 P 33.20 35.74 2489
182 P 32.41 35.69 1830
183 P 32.90 35.69 1939
184 P 33.40 35.72 1838
185 P 32.90 35.72 2173
186 P 33.53 35.72 2234
187 P 32.89 35.76 2173
188 P 32.96 35.75 2085
189 P 32.48 35.68 1807
190 P 32.58 35.77 2887
191 P 32.75 35.81 789
192 P 32.53 35.72 1920
193 P 32.80 35.73 2077
194 P 32.78 35.70 1960
195 P 32.50 35.77 2626
196 P 32.53 35.82 2310
197 P 32.62 35.85 915
198 P 32.81 35.73 1944
199 P 32.73 35.69 2005
200 P 32.82 35.77 2658
201 P 32.90 35.74 2299
202 P 33.23 35.77 2337
203 P 32.69 35.76 1100
204 P 33.17 35.69 2697
205 P 33.04 35.68 2290
206 P 33.35 35.71 1968
207 P 33.04 35.71 1938
208 P 33.18 35.74 1893
209 P 32.85 35.63 1593
210 P 33.78 36.15 3661
211 P 32.07 36.06 1622
212 P 33.71 36.09 1832
213 P 33.01 36.06 1864
214 P 32.58 36.26 3068
215 P 32.93 36.27 545
216 P 32.53 36.17 2089
217 P 32.15 36.13 2046
218 P 32.59 36.12 1848
219 P 32.19 36.12 2416
220 P 31.46 36.20 1927
221 P 33.31 36.22 425
222 P 33.24 36.10 1735
223 P 32.76 36.12 1954
224 P 32.58 36.18 2836
225 P 33.29 36.13 2329
226 P 32.95 36.23 2440
227 P 33.23 36.17 673
228 P 32.81 36.11 2963
229 P 32.48 36.12 2156
230 P 32.65 36.15 1886
231 P 32.80 36.11 1871
232 P 32.66 36.09 1897
233 P 32.53 36.14 1675
234 P 32.41 36.15 1580
235 P 32.39 36.16 1699
236 P 32.15 36.12 1726
237 P 32.75 36.01 1826
238 P 31.82 36.12 2881
239 P 32.92 36.14 744
240 P 32.78 36.03 2102
241 P 32.74 35.98 2203
242 P 32.74 35.91 2016
243 P 32.16 36.03 2680
244 P 31.79 36.08 1956
245 P 33.47 36.09 589
246 P 31.74 36.02 1833
247 P 32.23 36.02 2298
248 P 32.69 36.05 1753
249 P 32.04 35.99 1788
250 P 32.41 36.02 1839
251 P 32.79 36.03 649
252 P 32.51 35.93 2164
253 P 32.84 35.94 1895
254 P 32.49 35.90 1832
255 P 34.26 35.61 1408
% Nframe | type | QP | PSNR | size (Bytes) 
25 P 30.57 40.95 3742
26 P 31.08 40.47 3689
27 P 31.36 39.69 4022
28 P 32.59 38.48 3652
29 P 33.66 36.44 3243
30 P 34.83 36.36 1976
31 P 34.29 36.95 2298
32 P 34.18 37.19 2442
33 P 34.02 37.32 2163
34 P 34.05 37.54 1970
35 P 34.25 37.41 1541
36 P 33.81 37.44 1327
37 P 34.82 37.43 1297
38 P 34.72 37.20 1388
39 P 36.26 36.65 1389
40 P 35.44 35.90 1257
41 P 37.64 35.34 1112
42 P 36.80 35.00 956
43 P 37.60 34.84 978
44 P 37.13 34.96 903
45 P 36.95 35.27 1009
46 P 36.09 35.11 1026
47 P 36.29 35.32 1082
48 P 36.35 35.42 1005
49 P 36.18 35.45 1146
50 P 35.83 35.36 1240
51 P 36.25 35.25 1383
52 P 36.43 35.17 1459
53 P 36.30 35.22 1454
54 P 35.56 35.38 1339
55 P 35.85 35.54 1121
56 P 35.09 35.65 853
57 P 34.74 35.70 941
58 P 35.19 35.63 922
59 P 34.73 35.65 889
60 P 34.88 35.69 1004
61 P 34.85 35.87 1088
62 P 34.13 35.93 1089
63 P 34.46 35.85 1090
64 P 34.48 35.67 1010
65 P 34.36 35.47 1001
66 P 34.41 35.42 779
67 P 34.70 35.63 858
68 P 34.57 35.82 977
69 P 34.43 35.85 1078
70 P 33.94 35.98 1138
71 P 34.00 35.99 1596
72 P 34.33 35.92 1658
73 P 33.77 35.85 1648
74 P 33.47 35.80 1574
75 P 33.01 35.88 1332
76 P 33.19 36.06 1310
77 P 33.07 36.22 1182
78 P 32.58 36.39 1302
79 P 32.81 36.35 1222
80 P 32.58 36.17 1223
81 P 32.49 36.12 925
82 P 32.55 36.24 859
83 P 33.15 36.38 753
84 P 32.70 36.46 825
85 P 32.90 36.48 888
86 P 32.71 36.63 1080
87 P 32.78 36.76 1276
88 P 32.83 36.82 1331
89 P 32.82 36.75 1345
90 P 32.58 36.62 1440
91 P 31.86 36.50 1721
92 P 32.20 36.38 1410
93 P 31.43 36.37 1465
94 P 31.20 36.43 1540
95 P 31.54 36.60 1521
96 P 30.51 36.68 1401
97 P 31.09 36.90 1378
98 P 31.04 37.04 1146
99 P 30.57 37.16 1153
100 P 31.52 37.22 1177
101 P 30.90 37.19 1062
102 P 30.74 37.21 1118
103 P 31.03 37.20 985
104 P 30.84 37.18 1060
105 P 29.89 37.10 982
106 P 30.69 37.08 1135
107 P 30.86 37.05 761
108 P 30.98 37.14 752
109 P 30.31 37.19 821
110 P 30.35 37.23 891
111 P 30.54 37.30 806
112 P 30.00 37.36 710
113 P 30.61 37.41 829
114 P 29.91 37.34 939
115 P 30.04 37.33 809
116 P 30.55 37.39 730
117 P 29.93 37.54 947
118 P 29.46 37.59 827
119 P 29.48 37.65 863
120 P 29.55 37.76 1013
121 P 28.68 37.84 988
122 P 29.18 37.93 1223
123 P 29.17 37.90 1197
124 P 29.18 37.92 1412
125 P 28.88 37.99 1446
126 P 29.18 37.99 1311
127 P 28.81 38.10 1438
128 P 28.03 38.14 1152
129 P 28.49 38.17 1283
130 P 28.04 38.26 1274
131 P 27.75 38.28 1275
132 P 27.84 38.32 1358
133 P 28.11 38.31 945
134 P 28.09 38.41 1145
135 P 27.55 38.49 1141
136 P 28.32 38.59 986
137 P 27.85 38.67 1003
138 P 28.27 38.73 971
139 P 27.76 38.72 998
140 P 27.61 38.76 651
141 P 27.56 38.82 653
142 P 28.04 38.85 838
143 P 28.36 38.84 847
144 P 27.67 38.84 1121
145 P 27.07 38.90 889
146 P 27.55 38.96 985
147 P 27.78 39.00 872
148 P 26.88 39.01 904
149 P 27.39 39.05 928
150 P 27.19 39.10 1189
151 P 27.14 39.19 1118
152 P 27.14 39.28 1340
153 P 26.93 39.29 1249
154 P 26.74 39.23 1389
155 P 26.99 39.31 1541
156 P 27.02 39.38 1190
157 P 26.74 39.40 1296
158 P 26.50 39.43 1490
159 P 26.35 39.50 1191
160 P 26.78 39.67 1444
161 P 26.58 39.66 1504
162 P 26.04 39.76 1106
163 P 25.75 39.77 1208
164 P 25.48 39.82 1303
165 P 26.46 39.83 1233
166 P 26.12 39.82 1198
167 P 26.36 39.84 1171
168 P 25.69 39.87 1402
169 P 26.01 39.92 1298
170 P 25.83 39.97 981
171 P 25.54 40.03 956
172 P 25.00 40.03 1101
173 P 25.40 40.06 1184
174 P 25.77 40.07 1200
175 P 24.79 40.12 1493
176 P 25.27 40.11 1810
177 P 25.12 40.18 1917
178 P 24.51 40.29 1455
179 P 24.52 40.31 1149
180 P 24.82 40.35 1474
181 P 24.49 40.33 1566
182 P 24.56 40.38 1507
183 P 23.93 40.45 1708
184 P 23.64 40.55 1482
185 P 23.90 40.62 1014
186 P 23.77 40.67 1042
187 P 23.35 40.72 1187
188 P 23.46 40.78 1132
189 P 23.67 40.67 1243
190 P 24.18 40.66 1629
191 P 24.25 40.65 2171
192 P 24.33 40.63 2501
193 P 23.82 40.65 2643
194 P 23.79 40.69 2459
195 P 23.65 40.74 2119
196 P 23.30 40.74 1753
197 P 23.17 40.82 1470
198 P 23.21 40.87 1818
199 P 23.27 40.84 1815
200 P 23.08 40.87 2529
201 P 23.28 40.92 1900
202 P 23.13 40.99 2040
203 P 23.23 41.01 1982
204 P 23.11 41.03 2107
205 P 22.94 41.10 1887
206 P 23.15 41.06 1795
207 P 23.60 41.08 2192
208 P 23.11 40.99 2084
209 P 23.43 40.95 2517
210 P 23.48 40.96 2308
211 P 23.20 40.99 2268
212 P 23.44 41.01 2314
213 P 23.18 40.93 2620
214 P 23.32 41.01 3035
215 P 23.30 41.01 2593
216 P 23.30 41.01 2151
217 P 23.39 41.06 2400
218 P 23.05 41.14 1652
219 P 23.12 41.16 1467
220 P 23.05 41.13 1896
221 P 23.33 41.11 1861
222 P 23.44 41.05 1864
223 P 23.48 41.04 2078
224 P 23.57 41.08 2042
225 P 23.40 41.09 2084
226 P 23.45 41.06 1968
227 P 24.00 41.00 1703
228 P 23.84 40.97 2289
229 P 23.63 40.93 2220
230 P 23.19 40.87 2200
231 P 23.62 40.98 2358
232 P 23.74 41.03 2145
233 P 22.94 41.05 1817
234 P 23.30 41.05 1634
235 P 23.45 41.09 1378
236 P 23.27 41.11 1312
237 P 23.22 41.13 1825
238 P 23.11 41.05 1901
239 P 23.41 41.02 2305
240 P 24.00 41.02 2016
241 P 23.32 41.07 1429
242 P 23.17 41.10 1460
243 P 23.02 41.09 1471
244 P 22.86 41.15 886
245 P 23.32 41.17 1007
246 P 23.00 41.19 1005
247 P 22.66 41.21 970
248 P 22.83 41.25 1338
249 P 22.79 41.26 1063
250 P 22.31 41.26 760
251 P 22.23 41.26 771
252 P 22.58 41.29 878
253 P 22.20 41.25 1034
254 P 22.59 41.26 917
255 P 22.53 41.30 932
256 P 22.72 41.31 1235
257 P 23.15 41.35 1118
258 P 22.86 41.33 1494
259 P 22.68 41.34 1360
260 P 22.82 41.33 1443
261 P 23.03 41.35 1463
262 P 22.82 41.34 1391
263 P 22.43 41.42 1516
264 P 22.43 41.46 1497
265 P 21.70 41.53 1208
266 P 22.26 41.49 1295
267 P 21.84 41.50 1874
268 P 21.95 41.55 1897
269 P 21.82 41.57 2061
270 P 21.58 41.54 2480
271 P 21.54 41.60 2350
272 P 21.53 41.64 2443
273 P 21.34 41.65 2440
274 P 21.59 41.64 2585
275 P 21.50 41.64 2526
276 P 21.80 41.67 2887
277 P 21.70 41.71 2513
278 P 21.51 41.73 3091
279 P 21.53 41.72 3191
280 P 21.39 41.77 3923
281 P 21.33 41.78 4186
282 P 21.32 41.81 4474
283 P 21.31 41.79 4758
284 P 21.43 41.74 4764
285 P 21.37 41.67 4854
286 P 21.51 41.76 4969
287 P 21.45 41.83 4961
288 P 21.62 41.91 5429
289 P 21.67 41.91 6129
290 P 21.78 41.89 5983
291 P 21.45 41.86 5526
292 P 21.53 41.79 5555
293 P 22.19 41.78 5283
294 P 22.05 41.66 5397
295 P 22.51 41.54 5229
296 P 22.76 41.53 5243
297 P 22.93 41.39 5203
298 P 22.98 41.30 5502
299 P 23.29 41.15 5220
300 P 23.53 41.02 4796
301 P 24.42 40.96 4791
302 P 24.07 40.77 4449
303 P 24.68 40.71 4209
304 P 24.76 40.64 4321
305 P 25.45 40.55 4197
306 P 25.13 40.42 4094
307 P 25.50 40.45 3716
308 P 25.66 40.53 3311
309 P 25.47 40.56 2694
310 P 25.68 40.51 2326
311 P 25.89 40.51 2525
312 P 26.11 40.46 2623
313 P 26.33 40.34 2697
314 P 26.51 40.33 2996
315 P 26.46 40.18 3130
316 P 26.63 40.11 3079
317 P 26.73 39.91 2654
318 P 26.78 39.87 2373
319 P 26.83 39.84 1959
320 P 26.85 39.80 1995
321 P 27.09 39.74 2213
322 P 27.02 39.70 1960
323 P 27.53 39.70 1699
324 P 27.40 39.70 1996
325 P 26.91 39.70 1777
326 P 27.44 39.65 1634
327 P 27.41 39.62 1678
328 P 27.38 39.59 1639
329 P 27.34 39.55 1584
330 P 27.54 39.55 1252
331 P 27.46 39.54 1342
332 P 27.55 39.64 1454
333 P 27.28 39.67 1592
334 P 27.67 39.67 1463
335 P 27.35 39.72 1729
336 P 27.37 39.70 1743
337 P 27.34 39.70 1703
338 P 26.89 39.70 1834
339 P 26.69 39.71 1787
340 P 27.00 39.71 1770
341 P 27.03 39.70 1714
342 P 27.12 39.70 1881
343 P 27.15 39.67 1855
344 P 27.35 39.67 1856
345 P 27.06 39.74 1856
346 P 26.97 39.77 1741
347 P 26.91 39.71 2130
348 P 27.05 39.78 2147
349 P 26.89 39.79 2076
350 P 27.18 39.79 2000
351 P 27.05 39.77 1349
352 P 27.27 39.80 1094
353 P 27.02 39.84 1443
354 P 28.87 39.39 638
