% Nframe | type | QP | PSNR | size (Bytes) 
0 I 20.20 43.51 10211
1 P 20.20 42.89 968
2 P 20.67 42.63 1470
3 P 20.95 42.61 1991
4 P 21.42 42.51 2104
5 P 20.72 42.44 2137
6 P 21.19 42.50 2118
7 P 21.90 42.50 1986
8 P 20.94 42.39 1788
9 P 21.51 42.35 2156
10 P 21.58 42.31 2122
11 P 20.92 42.44 2598
12 P 24.71 41.09 1117
13 P 20.97 42.66 3066
14 P 18.40 43.88 3926
15 P 16.94 44.65 3878
16 P 15.74 45.28 4950
17 P 15.27 45.83 5983
18 P 14.63 46.13 6619
19 P 14.18 46.34 6808
20 P 13.63 46.72 6884
21 P 13.44 46.85 6658
22 P 13.06 47.12 8479
23 P 12.80 47.34 8748
24 P 12.32 47.72 8945
25 P 12.11 47.79 10099
26 P 12.08 47.82 9578
27 P 12.02 47.90 9291
28 P 12.01 47.90 8996
29 P 12.22 47.73 9328
30 P 12.34 47.68 9810
31 P 12.45 47.62 10028
32 P 12.49 47.52 8577
33 P 12.57 47.64 8786
34 P 12.72 47.38 9013
35 P 12.89 47.25 9002
36 P 13.06 47.09 8841
37 P 13.34 46.97 7229
38 P 13.50 46.93 6872
39 P 13.66 46.89 7532
40 P 13.77 46.80 7356
41 P 13.96 46.70 6832
42 P 14.12 46.54 6837
43 P 14.35 46.55 6538
44 P 14.30 46.50 6365
45 P 14.40 46.36 6246
46 P 14.46 46.45 6050
47 P 14.58 46.21 5321
48 P 14.79 46.26 5097
49 P 14.93 46.20 4412
50 P 15.05 46.23 4943
51 P 14.83 46.10 5691
52 P 15.04 46.03 5677
53 P 14.87 46.05 5227
54 P 14.98 46.11 5762
55 P 15.13 46.04 5243
56 P 15.11 46.01 5290
57 P 15.06 46.05 5815
58 P 15.11 45.83 5830
59 P 15.06 45.76 6423
60 P 15.01 45.82 6731
61 P 14.87 45.93 7299
62 P 14.68 45.96 6646
63 P 14.75 46.03 6935
64 P 14.73 45.99 6626
65 P 14.85 46.03 6261
66 P 14.82 45.99 6471
67 P 14.65 46.10 5992
68 P 14.73 46.02 5838
69 P 14.77 45.94 6087
70 P 14.80 45.78 6719
71 P 15.02 45.88 6826
72 P 14.95 45.89 6908
73 P 15.03 45.90 6369
74 P 15.06 45.82 5893
75 P 15.19 45.70 6865
76 P 15.18 45.76 7462
77 P 15.17 45.80 7580
78 P 15.02 45.93 8020
79 P 15.04 45.83 7834
80 P 15.03 45.65 8249
81 P 15.02 45.64 8305
82 P 15.15 45.54 8140
83 P 15.12 45.52 7803
84 P 15.10 45.62 7477
85 P 15.23 45.73 6983
86 P 15.21 45.78 6835
87 P 15.24 45.70 6741
88 P 15.41 45.56 6872
89 P 15.44 45.55 7022
90 P 15.47 45.46 6815
91 P 15.64 45.39 6665
92 P 15.65 45.42 6870
93 P 15.70 45.27 6505
94 P 15.79 45.38 5608
95 P 15.84 45.33 5494
96 P 15.80 45.38 5595
97 P 15.84 45.31 5266
98 P 15.79 45.29 5822
99 P 15.90 45.27 5590
100 P 15.92 45.09 5617
101 P 15.78 45.17 5201
102 P 15.97 45.21 5516
103 P 15.93 45.15 6026
104 P 16.01 45.09 6048
105 P 16.26 45.08 5937
106 P 16.04 45.13 5927
107 P 15.67 45.17 5547
108 P 15.52 45.14 5416
109 P 16.18 45.21 5508
110 P 15.83 45.23 5580
111 P 15.73 45.23 5489
112 P 15.74 45.31 5044
113 P 15.39 45.36 5067
114 P 15.70 45.41 4891
115 P 15.69 45.37 5051
116 P 15.68 45.47 4915
117 P 15.90 45.45 5223
118 P 16.04 45.37 5187
119 P 15.95 45.37 5582
120 P 15.82 45.23 5311
121 P 16.00 45.36 5405
122 P 15.63 45.39 5398
123 P 15.61 45.46 5077
124 P 15.51 45.52 4866
125 P 15.75 45.37 4980
126 P 15.60 45.38 5062
127 P 16.29 45.27 5289
128 P 15.96 45.52 5937
129 P 15.69 45.66 5678
130 P 15.71 45.66 5452
131 P 15.94 45.74 5441
132 P 15.66 45.78 5575
133 P 15.75 45.73 5569
134 P 15.48 45.71 5609
135 P 15.14 45.73 5134
136 P 15.49 45.63 5143
137 P 15.79 45.64 5028
138 P 15.40 45.58 4913
139 P 15.74 45.61 4499
140 P 15.14 45.62 5591
141 P 15.38 45.58 5922
142 P 15.55 45.67 6052
143 P 15.41 45.60 5555
144 P 15.22 45.85 6210
145 P 15.64 45.75 6402
146 P 15.47 45.86 6701
147 P 15.27 45.97 7917
148 P 15.45 45.68 8471
149 P 15.56 45.49 9153
150 P 15.58 45.48 9210
151 P 15.35 45.72 8804
152 P 15.35 45.71 8639
153 P 15.51 45.67 8870
154 P 15.51 45.85 9235
155 P 15.57 46.11 9163
156 P 15.49 46.13 8986
157 P 15.59 46.15 8533
158 P 15.64 46.27 8657
159 P 15.73 46.32 8411
160 P 15.81 46.39 8478
161 P 15.70 46.56 8656
162 P 15.42 47.00 8017
163 P 15.09 47.57 7547
164 P 14.67 48.20 6508
165 P 14.17 48.78 5375
166 P 13.98 48.78 5417
167 P 13.94 48.74 5844
168 P 13.97 48.79 5798
169 P 14.07 48.46 5997
170 P 14.25 47.95 6685
171 P 14.75 47.93 6500
172 P 14.90 47.49 6878
173 P 15.04 47.41 7373
174 P 15.99 46.67 8645
175 P 16.07 46.32 8962
176 P 16.45 46.23 8793
177 P 16.43 46.06 8507
178 P 16.59 46.03 8629
179 P 16.62 45.73 9211
180 P 16.57 45.61 9188
181 P 16.81 45.25 9536
182 P 16.95 45.07 9677
183 P 16.96 45.00 9445
184 P 17.23 44.79 9868
185 P 17.51 44.52 9677
186 P 17.54 44.47 9911
187 P 17.59 44.38 9288
188 P 17.71 44.37 8690
189 P 17.80 44.47 8431
190 P 17.87 44.43 8725
191 P 17.93 44.10 8687
192 P 18.28 43.82 8944
193 P 18.37 43.71 9228
194 P 18.55 43.60 8811
195 P 18.74 43.51 8502
196 P 18.86 43.45 8934
197 P 19.00 43.36 9370
198 P 19.07 43.31 8379
199 P 19.04 43.10 9026
200 P 19.12 42.62 9967
201 P 19.44 41.92 11881
202 P 19.44 41.59 13730
203 P 19.79 40.80 14777
204 P 19.92 40.60 14863
205 P 19.79 40.72 13291
206 P 20.05 40.63 10592
207 P 20.01 40.58 12745
208 P 20.09 40.58 9900
209 P 19.98 40.57 10852
210 P 20.00 40.64 6775
211 P 20.19 40.47 6860
212 P 20.21 40.49 6663
213 P 20.33 40.45 7622
214 P 20.57 40.27 6525
215 P 20.67 40.13 6579
216 P 20.65 40.11 6616
217 P 20.88 40.03 6446
218 P 20.80 40.04 3308
219 P 20.95 40.02 2477
220 P 20.91 40.11 1331
221 P 20.73 40.11 1033
222 P 20.79 40.15 1006
223 P 20.75 40.41 841
224 P 20.95 40.35 616
225 P 21.45 40.32 1374
226 P 21.34 40.11 3702
227 P 21.24 39.96 4154
228 P 21.27 39.82 3618
229 P 21.14 39.98 2262
230 P 21.06 39.95 1894
231 P 20.40 40.16 1124
232 P 20.83 40.13 1143
233 P 20.71 40.19 1166
234 P 20.96 40.28 895
235 P 20.76 40.23 1830
236 P 20.69 40.26 1422
237 P 20.90 40.22 3032
238 P 20.74 40.16 3310
239 P 20.73 40.15 4604
240 P 20.58 40.25 4496
241 P 20.77 40.19 3288
242 P 20.53 40.33 5212
243 P 20.40 40.33 5582
244 P 20.14 40.52 5441
245 P 20.12 40.56 2760
246 P 20.13 40.61 2952
247 P 22.23 39.63 1443
% Nframe | type | QP | PSNR | size (Bytes) 
25 P 12.20 48.37 3324
26 P 11.71 48.38 6760
27 P 12.50 48.28 5937
28 P 12.99 48.15 5827
29 P 12.93 48.21 6476
30 P 12.85 48.39 5857
31 P 12.31 48.33 2784
32 P 13.22 48.14 5778
33 P 13.39 48.04 5884
34 P 13.18 48.05 7350
35 P 12.91 47.86 6635
36 P 13.36 47.68 6868
37 P 13.29 47.82 7718
38 P 13.08 47.85 3761
39 P 12.70 47.69 8693
40 P 12.39 47.66 7906
41 P 11.50 47.77 7407
42 P 12.69 47.87 7098
43 P 11.82 47.96 7178
44 P 13.19 48.04 7490
45 P 12.97 48.04 7498
46 P 11.86 48.03 7929
47 P 12.86 47.94 7421
48 P 12.79 48.00 8241
49 P 13.07 47.95 3755
50 P 13.02 48.00 7418
51 P 13.08 47.88 6991
52 P 12.80 47.77 7007
53 P 12.86 47.47 7700
54 P 12.54 48.10 10767
55 P 12.46 48.03 3522
56 P 13.26 47.65 7146
57 P 13.28 47.47 6752
58 P 13.09 47.50 7754
59 P 12.50 47.53 7515
60 P 12.76 47.51 7305
61 P 12.92 47.46 7344
62 P 12.76 47.49 7774
63 P 12.85 47.45 7609
64 P 13.16 47.45 7299
65 P 12.88 47.41 6921
66 P 13.20 47.39 6630
67 P 13.22 47.52 6941
68 P 12.96 47.49 7162
69 P 13.25 47.40 6791
70 P 13.36 47.33 6854
71 P 13.54 47.13 6960
72 P 12.91 47.53 8015
73 P 13.96 47.50 3191
74 P 13.54 47.26 6608
75 P 13.62 47.25 6329
76 P 13.77 47.26 6210
77 P 13.52 47.27 6784
78 P 13.03 47.48 6210
79 P 13.83 47.42 2800
80 P 13.52 47.29 6093
81 P 13.53 47.13 5724
82 P 13.62 47.26 6637
83 P 14.12 47.33 5702
84 P 14.28 47.16 5636
85 P 13.60 47.24 6072
86 P 14.03 47.17 6019
87 P 13.96 47.10 6130
88 P 14.48 47.12 6270
89 P 14.55 47.11 5924
90 P 14.16 47.11 5534
91 P 14.17 47.07 6310
92 P 13.93 47.04 6621
93 P 14.02 47.03 6582
94 P 14.26 47.10 6810
95 P 14.40 47.04 6399
96 P 14.08 47.39 7826
97 P 13.04 47.34 3298
98 P 13.91 47.16 7311
99 P 14.23 47.13 7525
100 P 13.86 46.99 7548
101 P 14.38 46.97 8325
102 P 14.13 47.23 8148
103 P 13.94 47.23 3654
104 P 14.60 46.99 7187
105 P 13.96 47.32 7859
106 P 13.96 47.18 7026
107 P 13.86 47.16 7157
108 P 14.39 46.83 6894
109 P 14.22 47.37 10081
110 P 14.07 47.13 7146
111 P 14.34 47.10 7066
112 P 14.38 47.08 6185
113 P 14.46 47.03 6395
114 P 14.32 47.03 6558
115 P 14.17 47.19 6303
116 P 14.36 47.01 6825
117 P 14.35 46.97 6729
118 P 14.37 47.00 6851
119 P 14.36 46.91 6665
120 P 15.24 46.93 6198
121 P 15.07 46.97 6175
122 P 15.20 46.82 5806
123 P 14.83 46.97 6634
124 P 14.70 47.04 6323
125 P 14.62 47.06 2955
126 P 14.65 46.92 5702
127 P 14.39 46.90 5615
128 P 14.52 46.93 5955
129 P 14.73 46.94 5169
130 P 14.52 47.10 6043
131 P 14.68 47.04 3164
132 P 14.99 46.87 5904
133 P 14.93 46.88 6801
134 P 14.81 46.95 6138
135 P 14.80 46.96 5766
136 P 15.17 46.88 5705
137 P 15.04 46.94 5172
138 P 14.69 47.02 4986
139 P 14.54 47.00 5054
140 P 14.68 47.00 5159
141 P 14.85 46.99 5331
142 P 14.51 47.22 6452
143 P 14.59 47.14 3778
144 P 14.41 47.08 5622
145 P 14.37 47.12 4932
146 P 14.45 47.05 4725
147 P 14.80 47.01 5509
148 P 14.38 47.19 4877
149 P 14.11 47.20 2322
150 P 14.54 47.11 4831
151 P 14.46 47.11 5140
152 P 14.51 47.16 6145
153 P 14.61 46.97 5707
154 P 14.48 47.18 5817
155 P 14.30 47.17 2847
156 P 14.45 47.08 5406
157 P 14.17 47.13 7031
158 P 14.34 47.12 5873
159 P 14.16 47.09 5920
160 P 14.71 47.10 5827
161 P 14.66 47.09 5981
162 P 14.78 46.92 5028
163 P 14.22 47.37 9034
164 P 14.04 47.14 6262
165 P 14.11 47.04 5750
166 P 14.26 47.39 7184
167 P 14.40 47.36 2469
168 P 14.36 47.23 6565
169 P 14.09 47.06 6475
170 P 14.13 46.98 6524
171 P 14.12 47.04 7829
172 P 14.04 47.15 7398
173 P 14.62 47.09 3830
174 P 14.24 47.04 7377
175 P 14.44 46.96 6927
176 P 14.32 47.10 8071
177 P 14.11 47.11 7122
178 P 14.18 47.25 7223
179 P 13.53 47.25 2805
180 P 14.45 47.08 5954
181 P 14.39 47.18 6591
182 P 14.49 47.16 5700
183 P 14.57 47.15 5978
184 P 14.51 47.25 5894
185 P 14.38 47.15 6457
186 P 14.64 47.14 6802
187 P 14.59 47.15 6860
188 P 14.64 47.05 6899
189 P 14.66 47.03 6275
190 P 14.67 47.17 7138
191 P 14.64 47.20 2917
192 P 14.88 47.06 5916
193 P 14.64 47.11 6304
194 P 14.90 47.01 6047
195 P 14.58 47.15 7062
196 P 14.51 47.29 6900
197 P 14.51 47.27 3419
198 P 14.85 47.11 6147
199 P 14.63 47.06 6088
200 P 14.59 47.15 7283
201 P 14.60 47.14 6471
202 P 14.59 47.20 7003
203 P 14.68 47.11 4601
204 P 14.49 47.15 7535
205 P 14.31 47.02 7091
206 P 14.10 47.08 6048
207 P 14.11 47.04 5844
208 P 13.98 47.09 5598
209 P 14.27 46.88 5053
210 P 14.29 47.54 7661
211 P 14.16 47.32 5319
212 P 14.23 47.33 5782
213 P 14.09 47.24 5928
214 P 14.00 47.59 7350
215 P 13.94 47.53 2262
216 P 14.63 47.31 5865
217 P 14.59 47.26 5787
218 P 14.58 47.31 5507
219 P 14.62 47.30 6129
220 P 14.27 47.42 5840
221 P 14.35 47.45 2410
222 P 14.30 47.24 5928
223 P 14.65 47.05 6024
224 P 14.52 47.19 7516
225 P 14.14 47.20 7139
226 P 14.33 47.43 7441
227 P 14.37 47.32 2921
228 P 14.75 47.17 7937
229 P 14.45 47.20 6644
230 P 14.24 47.25 6221
231 P 14.58 47.27 6221
232 P 14.63 47.28 5829
233 P 14.55 47.31 5574
234 P 14.54 47.37 5376
235 P 14.57 47.35 5707
236 P 14.77 47.29 5913
237 P 14.80 47.23 6096
238 P 14.53 47.45 7667
239 P 14.70 47.39 3108
240 P 14.72 47.14 6419
241 P 14.78 47.10 6484
242 P 14.65 47.10 5925
243 P 14.40 47.23 7064
244 P 14.36 47.34 6082
245 P 14.55 47.35 2303
246 P 14.54 47.25 5754
247 P 14.59 47.19 6328
248 P 14.58 47.19 5795
249 P 14.69 47.21 5917
250 P 14.64 47.20 5623
251 P 14.13 47.33 2649
252 P 14.49 47.29 6565
253 P 13.80 47.17 5882
254 P 13.81 47.12 5625
255 P 15.89 46.55 4672
% Nframe | type | QP | PSNR | size (Bytes) 
25 P 11.92 48.80 11816
26 P 12.10 48.46 11309
27 P 12.40 48.06 11717
28 P 12.87 47.38 11199
29 P 13.56 46.56 11612
30 P 14.36 46.14 9401
31 P 14.94 45.93 8507
32 P 15.13 45.91 7935
33 P 15.47 45.87 6860
34 P 15.46 46.00 6283
35 P 15.68 46.08 5009
36 P 15.65 46.17 4332
37 P 15.83 46.19 4311
38 P 16.15 46.04 4502
39 P 16.13 45.62 4652
40 P 16.47 45.19 4388
41 P 16.40 44.73 4261
42 P 17.17 44.50 4351
43 P 16.89 44.27 4223
44 P 17.24 44.39 3652
45 P 17.32 44.48 3702
46 P 17.28 44.50 3668
47 P 17.07 44.63 3531
48 P 17.03 44.65 3496
49 P 16.79 44.78 3765
50 P 16.79 44.74 4348
51 P 17.18 44.50 4777
52 P 16.72 44.60 5233
53 P 16.44 44.74 5301
54 P 16.24 44.84 4623
55 P 16.23 44.83 3660
56 P 15.94 45.03 3648
57 P 15.80 45.05 3611
58 P 15.87 45.08 3669
59 P 16.05 45.26 3610
60 P 15.68 45.28 3944
61 P 15.45 45.41 4374
62 P 15.50 45.48 4155
63 P 15.57 45.47 4451
64 P 15.49 45.47 4478
65 P 15.59 45.39 4165
66 P 15.51 45.37 3634
67 P 15.31 45.49 3600
68 P 15.20 45.60 4495
69 P 15.00 45.47 4990
70 P 15.10 45.48 5791
71 P 15.05 45.44 6547
72 P 14.92 45.45 6463
73 P 14.97 45.62 6397
74 P 14.83 45.66 6196
75 P 14.89 45.78 5234
76 P 14.71 45.96 5065
77 P 14.50 46.01 4226
78 P 14.37 46.09 4512
79 P 14.50 46.11 5002
80 P 14.69 46.09 5189
81 P 14.37 46.13 4276
82 P 14.44 46.18 3881
83 P 14.84 46.14 3942
84 P 14.77 46.12 4393
85 P 14.77 46.08 4821
86 P 14.69 45.93 4822
87 P 14.65 46.04 5598
88 P 14.61 46.04 5565
89 P 14.48 46.08 5854
90 P 14.27 46.16 5989
91 P 14.68 46.17 5925
92 P 14.33 46.12 5731
93 P 14.04 46.22 5868
94 P 14.45 46.36 5710
95 P 13.91 46.37 5401
96 P 14.09 46.41 5012
97 P 13.89 46.48 5101
98 P 14.38 46.56 4657
99 P 13.88 46.69 4568
100 P 13.88 46.60 4344
101 P 14.11 46.65 4379
102 P 13.82 46.64 4347
103 P 13.69 46.70 4858
104 P 13.76 46.62 4909
105 P 13.87 46.61 4822
106 P 13.73 46.70 4623
107 P 13.92 46.78 3873
108 P 13.68 46.76 3301
109 P 13.74 46.77 3893
110 P 13.63 46.74 3834
111 P 13.68 46.67 3793
112 P 13.56 46.86 4283
113 P 13.53 46.85 4518
114 P 13.45 46.92 4547
115 P 13.57 46.92 3691
116 P 13.32 47.00 3254
117 P 13.14 46.96 3744
118 P 13.38 46.97 3896
119 P 13.00 47.03 4750
120 P 13.10 46.98 4591
121 P 13.09 46.99 5026
122 P 13.03 47.03 5452
123 P 12.98 46.99 5693
124 P 12.80 47.03 5557
125 P 12.79 47.16 5520
126 P 12.67 47.18 5097
127 P 12.80 47.22 4987
128 P 12.57 47.27 5131
129 P 12.43 47.35 4937
130 P 12.43 47.40 4665
131 P 12.33 47.47 4934
132 P 12.40 47.50 4796
133 P 12.25 47.54 4440
134 P 12.39 47.54 4622
135 P 12.40 47.46 5006
136 P 12.28 47.49 5307
137 P 12.34 47.57 5455
138 P 12.39 47.52 5267
139 P 12.04 47.63 4729
140 P 12.04 47.68 3312
141 P 12.18 47.71 3155
142 P 12.07 47.69 4603
143 P 12.08 47.77 5031
144 P 12.05 47.77 4833
145 P 12.06 47.84 4177
146 P 11.86 47.92 4165
147 P 11.80 47.93 3868
148 P 11.74 47.97 4048
149 P 11.97 47.89 4740
150 P 12.00 47.83 5029
151 P 11.82 47.81 5645
152 P 11.89 47.76 5721
153 P 11.67 47.85 6462
154 P 11.65 47.96 6328
155 P 11.66 47.96 5287
156 P 11.71 48.05 4606
157 P 11.48 48.18 5262
158 P 11.56 48.17 5220
159 P 11.29 48.15 4545
160 P 11.44 48.26 4527
161 P 11.39 48.23 4935
162 P 11.36 48.24 3846
163 P 11.39 48.41 3802
164 P 11.42 48.39 4264
165 P 11.09 48.38 4031
166 P 11.13 48.34 4516
167 P 11.26 48.33 4933
168 P 11.31 48.36 5081
169 P 11.35 48.32 4647
170 P 11.19 48.36 4165
171 P 11.15 48.42 4203
172 P 11.33 48.48 4945
173 P 11.33 48.53 5335
174 P 11.28 48.43 5461
175 P 11.29 48.48 5917
176 P 11.14 48.44 6257
177 P 11.14 48.50 5470
178 P 11.05 48.52 4321
179 P 10.93 48.64 4500
180 P 10.98 48.64 4746
181 P 10.86 48.65 5481
182 P 10.76 48.62 5021
183 P 10.79 48.66 5116
184 P 10.59 48.71 4448
185 P 10.55 48.78 3808
186 P 10.52 48.89 3979
187 P 10.28 48.92 4266
188 P 10.39 48.95 3592
189 P 10.62 48.81 5140
190 P 10.76 48.68 6124
191 P 10.75 48.65 7049
192 P 10.79 48.67 7025
193 P 10.80 48.72 6206
194 P 10.81 48.69 5953
195 P 10.54 48.80 5418
196 P 10.53 48.80 4700
197 P 10.44 48.95 5321
198 P 10.41 48.93 5686
199 P 10.59 48.89 5632
200 P 10.61 48.89 6503
201 P 10.69 48.84 5935
202 P 10.58 48.86 7001
203 P 10.71 48.85 7193
204 P 10.65 48.78 7337
205 P 10.78 48.75 7483
206 P 10.62 48.79 8111
207 P 10.64 48.77 8121
208 P 10.49 48.84 8581
209 P 10.59 48.93 8327
210 P 10.56 48.96 7422
211 P 10.54 48.96 7275
212 P 10.58 48.88 7459
213 P 10.44 48.85 8146
214 P 10.43 48.88 8152
215 P 10.41 48.88 7652
216 P 10.51 48.91 7430
217 P 10.55 48.94 6586
218 P 10.24 48.89 4725
219 P 10.47 48.99 4845
220 P 10.52 48.99 6282
221 P 10.66 48.93 6455
222 P 10.67 48.79 6739
223 P 10.71 48.82 7184
224 P 10.80 48.83 7214
225 P 10.75 48.81 7829
226 P 10.79 48.65 7625
227 P 10.80 48.70 7433
228 P 10.82 48.69 7139
229 P 10.79 48.69 7085
230 P 10.76 48.67 6349
231 P 10.85 48.66 6528
232 P 10.76 48.75 6875
233 P 10.90 48.72 5998
234 P 10.82 48.72 5418
235 P 10.76 48.82 4918
236 P 10.67 48.86 4380
237 P 10.48 48.85 5133
238 P 10.49 48.82 5166
239 P 10.79 48.67 5904
240 P 10.77 48.67 5287
241 P 10.78 48.71 4429
242 P 10.77 48.76 4805
243 P 10.63 48.73 4436
244 P 10.65 48.82 3708
245 P 10.58 48.84 4053
246 P 10.70 48.90 4187
247 P 10.64 48.96 3906
248 P 10.73 48.98 4003
249 P 10.49 48.95 3882
250 P 10.60 48.98 3580
251 P 10.25 49.00 3662
252 P 10.31 49.03 3977
253 P 10.42 49.03 4246
254 P 10.26 49.05 4081
255 P 10.62 49.04 3955
256 P 10.65 49.00 4504
257 P 10.87 49.01 3838
258 P 10.65 49.03 4983
259 P 10.44 48.98 4656
260 P 10.50 48.98 4934
261 P 10.52 48.95 4784
262 P 10.48 48.95 4872
263 P 10.44 49.02 5020
264 P 10.44 49.05 4927
265 P 10.35 49.16 4217
266 P 10.41 49.17 4874
267 P 10.23 49.12 5182
268 P 10.23 49.15 5507
269 P 10.31 49.16 6275
270 P 10.31 49.09 6496
271 P 10.41 49.09 5935
272 P 10.36 49.14 6077
273 P 10.08 49.08 6378
274 P 10.34 49.12 6668
275 P 10.18 49.04 6824
276 P 10.22 49.10 7114
277 P 10.27 49.12 6874
278 P 10.23 49.06 7682
279 P 10.30 49.08 8527
280 P 10.21 49.04 8996
281 P 10.29 49.07 9244
282 P 10.28 49.05 9847
283 P 10.21 49.07 9967
284 P 10.25 49.02 10306
285 P 10.22 49.02 10742
286 P 10.20 49.01 10467
287 P 10.31 49.00 10328
288 P 10.29 49.00 10772
289 P 10.47 48.95 11033
290 P 10.41 48.92 11065
291 P 10.42 48.90 10721
292 P 10.57 48.92 10517
293 P 10.59 48.88 10659
294 P 10.56 48.78 10633
295 P 10.76 48.70 10483
296 P 10.68 48.72 10496
297 P 10.82 48.58 10183
298 P 10.87 48.50 10380
299 P 10.98 48.51 10057
300 P 10.96 48.46 10085
301 P 11.02 48.42 9531
302 P 11.07 48.35 9564
303 P 11.17 48.31 9438
304 P 11.13 48.32 9587
305 P 11.27 48.22 9236
306 P 11.36 48.18 8977
307 P 11.58 48.06 8801
308 P 11.48 48.01 8608
309 P 11.50 48.08 8337
310 P 11.58 48.10 7699
311 P 11.79 48.01 8038
312 P 11.69 48.00 8067
313 P 11.77 47.96 8329
314 P 11.90 47.99 8485
315 P 11.95 47.91 8329
316 P 11.89 47.84 8191
317 P 11.91 47.79 7799
318 P 11.95 47.78 7579
319 P 11.89 47.73 7510
320 P 11.97 47.67 7711
321 P 12.10 47.66 7522
322 P 12.14 47.62 7270
323 P 12.04 47.62 7419
324 P 12.01 47.65 7145
325 P 12.11 47.63 6973
326 P 12.08 47.60 6746
327 P 12.10 47.62 6332
328 P 12.25 47.59 5953
329 P 12.15 47.57 5652
330 P 12.14 47.58 5104
331 P 12.16 47.55 4999
332 P 12.34 47.56 5637
333 P 12.33 47.50 6084
334 P 12.35 47.52 6445
335 P 12.39 47.54 6654
336 P 12.37 47.50 6617
337 P 12.44 47.45 6381
338 P 12.44 47.48 6504
339 P 12.51 47.39 6553
340 P 12.41 47.44 6591
341 P 12.39 47.42 6607
342 P 12.43 47.43 6471
343 P 12.39 47.47 6449
344 P 12.30 47.52 6090
345 P 12.29 47.47 6046
346 P 12.37 47.53 5658
347 P 12.50 47.51 6191
348 P 12.48 47.49 6066
349 P 12.39 47.49 6044
350 P 12.20 47.57 6103
351 P 12.36 47.58 4632
352 P 12.31 47.53 4127
353 P 12.36 47.58 5149
354 P 13.78 46.60 3615
