% Nframe | type | QP | PSNR | size (Bytes) 
0 I 21.88 41.81 5910
1 P 21.64 41.30 463
2 P 23.02 41.05 713
3 P 23.90 40.91 901
4 P 23.46 40.85 1169
5 P 23.38 40.78 1155
6 P 23.39 40.76 1213
7 P 22.92 40.74 1297
8 P 23.22 40.81 1169
9 P 23.23 40.70 1129
10 P 24.80 40.59 1009
11 P 23.79 40.65 1397
12 P 25.65 39.87 919
13 P 20.52 41.48 2235
14 P 18.53 42.96 2684
15 P 17.13 43.99 2640
16 P 16.39 44.75 3281
17 P 15.63 45.14 3984
18 P 14.98 45.60 4706
19 P 14.48 45.98 4774
20 P 14.10 46.32 4490
21 P 13.57 46.56 4315
22 P 13.19 46.88 5463
23 P 13.00 47.04 6025
24 P 12.57 47.42 6047
25 P 12.53 47.31 6409
26 P 12.52 47.22 5571
27 P 12.52 47.37 5696
28 P 12.44 47.46 5819
29 P 12.52 47.37 5884
30 P 12.60 47.26 6203
31 P 12.75 47.26 6065
32 P 12.85 47.32 5772
33 P 12.92 47.30 5756
34 P 13.12 46.96 5863
35 P 13.26 46.81 6039
36 P 13.22 46.83 5770
37 P 13.34 46.76 4801
38 P 13.58 46.71 4518
39 P 13.87 46.51 4946
40 P 13.95 46.37 4888
41 P 14.02 46.36 4672
42 P 14.17 46.27 4696
43 P 14.33 46.12 4363
44 P 14.38 46.08 4539
45 P 14.39 46.15 4579
46 P 14.32 46.11 4179
47 P 14.65 46.04 3731
48 P 14.74 45.96 3239
49 P 14.82 46.07 3299
50 P 14.92 45.94 3453
51 P 15.03 45.80 3966
52 P 15.02 45.78 3834
53 P 15.29 45.70 3365
54 P 14.95 45.59 3607
55 P 15.02 45.62 3579
56 P 15.15 45.64 3294
57 P 15.24 45.68 3686
58 P 15.30 45.48 3847
59 P 15.50 45.54 4355
60 P 15.01 45.56 5024
61 P 15.09 45.66 5172
62 P 15.07 45.69 5044
63 P 15.01 45.83 5127
64 P 15.04 45.82 4672
65 P 15.01 45.68 4164
66 P 14.98 45.71 4397
67 P 14.91 45.76 4353
68 P 15.05 45.74 3964
69 P 14.98 45.71 4483
70 P 14.94 45.60 4718
71 P 15.00 45.54 4645
72 P 14.90 45.58 4759
73 P 15.07 45.50 4184
74 P 15.05 45.47 3817
75 P 15.25 45.35 4484
76 P 15.51 45.34 4792
77 P 15.25 45.42 5350
78 P 15.18 45.43 5600
79 P 15.32 45.35 5587
80 P 15.25 45.39 5867
81 P 15.12 45.17 5405
82 P 15.45 45.09 5432
83 P 15.48 45.22 5116
84 P 15.49 45.04 4660
85 P 15.56 45.12 4650
86 P 15.62 45.16 4522
87 P 15.68 45.27 4668
88 P 15.65 45.19 4703
89 P 15.68 45.17 4778
90 P 15.66 45.20 4769
91 P 15.87 45.17 4467
92 P 15.91 45.00 4664
93 P 16.06 44.94 4451
94 P 16.11 45.01 4007
95 P 16.19 44.88 3806
96 P 16.17 44.75 3774
97 P 16.17 44.84 3475
98 P 16.21 44.78 3587
99 P 16.46 44.66 3671
100 P 16.15 44.70 3616
101 P 16.46 44.47 3274
102 P 16.49 44.45 3623
103 P 16.42 44.64 3961
104 P 16.30 44.72 4182
105 P 16.02 44.65 4180
106 P 16.02 44.74 3841
107 P 16.04 44.78 3872
108 P 16.45 44.77 3765
109 P 16.44 44.69 3607
110 P 16.93 44.86 3641
111 P 16.10 44.88 3652
112 P 16.38 44.87 3321
113 P 16.20 44.89 3282
114 P 15.93 45.05 3318
115 P 15.98 44.98 3331
116 P 16.43 44.95 3431
117 P 16.29 44.88 3462
118 P 16.15 44.87 3521
119 P 15.91 44.88 3755
120 P 16.14 44.77 3441
121 P 16.63 44.77 3316
122 P 16.62 44.82 3418
123 P 16.28 44.88 3216
124 P 16.29 44.95 3207
125 P 16.22 44.94 3479
126 P 16.48 44.94 3421
127 P 16.15 44.78 3360
128 P 16.25 44.86 3680
129 P 16.03 45.05 3751
130 P 16.85 45.10 3612
131 P 16.15 45.26 3760
132 P 15.88 45.44 3853
133 P 16.18 45.36 3793
134 P 15.86 45.40 3669
135 P 15.94 45.38 3317
136 P 16.04 45.30 3630
137 P 16.00 45.35 3542
138 P 16.13 45.20 3287
139 P 15.90 45.28 3311
140 P 15.82 45.22 3616
141 P 16.17 45.19 3907
142 P 15.83 45.27 4144
143 P 15.94 45.26 3609
144 P 15.61 45.38 4335
145 P 16.00 45.34 4422
146 P 15.90 45.30 4558
147 P 15.83 45.51 5252
148 P 15.94 45.38 5846
149 P 15.97 45.25 6368
150 P 16.02 45.10 6321
151 P 15.72 45.30 6134
152 P 15.82 45.26 5876
153 P 15.86 45.41 6308
154 P 15.88 45.29 6212
155 P 15.91 45.55 6659
156 P 15.92 45.54 6034
157 P 15.98 45.59 5717
158 P 16.31 45.68 5806
159 P 16.29 45.62 5849
160 P 16.31 45.80 5831
161 P 16.15 45.84 5939
162 P 15.91 46.42 5552
163 P 15.68 46.62 5014
164 P 15.27 47.27 4490
165 P 14.77 47.97 3891
166 P 14.81 47.98 3746
167 P 14.85 47.69 3991
168 P 14.71 47.78 4093
169 P 14.77 47.51 4359
170 P 14.94 47.38 4855
171 P 15.39 47.22 4602
172 P 15.62 46.75 4630
173 P 15.91 46.64 4789
174 P 16.48 45.78 5720
175 P 16.93 45.53 5831
176 P 17.02 45.31 5536
177 P 17.02 45.45 5578
178 P 17.03 45.32 5524
179 P 17.04 45.15 5808
180 P 17.25 44.96 5870
181 P 17.36 44.55 6330
182 P 17.54 44.36 6404
183 P 17.90 44.24 6178
184 P 18.01 44.12 6350
185 P 18.00 44.04 6466
186 P 18.12 43.82 6093
187 P 18.29 43.75 6293
188 P 18.01 43.75 6289
189 P 18.21 43.93 5714
190 P 18.30 43.93 5594
191 P 18.50 43.65 5596
192 P 18.46 43.33 6032
193 P 18.64 43.06 5988
194 P 19.00 42.90 5614
195 P 19.17 42.78 5508
196 P 19.13 42.70 5807
197 P 19.35 42.62 5919
198 P 19.13 42.68 5497
199 P 19.27 42.50 5584
200 P 19.53 41.95 6044
201 P 19.73 41.49 7271
202 P 19.71 40.91 8305
203 P 19.90 40.52 9153
204 P 20.10 40.41 7970
205 P 20.13 40.35 7815
206 P 20.24 40.25 7692
207 P 20.16 40.30 7758
208 P 20.15 40.32 4779
209 P 20.15 40.31 5267
210 P 20.14 40.34 3818
211 P 20.33 40.35 3835
212 P 20.50 40.14 3843
213 P 20.48 40.16 4306
214 P 20.50 40.12 4269
215 P 20.60 40.02 4247
216 P 20.69 39.98 4232
217 P 20.65 40.15 3093
218 P 20.78 40.07 2318
219 P 20.52 40.00 1339
220 P 21.11 40.09 695
221 P 20.18 40.18 671
222 P 20.44 40.24 612
223 P 20.03 40.53 433
224 P 21.07 40.49 340
225 P 21.31 40.59 424
226 P 21.01 40.34 1432
227 P 21.01 40.17 2047
228 P 20.87 39.95 2073
229 P 20.99 40.02 1328
230 P 20.76 40.04 1067
231 P 20.83 40.29 589
232 P 20.68 40.20 545
233 P 20.79 40.31 701
234 P 20.40 40.38 520
235 P 20.51 40.24 924
236 P 20.29 40.31 816
237 P 20.39 40.28 1628
238 P 20.38 40.21 1778
239 P 20.41 40.31 2410
240 P 20.20 40.37 2863
241 P 20.23 40.44 2495
242 P 20.17 40.43 2567
243 P 20.04 40.47 3120
244 P 20.02 40.51 3445
245 P 19.85 40.62 1787
246 P 19.78 40.65 1766
247 P 21.46 39.82 830
