% Nframe | type | QP | PSNR | size (Bytes) 
0 I 32.05 37.22 14540
1 P 34.68 36.83 450
2 P 35.58 36.61 838
3 P 36.08 36.60 1309
4 P 35.67 36.68 1632
5 P 35.31 36.70 1753
6 P 35.50 36.77 1713
7 P 34.86 36.67 1472
8 P 35.93 36.35 1392
9 P 36.37 36.11 1357
10 P 35.69 36.34 1459
11 P 35.41 36.50 1701
12 P 37.74 35.26 571
13 P 39.92 34.82 881
14 P 37.61 35.24 1435
15 P 36.69 35.77 1453
16 P 35.18 36.72 1781
17 P 34.52 37.33 2585
18 P 32.63 37.51 3529
19 P 31.52 37.53 4013
20 P 30.73 37.25 4217
21 P 30.06 37.59 3277
22 P 29.77 38.21 4122
23 P 28.59 38.53 6043
24 P 27.64 38.93 6407
25 P 27.41 39.02 7040
26 P 27.31 39.17 6827
27 P 26.99 39.58 5992
28 P 26.91 39.78 5664
29 P 26.76 39.60 6878
30 P 27.86 39.50 8174
31 P 27.78 39.55 8098
32 P 27.18 39.66 7753
33 P 27.03 39.71 6656
34 P 27.32 39.56 7745
35 P 27.82 39.21 7584
36 P 28.14 39.09 6831
37 P 28.02 38.94 4640
38 P 28.90 39.10 3133
39 P 29.07 39.14 4071
40 P 29.11 39.13 4436
41 P 29.24 38.99 3851
42 P 29.40 38.82 3399
43 P 29.58 38.67 3091
44 P 29.32 38.65 3066
45 P 30.15 38.64 3037
46 P 30.83 38.38 2923
47 P 32.31 37.94 2718
48 P 32.47 37.80 2552
49 P 32.87 38.10 1872
50 P 32.32 38.37 2019
51 P 31.43 38.38 2896
52 P 30.84 38.11 3080
53 P 31.28 38.10 2918
54 P 31.67 38.08 3321
55 P 31.92 37.96 3221
56 P 31.21 37.99 3230
57 P 31.15 38.00 3202
58 P 30.70 38.36 3596
59 P 31.06 38.55 4650
60 P 30.94 38.75 5855
61 P 29.87 38.67 5661
62 P 29.52 38.44 5319
63 P 30.27 38.29 5350
64 P 30.47 38.22 4994
65 P 30.21 38.20 4436
66 P 29.44 38.34 4735
67 P 29.62 38.46 4464
68 P 29.81 38.57 4161
69 P 30.27 38.44 4374
70 P 30.17 38.34 4824
71 P 29.87 38.33 4673
72 P 30.53 38.22 4734
73 P 30.70 37.93 4032
74 P 30.71 37.85 3803
75 P 30.94 38.11 4413
76 P 30.00 38.30 5230
77 P 29.65 38.66 6559
78 P 29.66 38.83 6973
79 P 29.88 38.79 6912
80 P 30.03 38.42 7232
81 P 29.98 38.17 7782
82 P 30.11 37.93 7347
83 P 30.31 37.87 6260
84 P 30.09 38.05 6005
85 P 29.49 38.07 5369
86 P 29.24 38.26 5048
87 P 29.70 38.30 5024
88 P 29.75 38.17 5126
89 P 30.27 38.06 5097
90 P 30.50 37.92 4908
91 P 31.22 37.82 4890
92 P 30.84 37.88 5202
93 P 31.07 37.67 4452
94 P 31.63 37.67 3469
95 P 31.79 37.55 3381
96 P 31.59 37.47 2968
97 P 31.93 37.52 2767
98 P 32.37 37.48 3162
99 P 32.35 37.18 3155
100 P 32.10 36.98 3368
101 P 32.60 36.91 2889
102 P 31.90 37.02 3044
103 P 32.09 37.32 3734
104 P 32.37 37.31 3859
105 P 32.60 37.07 4314
106 P 32.55 37.21 3916
107 P 31.88 37.05 3487
108 P 32.33 37.06 3556
109 P 32.34 37.06 3755
110 P 31.91 37.20 3924
111 P 31.67 37.13 3790
112 P 31.89 37.18 3492
113 P 32.13 37.22 3087
114 P 31.89 37.38 2720
115 P 33.47 37.53 2507
116 P 33.18 37.61 2881
117 P 32.79 37.58 3122
118 P 32.96 37.53 3357
119 P 33.38 37.38 3716
120 P 32.62 37.22 3649
121 P 33.01 37.23 3666
122 P 32.88 37.22 3719
123 P 33.08 37.31 3031
124 P 32.91 37.49 2820
125 P 32.94 37.39 2897
126 P 33.70 37.26 2985
127 P 32.86 37.15 3594
128 P 32.60 37.49 4340
129 P 32.66 37.70 4303
130 P 32.22 38.06 5015
131 P 32.22 38.17 4861
132 P 31.81 37.98 4354
133 P 32.05 37.70 4519
134 P 32.63 37.62 4005
135 P 32.75 37.62 3373
136 P 32.40 37.58 4031
137 P 32.33 37.52 3516
138 P 32.24 37.43 3138
139 P 33.28 37.60 2186
140 P 31.93 37.68 3236
141 P 32.73 37.82 3979
142 P 32.47 37.89 4208
143 P 32.00 38.24 3994
144 P 32.43 38.48 4627
145 P 31.98 38.56 5101
146 P 32.04 38.65 5370
147 P 31.08 38.56 6751
148 P 30.42 38.07 7588
149 P 30.16 37.74 8119
150 P 30.02 37.93 7849
151 P 29.95 38.24 7512
152 P 29.96 38.53 6552
153 P 29.44 38.80 6938
154 P 29.64 38.99 6996
155 P 29.33 39.26 7311
156 P 29.33 39.56 7818
157 P 29.24 39.87 9612
158 P 29.41 40.11 10630
159 P 29.27 40.49 11156
160 P 29.35 40.51 10779
161 P 29.50 40.83 10885
162 P 29.14 41.59 9501
163 P 28.98 42.45 8603
164 P 28.64 42.94 7519
165 P 28.37 43.65 6628
166 P 28.01 43.41 6563
167 P 28.51 43.23 6377
168 P 27.92 43.16 6372
169 P 28.15 42.54 6940
170 P 28.51 41.95 7921
171 P 28.83 41.88 8320
172 P 29.29 41.51 8426
173 P 29.80 41.25 8597
174 P 31.22 40.48 9776
175 P 31.09 40.00 10014
176 P 31.27 39.30 8050
177 P 31.27 38.78 5810
178 P 31.53 38.39 6420
179 P 31.67 38.06 6554
180 P 31.87 37.66 6288
181 P 32.47 37.40 7049
182 P 32.50 37.01 6580
183 P 32.76 36.83 6537
184 P 32.93 36.34 6764
185 P 33.31 35.86 6412
186 P 33.45 35.46 6724
187 P 33.75 35.17 6596
188 P 33.64 35.14 5970
189 P 33.36 35.46 5234
190 P 33.38 35.33 5318
191 P 33.89 35.04 5484
192 P 34.04 34.75 5984
193 P 33.90 34.41 6004
194 P 34.28 34.23 5349
195 P 34.61 33.95 4877
196 P 35.24 33.57 5500
197 P 35.19 33.37 6577
198 P 35.43 33.23 5058
199 P 35.37 32.91 5194
200 P 36.01 32.55 5771
201 P 35.83 31.97 7472
202 P 36.41 31.39 7585
203 P 36.58 30.60 8491
204 P 36.69 29.93 8463
205 P 36.97 29.41 6507
206 P 37.13 29.29 4559
207 P 37.38 28.62 4521
208 P 37.67 28.59 2873
209 P 37.64 28.70 2762
210 P 37.49 28.67 2209
211 P 37.80 28.64 1925
212 P 37.78 28.87 1886
213 P 37.66 28.87 1546
214 P 37.58 28.80 1602
215 P 38.06 28.79 1486
216 P 37.89 28.73 1608
217 P 38.33 28.60 1325
218 P 38.24 28.57 1223
219 P 38.48 28.57 900
220 P 38.04 28.65 750
221 P 38.06 28.68 540
222 P 37.89 28.69 455
223 P 37.95 28.77 509
224 P 38.77 28.76 398
225 P 38.65 28.83 566
226 P 38.31 28.76 786
227 P 38.27 28.76 1030
228 P 38.32 28.73 1042
229 P 38.16 28.83 1055
230 P 37.74 28.87 1389
231 P 37.30 28.93 597
232 P 37.17 28.95 658
233 P 37.92 28.97 610
234 P 37.36 29.00 496
235 P 37.62 28.99 832
236 P 37.98 29.01 651
237 P 37.46 28.99 1129
238 P 36.79 29.00 1217
239 P 37.78 28.98 1303
240 P 37.05 29.05 1726
241 P 36.94 29.08 1839
242 P 36.82 29.15 1839
243 P 36.78 29.12 1779
244 P 36.84 29.19 2195
245 P 36.42 29.24 1605
246 P 36.70 29.27 1442
247 P 37.35 29.03 329
