% Nframe | type | QP | PSNR | size (Bytes) 
0 I 27.93 39.14 14358
1 P 31.36 38.75 540
2 P 31.26 38.61 1092
3 P 31.15 38.54 1593
4 P 31.50 38.68 2085
5 P 30.69 38.70 2038
6 P 31.28 38.67 1966
7 P 30.24 38.57 1771
8 P 31.67 38.21 1655
9 P 31.63 38.06 1856
10 P 31.48 38.21 1926
11 P 31.52 38.40 2423
12 P 35.23 37.18 797
13 P 34.05 37.16 1493
14 P 32.10 37.82 2820
15 P 29.48 38.42 2407
16 P 28.21 39.27 2910
17 P 26.40 39.90 4552
18 P 25.80 40.19 5400
19 P 25.06 40.29 6087
20 P 24.30 40.16 6281
21 P 23.88 40.57 5080
22 P 23.45 41.05 6295
23 P 23.10 41.42 8516
24 P 22.32 41.85 8579
25 P 22.09 41.80 9480
26 P 21.90 41.85 8810
27 P 21.81 42.15 7700
28 P 21.58 42.36 7690
29 P 21.86 42.09 8812
30 P 22.18 41.86 10172
31 P 22.39 41.86 9957
32 P 22.42 42.00 8777
33 P 22.92 42.02 7690
34 P 22.82 41.78 8789
35 P 23.52 41.45 8612
36 P 23.50 41.29 7687
37 P 23.97 41.10 5357
38 P 24.03 41.11 3865
39 P 24.35 41.22 5203
40 P 24.47 41.13 5347
41 P 24.97 40.99 4599
42 P 25.04 40.84 4326
43 P 25.07 40.69 3864
44 P 25.77 40.61 3776
45 P 26.00 40.63 3959
46 P 26.35 40.42 3812
47 P 27.66 40.02 3729
48 P 27.58 39.95 3173
49 P 27.46 40.14 2317
50 P 27.42 40.43 2640
51 P 28.01 40.40 3855
52 P 26.86 40.22 4201
53 P 27.65 40.25 3848
54 P 27.13 40.22 4142
55 P 26.35 40.10 4094
56 P 25.85 40.12 4196
57 P 25.98 40.10 4326
58 P 25.97 40.31 4542
59 P 25.91 40.60 6090
60 P 25.93 40.72 6866
61 P 24.93 40.74 6842
62 P 25.35 40.57 6463
63 P 24.99 40.43 6752
64 P 25.36 40.44 6061
65 P 24.73 40.40 5613
66 P 24.86 40.41 5652
67 P 24.97 40.55 5649
68 P 24.47 40.65 4924
69 P 25.16 40.51 5384
70 P 24.61 40.39 6121
71 P 24.84 40.36 5688
72 P 25.16 40.27 5847
73 P 25.66 40.07 5084
74 P 25.41 40.00 5076
75 P 25.62 40.15 5630
76 P 25.70 40.43 6486
77 P 25.75 40.71 7582
78 P 25.25 40.94 8106
79 P 25.63 40.81 7813
80 P 25.53 40.46 8435
81 P 26.09 40.29 8832
82 P 26.01 40.01 8454
83 P 25.60 39.98 7472
84 P 25.99 40.24 6964
85 P 25.28 40.34 6364
86 P 25.22 40.41 5728
87 P 25.37 40.41 5886
88 P 25.46 40.38 6048
89 P 25.85 40.25 5946
90 P 26.40 40.03 5647
91 P 26.34 39.98 6006
92 P 26.13 39.93 5952
93 P 26.90 39.82 5562
94 P 27.11 39.89 4349
95 P 27.30 39.80 4280
96 P 27.07 39.68 3735
97 P 27.87 39.70 3439
98 P 27.69 39.59 4025
99 P 27.30 39.38 4223
100 P 27.60 39.22 4374
101 P 27.48 39.15 3861
102 P 27.31 39.28 4090
103 P 27.41 39.58 4830
104 P 28.18 39.46 5006
105 P 27.73 39.29 5602
106 P 27.61 39.46 4819
107 P 28.41 39.39 4531
108 P 28.09 39.37 4581
109 P 27.99 39.36 4579
110 P 28.23 39.45 4723
111 P 27.43 39.52 4842
112 P 26.99 39.50 4262
113 P 27.67 39.51 3953
114 P 28.14 39.56 3119
115 P 28.12 39.77 3482
116 P 27.51 39.73 3694
117 P 28.49 39.74 4035
118 P 28.53 39.68 4236
119 P 27.96 39.58 4922
120 P 28.56 39.49 4688
121 P 28.61 39.46 4572
122 P 28.17 39.47 4641
123 P 28.77 39.58 3790
124 P 28.05 39.69 3491
125 P 28.13 39.61 3795
126 P 28.28 39.48 4035
127 P 28.08 39.44 4728
128 P 27.92 39.64 5328
129 P 28.42 40.02 5568
130 P 28.29 40.33 5857
131 P 28.17 40.37 5725
132 P 27.39 40.21 5301
133 P 27.90 40.03 5876
134 P 28.14 39.91 4860
135 P 27.97 39.96 4318
136 P 27.58 39.88 4725
137 P 27.87 39.85 4447
138 P 27.76 39.70 3779
139 P 28.53 39.85 2919
140 P 28.30 39.91 4399
141 P 28.23 40.00 5128
142 P 28.22 40.02 5341
143 P 27.44 40.42 4929
144 P 28.09 40.58 5786
145 P 27.67 40.61 5970
146 P 27.39 40.79 6375
147 P 26.90 40.72 7729
148 P 26.22 40.22 8568
149 P 26.55 40.04 9071
150 P 26.17 40.08 8975
151 P 25.64 40.39 8498
152 P 25.40 40.62 7997
153 P 25.05 40.84 8145
154 P 25.08 41.05 8590
155 P 25.14 41.32 8636
156 P 25.09 41.51 8205
157 P 25.10 41.70 8147
158 P 24.90 41.93 9478
159 P 25.21 42.17 11300
160 P 25.13 42.35 11940
161 P 25.01 42.62 11493
162 P 24.84 43.39 10322
163 P 24.51 44.18 9446
164 P 24.14 44.90 8144
165 P 23.70 45.61 6852
166 P 23.60 45.38 6829
167 P 23.63 45.27 6978
168 P 23.54 45.32 6933
169 P 23.58 44.75 7787
170 P 24.28 44.15 8780
171 P 24.52 44.11 9671
172 P 24.94 43.54 9771
173 P 25.04 43.35 9899
174 P 26.11 42.44 11077
175 P 26.40 41.63 8814
176 P 26.50 41.40 7629
177 P 26.74 41.12 7376
178 P 26.70 40.84 7882
179 P 26.91 40.44 8072
180 P 26.90 40.25 8022
181 P 27.21 39.81 8558
182 P 27.37 39.58 8497
183 P 27.66 39.33 7998
184 P 27.85 38.90 8565
185 P 28.34 38.41 8749
186 P 28.49 38.10 9022
187 P 28.52 37.90 8475
188 P 28.52 37.85 7610
189 P 28.45 38.17 7032
190 P 28.47 38.07 7145
191 P 28.74 37.80 7326
192 P 28.93 37.49 7899
193 P 29.11 37.14 7829
194 P 29.29 37.03 7390
195 P 29.62 36.71 6796
196 P 30.03 36.42 7821
197 P 29.97 36.19 9114
198 P 30.13 36.01 6833
199 P 30.21 35.87 7851
200 P 30.45 35.42 8130
201 P 30.92 34.87 10063
202 P 31.08 34.11 10798
203 P 31.22 33.43 12697
204 P 31.53 32.53 11771
205 P 31.56 32.00 10301
206 P 31.70 31.91 7171
207 P 32.14 31.28 7229
208 P 32.16 31.26 4014
209 P 32.30 31.32 3410
210 P 32.34 31.32 3199
211 P 32.39 31.32 2914
212 P 32.57 31.47 2633
213 P 32.60 31.43 2545
214 P 32.45 31.38 2365
215 P 32.56 31.37 2262
216 P 32.83 31.31 1979
217 P 33.00 31.23 1932
218 P 33.37 31.21 1592
219 P 33.39 31.19 1046
220 P 33.18 31.25 805
221 P 33.01 31.26 729
222 P 33.40 31.29 677
223 P 33.62 31.35 665
224 P 33.11 31.34 521
225 P 32.99 31.33 936
226 P 33.23 31.28 1358
227 P 33.14 31.25 1484
228 P 33.13 31.27 1808
229 P 33.13 31.41 1531
230 P 32.80 31.43 1727
231 P 32.54 31.49 860
232 P 32.46 31.54 1106
233 P 32.54 31.57 843
234 P 32.68 31.62 907
235 P 32.46 31.59 1285
236 P 32.11 31.66 1417
237 P 32.23 31.59 1543
238 P 31.76 31.65 1687
239 P 32.04 31.58 1811
240 P 32.07 31.61 2366
241 P 31.99 31.63 2503
242 P 31.98 31.70 2595
243 P 31.94 31.67 2622
244 P 31.61 31.76 3372
245 P 31.87 31.84 2283
246 P 31.92 31.87 2228
247 P 32.40 31.53 484
