% Nframe | type | QP | PSNR | size (Bytes) 
0 I 18.25 44.94 12083
1 P 19.02 44.33 1408
2 P 19.54 44.06 1948
3 P 19.19 43.94 2528
4 P 19.52 43.91 2746
5 P 19.48 43.88 2718
6 P 19.20 43.91 2687
7 P 19.52 43.84 2589
8 P 20.01 43.85 2382
9 P 19.34 43.81 2828
10 P 19.49 43.77 2843
11 P 19.26 43.91 3394
12 P 21.51 42.66 1743
13 P 18.44 44.20 3899
14 P 15.62 45.44 5104
15 P 14.58 46.17 5172
16 P 13.94 46.71 6407
17 P 13.28 47.17 7709
18 P 12.60 47.45 8204
19 P 12.26 47.72 8759
20 P 11.65 48.11 9640
21 P 11.44 48.24 9570
22 P 11.18 48.43 11644
23 P 11.05 48.54 11961
24 P 10.56 48.89 12779
25 P 10.44 48.96 13874
26 P 10.45 48.89 12954
27 P 10.32 49.02 13000
28 P 10.40 49.05 12493
29 P 10.41 48.91 13392
30 P 10.56 48.77 13688
31 P 10.63 48.74 13588
32 P 10.84 48.67 12048
33 P 11.01 48.63 11860
34 P 11.30 48.44 12195
35 P 11.51 48.17 11740
36 P 11.80 48.02 11506
37 P 12.05 47.90 9248
38 P 12.29 47.73 8814
39 P 12.52 47.61 8978
40 P 12.54 47.57 9094
41 P 12.88 47.33 7999
42 P 13.12 47.25 7902
43 P 13.26 47.16 7688
44 P 13.39 47.14 7245
45 P 13.53 47.00 7264
46 P 13.51 46.89 6735
47 P 13.91 46.75 6114
48 P 13.95 46.78 5580
49 P 13.96 46.85 5177
50 P 13.92 46.83 5586
51 P 13.98 46.66 6355
52 P 13.93 46.66 6450
53 P 13.97 46.69 5922
54 P 13.99 46.73 6455
55 P 14.02 46.67 6017
56 P 13.97 46.64 6015
57 P 14.14 46.65 6746
58 P 13.95 46.50 6829
59 P 14.05 46.57 7652
60 P 13.88 46.57 7723
61 P 13.64 46.72 8277
62 P 13.64 46.77 7830
63 P 13.55 46.79 8104
64 P 13.66 46.68 7651
65 P 13.51 46.74 7346
66 P 13.54 46.73 7599
67 P 13.54 46.83 7040
68 P 13.56 46.93 7146
69 P 13.49 46.81 7238
70 P 13.59 46.67 7872
71 P 13.56 46.67 7902
72 P 13.61 46.63 8150
73 P 13.56 46.66 7719
74 P 13.60 46.65 7411
75 P 13.68 46.57 8168
76 P 13.76 46.58 8790
77 P 13.60 46.67 9368
78 P 13.59 46.78 9372
79 P 13.55 46.65 9317
80 P 13.57 46.51 9703
81 P 13.69 46.50 9681
82 P 13.66 46.47 9676
83 P 13.71 46.46 9251
84 P 13.79 46.48 8837
85 P 13.74 46.57 8556
86 P 13.81 46.57 8364
87 P 13.80 46.64 8369
88 P 13.93 46.60 8494
89 P 13.91 46.50 8644
90 P 13.82 46.55 8620
91 P 13.90 46.44 8231
92 P 14.02 46.42 8373
93 P 14.16 46.35 8002
94 P 14.19 46.40 7133
95 P 14.19 46.43 6918
96 P 14.12 46.43 7020
97 P 14.18 46.39 6650
98 P 14.16 46.46 7384
99 P 14.17 46.49 7196
100 P 14.22 46.38 7152
101 P 14.27 46.34 6546
102 P 14.46 46.28 6815
103 P 14.30 46.29 7383
104 P 14.38 46.27 7554
105 P 14.33 46.25 7572
106 P 14.20 46.21 7181
107 P 14.07 46.33 6879
108 P 14.16 46.26 6857
109 P 14.28 46.31 6868
110 P 14.28 46.41 6881
111 P 14.04 46.35 6677
112 P 14.18 46.45 6340
113 P 14.17 46.51 6269
114 P 14.06 46.49 5916
115 P 14.00 46.58 6229
116 P 14.07 46.58 6134
117 P 14.09 46.52 6279
118 P 14.37 46.41 6262
119 P 14.03 46.47 6734
120 P 14.16 46.42 6523
121 P 14.18 46.42 6548
122 P 14.27 46.50 6492
123 P 14.07 46.54 6146
124 P 13.82 46.60 5906
125 P 14.09 46.47 6159
126 P 13.84 46.49 6278
127 P 14.13 46.43 6639
128 P 14.23 46.60 7179
129 P 13.92 46.80 6861
130 P 13.96 46.77 6588
131 P 13.82 46.82 6526
132 P 14.08 46.76 6582
133 P 13.97 46.82 6815
134 P 14.04 46.77 6820
135 P 13.65 46.80 6324
136 P 13.55 46.79 6532
137 P 13.69 46.74 6363
138 P 13.77 46.72 6033
139 P 13.77 46.79 5702
140 P 13.92 46.71 6724
141 P 13.80 46.70 7163
142 P 13.84 46.72 7353
143 P 13.65 46.72 6804
144 P 13.70 46.92 7522
145 P 13.79 46.87 7835
146 P 13.61 46.89 8202
147 P 13.64 47.05 9644
148 P 13.84 46.80 10072
149 P 14.01 46.63 11025
150 P 13.91 46.68 11443
151 P 13.78 46.63 10683
152 P 13.76 46.75 10407
153 P 13.87 46.80 10899
154 P 13.86 46.89 11213
155 P 13.87 47.10 11128
156 P 13.75 47.26 11073
157 P 13.93 47.28 10400
158 P 13.95 47.36 10718
159 P 14.05 47.40 10354
160 P 14.20 47.42 10181
161 P 13.83 47.51 10500
162 P 13.80 47.96 9789
163 P 13.44 48.49 9291
164 P 12.94 48.92 8309
165 P 12.46 49.61 6941
166 P 12.29 49.57 6838
167 P 12.10 49.54 7288
168 P 12.23 49.67 7436
169 P 12.36 49.31 7423
170 P 12.51 49.04 8312
171 P 12.98 48.87 7948
172 P 13.19 48.49 8584
173 P 13.32 48.34 9089
174 P 14.25 47.61 10563
175 P 14.37 47.34 10746
176 P 14.73 47.19 10604
177 P 14.77 47.16 10399
178 P 14.69 47.14 10636
179 P 14.85 46.82 11126
180 P 14.74 46.69 11032
181 P 15.10 46.38 11620
182 P 15.19 46.24 11767
183 P 15.18 46.20 11613
184 P 15.50 45.90 11868
185 P 15.87 45.63 11624
186 P 15.83 45.58 11953
187 P 15.97 45.49 11220
188 P 16.12 45.45 10502
189 P 16.10 45.58 10273
190 P 16.07 45.59 10598
191 P 16.26 45.31 10648
192 P 16.45 45.10 10980
193 P 16.57 44.89 11148
194 P 16.72 44.81 10736
195 P 17.00 44.64 10385
196 P 17.10 44.65 10896
197 P 17.22 44.52 11347
198 P 17.28 44.51 10348
199 P 17.25 44.27 11142
200 P 17.31 43.84 12330
201 P 17.57 43.32 14692
202 P 17.63 43.00 16606
203 P 17.97 42.38 18246
204 P 18.12 42.16 18231
205 P 18.00 42.29 16441
206 P 18.12 42.26 13462
207 P 18.17 42.13 16104
208 P 18.19 42.18 13013
209 P 18.11 42.21 13648
210 P 18.16 42.22 9128
211 P 18.29 42.15 9543
212 P 18.42 42.05 8595
213 P 18.51 42.04 10007
214 P 18.69 41.99 8907
215 P 18.83 41.88 8953
216 P 18.84 41.78 8827
217 P 18.89 41.69 8691
218 P 18.91 41.74 4758
219 P 19.05 41.70 3489
220 P 18.84 41.78 1919
221 P 18.91 41.80 1619
222 P 18.84 41.87 1443
223 P 18.71 42.05 1040
224 P 19.15 42.01 1079
225 P 19.22 41.93 2249
226 P 19.50 41.66 5105
227 P 19.35 41.53 5864
228 P 19.61 41.44 5421
229 P 19.47 41.46 2863
230 P 19.17 41.54 2971
231 P 19.22 41.74 1267
232 P 19.04 41.72 1677
233 P 19.13 41.80 1683
234 P 18.85 41.92 1471
235 P 19.27 41.72 2327
236 P 18.85 41.82 2181
237 P 18.91 41.76 4166
238 P 18.92 41.74 4809
239 P 18.95 41.72 6322
240 P 18.69 41.84 6829
241 P 18.78 41.86 5145
242 P 18.78 41.85 6765
243 P 18.62 41.86 7649
244 P 18.49 41.99 7293
245 P 18.46 42.12 3849
246 P 18.58 42.09 3456
247 P 20.13 41.14 2582
