% Nframe | type | QP | PSNR | size (Bytes) 
0 I 32.25 36.45 9553
1 P 35.12 36.09 268
2 P 36.23 35.95 501
3 P 34.73 35.95 740
4 P 35.62 35.93 996
5 P 35.54 35.95 1023
6 P 35.23 35.97 1123
7 P 35.39 35.80 978
8 P 35.98 35.57 919
9 P 36.43 35.45 843
10 P 35.47 35.68 952
11 P 35.67 35.84 1126
12 P 38.29 34.77 396
13 P 38.78 34.56 661
14 P 35.91 34.98 1087
15 P 34.81 35.56 1140
16 P 33.72 36.36 1353
17 P 32.43 37.12 2319
18 P 31.02 37.28 2825
19 P 30.05 37.40 3514
20 P 28.81 37.29 3433
21 P 28.52 37.84 2929
22 P 28.14 38.37 3305
23 P 27.83 38.78 4789
24 P 26.57 39.16 4788
25 P 26.37 39.28 5470
26 P 25.87 39.46 5326
27 P 25.54 39.75 4487
28 P 25.74 40.07 4583
29 P 25.48 39.85 5184
30 P 26.14 39.67 6120
31 P 26.79 39.66 6135
32 P 27.08 39.78 5340
33 P 27.01 39.72 4597
34 P 26.83 39.58 5465
35 P 27.11 39.24 5452
36 P 28.07 39.11 4903
37 P 27.81 38.95 3218
38 P 28.63 39.05 2072
39 P 28.94 39.12 2958
40 P 28.20 38.99 3221
41 P 28.73 38.87 2853
42 P 28.63 38.70 2626
43 P 29.14 38.61 2463
44 P 29.49 38.55 2303
45 P 29.41 38.54 2311
46 P 30.34 38.28 2295
47 P 30.55 37.93 2217
48 P 31.82 37.81 1843
49 P 32.50 38.03 1475
50 P 31.65 38.34 1587
51 P 31.75 38.27 2160
52 P 31.10 38.08 2497
53 P 30.94 38.09 2244
54 P 31.03 38.07 2552
55 P 31.01 37.99 2503
56 P 30.16 37.96 2486
57 P 29.80 38.02 2653
58 P 30.16 38.25 2757
59 P 30.23 38.54 3776
60 P 29.56 38.67 4448
61 P 28.96 38.66 4374
62 P 29.18 38.44 3968
63 P 29.22 38.28 4104
64 P 29.16 38.27 3897
65 P 29.27 38.20 3382
66 P 29.14 38.24 3461
67 P 28.56 38.35 3328
68 P 28.84 38.54 3259
69 P 29.10 38.41 3332
70 P 28.71 38.24 3715
71 P 30.33 38.23 3592
72 P 29.58 38.05 3396
73 P 29.70 37.92 3210
74 P 30.27 37.79 2824
75 P 30.17 38.03 3465
76 P 29.67 38.25 4098
77 P 29.20 38.54 4754
78 P 28.72 38.84 5282
79 P 29.88 38.72 4943
80 P 30.00 38.31 5389
81 P 29.73 38.12 5706
82 P 30.62 37.85 5302
83 P 29.32 37.84 4762
84 P 29.75 38.03 4358
85 P 29.37 38.08 4067
86 P 29.04 38.17 3722
87 P 28.83 38.22 3770
88 P 29.05 38.12 3799
89 P 29.30 38.07 3974
90 P 30.49 37.77 3616
91 P 30.65 37.77 3669
92 P 30.36 37.67 3642
93 P 30.68 37.58 3456
94 P 31.01 37.53 2602
95 P 30.55 37.47 2580
96 P 31.00 37.38 2105
97 P 31.10 37.42 2031
98 P 31.74 37.20 2247
99 P 30.91 37.00 2449
100 P 31.13 36.84 2540
101 P 31.30 36.84 2221
102 P 31.20 36.98 2347
103 P 31.89 37.21 2680
104 P 31.75 37.14 3140
105 P 31.24 36.91 3241
106 P 31.65 37.06 2869
107 P 31.90 36.98 2716
108 P 31.23 36.94 2725
109 P 31.41 36.95 2829
110 P 31.19 37.07 2991
111 P 31.23 37.14 3005
112 P 31.42 37.11 2523
113 P 31.93 37.16 2298
114 P 31.54 37.28 1867
115 P 31.96 37.46 1946
116 P 31.45 37.53 2268
117 P 32.64 37.45 2267
118 P 32.04 37.44 2567
119 P 32.17 37.29 2853
120 P 32.12 37.10 2750
121 P 32.86 37.12 2709
122 P 31.78 37.08 2702
123 P 32.33 37.12 2102
124 P 32.27 37.30 2105
125 P 32.24 37.27 2254
126 P 31.96 37.20 2472
127 P 32.44 37.12 2676
128 P 31.43 37.35 3264
129 P 31.57 37.66 3305
130 P 31.53 37.95 3592
131 P 31.84 38.06 3683
132 P 31.73 37.98 3337
133 P 32.03 37.72 3393
134 P 31.68 37.61 3010
135 P 31.72 37.57 2502
136 P 31.10 37.49 2977
137 P 31.54 37.49 2711
138 P 31.42 37.39 2146
139 P 31.98 37.56 1713
140 P 31.87 37.61 2428
141 P 32.35 37.75 2960
142 P 31.81 37.78 3151
143 P 31.25 38.12 3080
144 P 31.61 38.29 3529
145 P 31.98 38.42 3803
146 P 31.04 38.58 3895
147 P 30.54 38.49 4969
148 P 30.01 37.99 5478
149 P 29.65 37.78 6086
150 P 29.94 37.74 5940
151 P 29.54 38.07 5544
152 P 29.23 38.39 5079
153 P 28.87 38.65 5129
154 P 28.46 38.82 5411
155 P 28.80 39.07 5399
156 P 28.62 39.29 5319
157 P 28.76 39.37 5265
158 P 28.57 39.61 6309
159 P 28.83 39.95 7327
160 P 28.96 40.18 7888
161 P 28.93 40.44 7656
162 P 28.52 41.01 6699
163 P 28.12 41.95 6381
164 P 27.90 42.67 5600
165 P 27.37 43.42 4853
166 P 27.14 42.94 4603
167 P 27.50 42.91 4841
168 P 27.75 42.94 4914
169 P 27.38 42.32 5238
170 P 27.83 41.72 5827
171 P 28.16 41.54 6307
172 P 28.55 41.25 6691
173 P 28.84 41.17 6544
174 P 30.37 40.19 7212
175 P 30.41 39.20 5540
176 P 30.60 39.06 4885
177 P 30.35 38.70 4468
178 P 30.44 38.36 4734
179 P 30.93 37.97 4860
180 P 30.78 37.78 4848
181 P 31.35 37.30 5119
182 P 31.22 37.16 5242
183 P 31.51 36.89 4745
184 P 32.03 36.40 4955
185 P 32.26 35.90 5001
186 P 32.21 35.56 5252
187 P 32.52 35.28 4882
188 P 32.41 35.19 4350
189 P 32.47 35.52 4081
190 P 32.27 35.46 4333
191 P 32.63 35.25 4104
192 P 33.08 34.91 4389
193 P 32.98 34.61 4587
194 P 33.38 34.34 4163
195 P 33.67 34.06 3770
196 P 34.08 33.82 4264
197 P 34.26 33.52 4736
198 P 34.08 33.36 3826
199 P 34.29 33.13 3994
200 P 34.33 32.77 4374
201 P 34.93 32.18 5401
202 P 35.30 31.44 5381
203 P 35.36 30.73 6374
204 P 35.72 29.96 5733
205 P 35.82 29.48 4788
206 P 35.93 29.39 3271
207 P 36.18 28.87 3192
208 P 36.34 28.84 1748
209 P 36.25 28.89 1469
210 P 36.36 28.91 1472
211 P 36.50 28.88 1256
212 P 36.74 29.01 1286
213 P 36.39 29.01 1292
214 P 36.39 28.97 1193
215 P 37.07 28.98 1232
216 P 37.01 28.88 1244
217 P 36.95 28.85 1025
218 P 36.55 28.82 795
219 P 37.34 28.81 575
220 P 37.10 28.86 465
221 P 37.29 28.88 359
222 P 36.50 28.92 438
223 P 36.94 28.99 357
224 P 37.56 28.99 268
225 P 36.45 29.07 377
226 P 36.75 29.04 605
227 P 37.15 29.02 682
228 P 36.95 29.04 776
229 P 36.51 29.15 857
230 P 36.69 29.17 910
231 P 36.81 29.22 395
232 P 36.82 29.22 364
233 P 36.14 29.24 463
234 P 35.84 29.28 506
235 P 35.40 29.26 533
236 P 36.36 29.27 423
237 P 35.68 29.25 751
238 P 36.22 29.27 819
239 P 35.75 29.28 987
240 P 35.61 29.32 1067
241 P 35.57 29.36 1208
242 P 35.53 29.39 1233
243 P 35.70 29.38 1218
244 P 35.28 29.49 1667
245 P 35.31 29.54 1173
246 P 34.99 29.55 920
247 P 38.80 29.31 148
