% Nframe | type | QP | PSNR | size (Bytes) 
0 I 29.34 37.56 7307
1 P 32.77 37.15 172
2 P 32.39 36.90 453
3 P 32.64 36.79 757
4 P 32.52 36.83 892
5 P 31.71 36.81 874
6 P 31.90 36.89 948
7 P 31.67 36.71 937
8 P 32.13 36.55 846
9 P 32.58 36.54 774
10 P 32.41 36.56 756
11 P 32.46 36.78 1114
12 P 36.32 35.43 324
13 P 32.81 35.98 1015
14 P 31.57 36.75 1548
15 P 27.97 37.46 1563
16 P 26.79 38.33 2083
17 P 25.86 39.21 3042
18 P 24.79 39.51 3476
19 P 24.37 39.76 4026
20 P 23.70 39.99 3921
21 P 23.05 40.40 3148
22 P 22.82 40.90 4197
23 P 22.52 41.34 5039
24 P 21.74 41.70 5165
25 P 21.33 41.76 5890
26 P 21.34 41.83 5202
27 P 21.12 42.11 4872
28 P 20.85 42.18 4798
29 P 21.54 41.86 5061
30 P 21.50 41.74 5891
31 P 22.10 41.66 5707
32 P 22.30 41.76 4876
33 P 22.58 41.70 4327
34 P 22.39 41.53 5178
35 P 22.83 41.19 4992
36 P 23.53 41.14 4613
37 P 23.68 40.93 2959
38 P 24.20 40.97 2480
39 P 24.05 40.86 2954
40 P 25.19 40.78 3098
41 P 24.46 40.56 2889
42 P 24.86 40.52 2660
43 P 25.71 40.43 2531
44 P 24.90 40.32 2395
45 P 24.85 40.22 2452
46 P 26.24 40.05 2523
47 P 26.96 39.81 2385
48 P 27.99 39.76 2037
49 P 26.79 39.94 1528
50 P 27.61 40.18 1780
51 P 26.80 40.01 2521
52 P 26.65 39.97 2796
53 P 27.13 39.83 2253
54 P 26.33 39.90 2634
55 P 26.75 39.84 2491
56 P 26.09 39.82 2406
57 P 25.78 39.79 2609
58 P 25.87 39.96 2658
59 P 25.64 40.11 3611
60 P 25.43 40.24 3956
61 P 24.65 40.14 4224
62 P 24.96 40.16 4044
63 P 25.11 40.23 4086
64 P 25.07 40.07 3420
65 P 24.84 40.04 3233
66 P 24.75 40.08 3563
67 P 24.97 40.16 3326
68 P 24.52 40.24 3001
69 P 24.66 40.17 3400
70 P 24.95 40.05 3580
71 P 24.65 40.04 3613
72 P 24.66 40.04 3707
73 P 24.82 39.85 3158
74 P 25.52 39.77 2927
75 P 25.85 39.86 3464
76 P 25.62 39.92 3917
77 P 25.36 40.20 4459
78 P 24.89 40.50 4739
79 P 25.53 40.29 4658
80 P 25.78 39.95 4978
81 P 25.14 39.84 5199
82 P 26.03 39.55 4754
83 P 25.38 39.68 4562
84 P 25.40 39.76 3954
85 P 25.14 39.89 3776
86 P 25.39 40.07 3561
87 P 25.08 39.90 3471
88 P 25.43 39.93 3693
89 P 25.78 39.73 3591
90 P 25.92 39.58 3588
91 P 26.50 39.57 3726
92 P 26.23 39.37 3585
93 P 26.19 39.29 3380
94 P 26.69 39.24 2571
95 P 26.75 39.27 2605
96 P 27.31 39.17 2263
97 P 26.51 39.34 2226
98 P 26.50 39.14 2448
99 P 26.28 39.00 2632
100 P 26.90 38.86 2640
101 P 26.77 38.76 2306
102 P 26.95 38.82 2472
103 P 27.07 39.00 2843
104 P 27.44 39.03 3161
105 P 27.16 38.87 3324
106 P 27.66 38.94 2843
107 P 27.42 38.84 2607
108 P 27.46 38.94 2958
109 P 27.66 38.92 2737
110 P 27.21 39.05 2946
111 P 27.44 39.04 2903
112 P 27.14 39.01 2505
113 P 27.39 39.01 2380
114 P 26.87 39.16 2232
115 P 27.81 39.26 2104
116 P 27.03 39.35 2407
117 P 28.40 39.26 2616
118 P 28.66 39.25 2600
119 P 28.22 39.07 2922
120 P 28.48 38.95 2804
121 P 28.16 38.91 2683
122 P 27.95 38.97 2876
123 P 28.06 39.13 2503
124 P 28.56 39.21 2139
125 P 28.20 39.12 2401
126 P 28.32 39.01 2499
127 P 27.40 38.94 2613
128 P 28.03 39.18 3110
129 P 27.52 39.42 3153
130 P 27.26 39.78 3152
131 P 27.83 39.88 3250
132 P 28.39 39.69 3225
133 P 27.84 39.61 3315
134 P 27.60 39.49 2805
135 P 28.04 39.46 2462
136 P 28.21 39.48 2949
137 P 28.05 39.44 2662
138 P 27.99 39.31 2229
139 P 28.03 39.46 1933
140 P 28.43 39.53 2603
141 P 28.08 39.46 3122
142 P 27.99 39.48 3296
143 P 28.10 39.69 2922
144 P 27.78 39.90 3268
145 P 28.25 40.01 3455
146 P 27.25 40.22 3947
147 P 26.53 40.23 4636
148 P 26.17 39.79 5168
149 P 25.77 39.51 5630
150 P 25.96 39.55 5575
151 P 25.59 39.85 5214
152 P 25.02 40.00 4824
153 P 24.67 40.19 4983
154 P 25.09 40.32 4975
155 P 24.81 40.55 5033
156 P 24.79 40.78 5046
157 P 25.05 40.83 4838
158 P 25.11 41.00 5176
159 P 25.17 41.17 5080
160 P 25.32 41.17 4963
161 P 25.01 41.51 5685
162 P 24.86 42.26 5522
163 P 24.48 43.00 4950
164 P 23.95 43.71 4640
165 P 23.95 44.67 3899
166 P 23.22 44.31 3756
167 P 23.39 44.26 3880
168 P 23.57 44.21 3825
169 P 24.16 43.37 4123
170 P 23.89 43.02 4706
171 P 24.29 42.85 4501
172 P 24.65 42.25 4219
173 P 25.00 42.19 4043
174 P 25.85 41.38 4902
175 P 26.14 40.80 4704
176 P 26.33 40.60 4710
177 P 26.34 40.58 4643
178 P 26.34 40.26 4760
179 P 27.14 39.87 4742
180 P 26.57 39.61 4869
181 P 26.92 39.31 5301
182 P 26.93 39.10 5331
183 P 27.08 38.89 4918
184 P 27.53 38.50 5383
185 P 27.85 38.13 5405
186 P 27.85 37.91 5403
187 P 27.93 37.74 5204
188 P 27.88 37.75 4726
189 P 27.98 37.94 4177
190 P 27.78 37.93 4596
191 P 27.90 37.53 4463
192 P 28.51 37.34 4961
193 P 28.35 36.97 4657
194 P 28.64 36.71 4462
195 P 29.06 36.57 4218
196 P 29.07 36.45 4726
197 P 29.44 36.18 5099
198 P 29.40 36.07 4162
199 P 29.82 35.78 4220
200 P 29.88 35.24 4584
201 P 30.12 34.71 5947
202 P 30.24 34.01 6222
203 P 30.36 33.31 7271
204 P 30.72 32.45 6282
205 P 31.01 32.08 5154
206 P 30.84 32.04 3863
207 P 31.20 31.78 3819
208 P 31.19 31.72 2687
209 P 31.26 31.75 2623
210 P 31.22 31.75 2076
211 P 31.50 31.71 1696
212 P 31.33 31.84 1723
213 P 31.24 31.91 1615
214 P 31.58 31.82 1524
215 P 31.64 31.75 1259
216 P 32.09 31.69 1311
217 P 31.59 31.64 1144
218 P 31.90 31.59 864
219 P 32.39 31.66 739
220 P 32.32 31.72 438
221 P 31.76 31.74 349
222 P 31.51 31.77 398
223 P 31.54 31.83 275
224 P 31.37 31.85 373
225 P 31.42 31.86 343
226 P 31.42 31.78 734
227 P 31.66 31.78 873
228 P 31.91 31.76 949
229 P 31.71 31.91 989
230 P 31.37 31.90 847
231 P 31.67 31.96 366
232 P 31.47 32.00 515
233 P 30.71 32.03 424
234 P 31.32 32.09 536
235 P 30.60 32.08 671
236 P 30.82 32.15 717
237 P 31.00 32.13 925
238 P 31.02 32.10 753
239 P 31.17 32.13 982
240 P 30.80 32.16 1483
241 P 30.94 32.20 1371
242 P 30.54 32.28 1626
243 P 30.40 32.31 1667
244 P 30.54 32.37 1827
245 P 30.35 32.45 1376
246 P 29.95 32.48 1257
247 P 32.26 32.14 199
