% Nframe | type | QP | PSNR | size (Bytes) 
0 I 21.69 42.27 8858
1 P 21.71 41.78 684
2 P 23.14 41.55 1095
3 P 24.10 41.40 1460
4 P 24.03 41.30 1603
5 P 23.30 41.27 1662
6 P 23.87 41.33 1590
7 P 24.68 41.22 1496
8 P 23.33 41.26 1462
9 P 23.86 41.08 1580
10 P 24.57 41.25 1729
11 P 23.95 41.27 1909
12 P 27.25 39.88 754
13 P 23.00 41.54 2612
14 P 19.68 42.69 3270
15 P 18.72 43.45 3088
16 P 17.46 44.15 3916
17 P 16.55 44.71 5150
18 P 15.98 45.05 5423
19 P 15.66 45.35 5816
20 P 14.88 45.83 5952
21 P 14.58 46.07 5655
22 P 14.26 46.33 7223
23 P 13.98 46.60 7700
24 P 13.44 46.99 7791
25 P 13.38 46.95 8333
26 P 13.38 46.91 7592
27 P 13.36 47.13 7531
28 P 13.22 47.13 7220
29 P 13.41 47.04 7801
30 P 13.48 46.83 8315
31 P 13.64 46.73 8193
32 P 13.73 46.72 7058
33 P 13.80 46.72 7073
34 P 14.02 46.54 7722
35 P 14.27 46.38 7311
36 P 14.41 46.27 7396
37 P 14.58 46.24 6064
38 P 14.83 46.17 5749
39 P 15.01 46.05 6179
40 P 14.98 45.97 6105
41 P 15.28 45.87 5740
42 P 15.43 45.82 5627
43 P 15.59 45.71 5243
44 P 15.62 45.62 5025
45 P 15.72 45.53 5117
46 P 15.89 45.51 4950
47 P 16.30 45.31 4337
48 P 16.04 45.37 4031
49 P 16.33 45.38 3497
50 P 16.54 45.38 3948
51 P 16.29 45.23 4718
52 P 16.39 45.19 4661
53 P 16.44 45.21 4363
54 P 16.48 45.29 4730
55 P 16.47 45.26 4445
56 P 16.35 45.17 4282
57 P 16.46 45.08 4822
58 P 16.46 45.06 4964
59 P 16.43 45.09 5527
60 P 16.23 45.05 5789
61 P 15.94 45.22 6287
62 P 16.17 45.18 5733
63 P 16.36 45.23 5908
64 P 16.35 45.24 5628
65 P 15.97 45.18 5367
66 P 16.00 45.23 5605
67 P 15.88 45.19 5007
68 P 15.79 45.26 4979
69 P 16.15 45.16 5095
70 P 16.14 45.03 5739
71 P 16.07 44.95 5696
72 P 16.10 45.03 5865
73 P 16.08 45.04 5456
74 P 16.13 44.98 5119
75 P 16.26 44.89 5741
76 P 16.47 44.91 6360
77 P 16.39 44.96 6636
78 P 16.34 45.16 6878
79 P 16.17 45.05 6768
80 P 16.28 44.84 7124
81 P 16.18 44.79 7155
82 P 16.49 44.59 6937
83 P 16.24 44.67 6832
84 P 16.62 44.71 6172
85 P 16.40 44.81 6032
86 P 16.36 44.81 5727
87 P 16.66 44.89 5879
88 P 16.68 44.78 5916
89 P 16.75 44.74 5902
90 P 16.53 44.61 5801
91 P 16.85 44.61 5800
92 P 16.83 44.54 5883
93 P 17.06 44.44 5540
94 P 17.19 44.49 4767
95 P 17.03 44.45 4659
96 P 17.13 44.47 4625
97 P 17.32 44.49 4333
98 P 17.43 44.52 4989
99 P 17.21 44.46 4794
100 P 17.18 44.36 4694
101 P 17.47 44.29 4385
102 P 17.38 44.28 4586
103 P 17.55 44.31 4876
104 P 17.56 44.24 5157
105 P 17.37 44.24 5224
106 P 17.06 44.23 4862
107 P 17.45 44.31 4674
108 P 17.13 44.26 4564
109 P 17.65 44.28 4638
110 P 17.48 44.42 4739
111 P 17.57 44.38 4599
112 P 17.58 44.46 4275
113 P 17.31 44.49 4222
114 P 17.39 44.54 3990
115 P 17.42 44.60 4149
116 P 17.32 44.53 4060
117 P 17.62 44.44 4400
118 P 17.96 44.33 4297
119 P 17.80 44.42 4700
120 P 17.65 44.32 4448
121 P 17.89 44.41 4483
122 P 17.66 44.51 4435
123 P 18.38 44.49 4111
124 P 17.81 44.60 3953
125 P 17.60 44.51 4166
126 P 17.76 44.53 4290
127 P 17.41 44.45 4518
128 P 17.54 44.57 4907
129 P 17.05 44.75 4791
130 P 17.14 44.88 4603
131 P 17.44 44.84 4552
132 P 17.69 44.79 4548
133 P 17.72 44.78 4629
134 P 17.79 44.74 4620
135 P 17.33 44.78 4223
136 P 17.63 44.78 4393
137 P 17.17 44.74 4197
138 P 17.84 44.69 4014
139 P 17.51 44.71 3602
140 P 17.86 44.67 4555
141 P 17.89 44.69 4918
142 P 17.55 44.67 5099
143 P 17.51 44.70 4686
144 P 17.89 44.96 5277
145 P 17.23 44.90 5450
146 P 16.86 45.03 5779
147 P 16.92 45.07 6642
148 P 16.89 44.83 7265
149 P 17.07 44.58 7647
150 P 16.90 44.66 8143
151 P 16.72 44.63 7385
152 P 16.71 44.69 7328
153 P 16.86 44.75 7561
154 P 16.92 44.90 7841
155 P 16.86 45.08 7801
156 P 16.77 45.32 7764
157 P 16.94 45.36 7342
158 P 16.97 45.46 7519
159 P 17.04 45.49 7275
160 P 17.22 45.51 7252
161 P 16.93 45.74 7521
162 P 16.77 46.29 7005
163 P 16.41 46.89 6465
164 P 15.99 47.43 5543
165 P 15.52 48.15 4711
166 P 15.30 48.20 4593
167 P 15.23 48.05 4995
168 P 15.32 48.11 5040
169 P 15.36 47.77 5205
170 P 15.64 47.24 5795
171 P 16.07 47.17 5588
172 P 16.32 46.74 5854
173 P 16.56 46.58 6186
174 P 17.52 45.79 7435
175 P 17.76 45.46 7528
176 P 17.80 45.34 7498
177 P 17.84 45.26 7256
178 P 17.92 45.22 7459
179 P 18.11 44.94 7838
180 P 17.93 44.68 7834
181 P 18.33 44.36 8157
182 P 18.36 44.17 8325
183 P 18.39 44.13 8048
184 P 18.68 43.82 8387
185 P 18.99 43.67 8213
186 P 18.99 43.46 8397
187 P 19.08 43.44 7884
188 P 19.26 43.43 7405
189 P 19.35 43.45 7027
190 P 19.35 43.45 7458
191 P 19.45 43.08 7327
192 P 19.68 42.82 7614
193 P 19.77 42.73 7877
194 P 19.98 42.59 7381
195 P 20.26 42.42 6984
196 P 20.43 42.44 7466
197 P 20.47 42.21 7808
198 P 20.53 42.17 7008
199 P 20.63 41.94 7445
200 P 20.63 41.53 8428
201 P 20.87 40.88 10123
202 P 21.05 40.28 11341
203 P 21.28 39.58 12602
204 P 21.45 39.23 12082
205 P 21.36 39.32 10762
206 P 21.56 39.29 8632
207 P 21.54 39.17 10128
208 P 21.61 39.15 7716
209 P 21.57 39.13 8475
210 P 21.70 39.18 4947
211 P 21.71 38.99 5088
212 P 21.84 39.06 5213
213 P 21.84 39.05 5788
214 P 22.15 38.92 4988
215 P 22.33 38.80 5067
216 P 22.24 38.76 5293
217 P 22.41 38.70 4789
218 P 22.43 38.71 2476
219 P 22.39 38.69 1741
220 P 22.42 38.81 1003
221 P 22.45 38.79 716
222 P 21.95 38.84 795
223 P 21.97 39.04 621
224 P 22.60 39.02 559
225 P 22.83 38.94 835
226 P 22.91 38.73 2648
227 P 22.99 38.62 3109
228 P 22.84 38.60 2692
229 P 22.76 38.69 1585
230 P 22.51 38.76 1648
231 P 22.34 38.86 613
232 P 22.09 38.85 883
233 P 22.37 38.90 821
234 P 21.85 38.97 808
235 P 22.33 38.99 1502
236 P 22.63 39.01 967
237 P 22.25 38.96 2214
238 P 22.35 38.88 2509
239 P 22.04 38.92 3475
240 P 21.74 39.02 3598
241 P 22.01 38.99 2685
242 P 21.96 39.03 3994
243 P 21.73 39.11 4400
244 P 21.51 39.25 4164
245 P 21.70 39.24 1905
246 P 21.57 39.28 2295
247 P 23.71 38.45 899
