% Nframe | type | QP | PSNR | size (Bytes) 
0 I 33.86 33.29 1845
1 P 35.70 33.07 50
2 P 36.45 32.89 73
3 P 36.78 32.55 87
4 P 36.23 32.64 166
5 P 36.45 32.44 171
6 P 36.38 32.44 196
7 P 35.59 32.37 214
8 P 37.63 32.33 179
9 P 36.03 32.55 144
10 P 36.44 32.62 123
11 P 35.60 32.61 188
12 P 36.30 31.63 92
13 P 35.65 32.55 276
14 P 32.63 33.47 546
15 P 29.88 34.54 758
16 P 28.75 35.55 799
17 P 27.76 36.18 1063
18 P 26.29 36.67 1361
19 P 26.10 37.13 1348
20 P 25.32 37.73 1313
21 P 24.34 38.23 1092
22 P 24.09 38.81 1496
23 P 23.31 39.31 1839
24 P 22.55 39.76 1898
25 P 22.24 39.94 1858
26 P 22.99 39.87 1475
27 P 23.29 39.87 1440
28 P 23.91 39.93 1439
29 P 23.85 39.91 1541
30 P 24.77 39.67 1651
31 P 25.38 39.39 1548
32 P 25.29 39.41 1393
33 P 24.60 39.47 1306
34 P 25.24 39.22 1534
35 P 25.47 39.06 1461
36 P 26.66 38.74 1233
37 P 26.75 38.64 839
38 P 26.30 38.74 630
39 P 26.71 38.61 970
40 P 25.84 38.50 1050
41 P 26.14 38.34 921
42 P 26.44 38.19 895
43 P 26.48 38.17 838
44 P 27.65 38.11 749
45 P 26.52 38.07 930
46 P 27.81 38.11 904
47 P 28.53 37.87 737
48 P 28.34 37.97 642
49 P 28.29 38.01 586
50 P 28.23 38.18 681
51 P 27.50 38.24 931
52 P 27.67 38.15 927
53 P 27.40 37.99 715
54 P 27.61 38.02 864
55 P 27.33 38.07 865
56 P 27.27 38.04 715
57 P 26.87 38.10 870
58 P 27.10 38.08 943
59 P 26.86 37.88 1166
60 P 26.82 38.22 1581
61 P 26.31 38.11 1634
62 P 25.93 38.23 1576
63 P 26.85 38.38 1468
64 P 25.21 38.26 1338
65 P 26.16 38.32 1175
66 P 25.75 38.19 1235
67 P 25.91 38.31 1241
68 P 25.92 38.37 1107
69 P 25.35 38.43 1304
70 P 25.67 38.22 1281
71 P 25.70 38.16 1267
72 P 26.16 38.13 1239
73 P 26.77 38.03 1002
74 P 26.52 37.93 894
75 P 27.67 37.78 1060
76 P 27.05 37.86 1236
77 P 27.26 38.11 1447
78 P 26.85 38.09 1665
79 P 26.81 37.75 1704
80 P 26.66 37.75 1771
81 P 26.12 37.54 1663
82 P 27.70 37.42 1636
83 P 27.16 37.44 1470
84 P 26.95 37.39 1303
85 P 26.85 37.49 1326
86 P 27.01 37.50 1181
87 P 27.38 37.76 1305
88 P 26.84 37.49 1257
89 P 26.92 37.53 1339
90 P 27.30 37.46 1241
91 P 27.42 37.39 1157
92 P 27.99 37.26 1198
93 P 27.96 37.06 1100
94 P 27.50 37.14 984
95 P 28.85 37.18 931
96 P 28.07 37.02 769
97 P 28.55 37.19 767
98 P 28.68 37.04 751
99 P 28.85 36.88 740
100 P 29.14 36.72 782
101 P 28.43 36.76 737
102 P 28.83 36.77 815
103 P 28.27 36.78 908
104 P 28.86 36.72 1043
105 P 28.83 36.64 1044
106 P 29.15 36.51 805
107 P 29.20 36.62 971
108 P 29.10 36.78 1000
109 P 29.61 36.80 953
110 P 29.16 36.87 994
111 P 28.47 36.86 935
112 P 28.87 37.01 859
113 P 28.09 37.14 826
114 P 28.34 37.17 716
115 P 28.27 37.19 724
116 P 28.40 37.00 777
117 P 28.33 36.92 891
118 P 29.17 36.90 889
119 P 29.24 36.92 967
120 P 28.83 36.81 865
121 P 29.37 36.93 847
122 P 29.20 36.95 820
123 P 29.23 36.86 698
124 P 29.43 36.85 728
125 P 28.88 36.85 790
126 P 29.51 36.93 868
127 P 29.37 37.06 834
128 P 29.49 37.04 932
129 P 27.96 37.34 1042
130 P 27.73 37.55 1070
131 P 28.92 37.78 1174
132 P 27.81 37.67 1107
133 P 28.77 37.47 1054
134 P 28.76 37.44 991
135 P 27.43 37.47 806
136 P 28.25 37.38 876
137 P 28.77 37.37 907
138 P 28.69 37.26 751
139 P 28.35 37.42 724
140 P 28.21 37.52 853
141 P 28.44 37.54 1040
142 P 28.60 37.55 1115
143 P 28.65 37.53 956
144 P 28.35 37.77 1280
145 P 27.53 37.57 1320
146 P 28.65 37.73 1439
147 P 27.87 37.82 1679
148 P 27.92 37.47 1792
149 P 27.46 37.26 1985
150 P 27.15 37.28 2101
151 P 26.55 37.38 1956
152 P 26.92 37.53 1819
153 P 26.46 37.74 1852
154 P 26.28 37.80 1844
155 P 26.42 38.08 1982
156 P 26.34 38.08 1732
157 P 26.92 38.10 1777
158 P 26.78 38.43 1983
159 P 26.65 38.27 1891
160 P 27.04 38.47 1946
161 P 26.75 38.53 1901
162 P 26.56 39.19 1791
163 P 26.05 39.81 1671
164 P 25.94 40.48 1442
165 P 25.54 41.51 1274
166 P 25.39 41.24 1231
167 P 25.88 40.56 1225
168 P 25.71 40.78 1275
169 P 25.88 40.35 1340
170 P 25.57 39.78 1584
171 P 26.26 39.63 1393
172 P 26.37 39.21 1370
173 P 26.98 39.17 1377
174 P 29.08 38.26 1696
175 P 28.15 37.90 1647
176 P 28.26 37.77 1592
177 P 28.55 37.69 1497
178 P 28.40 37.73 1587
179 P 28.38 37.34 1570
180 P 28.45 37.08 1576
181 P 28.93 36.66 1747
182 P 29.11 36.43 1696
183 P 29.23 36.17 1630
184 P 29.73 35.85 1710
185 P 29.42 35.75 1747
186 P 29.57 35.62 1640
187 P 29.84 35.20 1567
188 P 29.50 35.34 1650
189 P 29.56 35.55 1525
190 P 29.92 35.48 1503
191 P 29.76 35.26 1541
192 P 29.98 34.94 1578
193 P 30.36 34.55 1433
194 P 30.35 34.34 1340
195 P 30.63 34.13 1291
196 P 30.81 34.09 1304
197 P 30.84 33.99 1421
198 P 30.65 33.92 1226
199 P 31.09 33.56 1171
200 P 30.93 33.04 1225
201 P 31.23 32.70 1642
202 P 31.47 31.84 1515
203 P 31.58 31.25 1655
204 P 31.77 31.01 1336
205 P 31.87 30.88 1065
206 P 31.66 30.83 1076
207 P 31.87 30.82 958
208 P 31.70 30.84 556
209 P 31.67 30.95 583
210 P 31.84 30.92 375
211 P 31.73 30.91 362
212 P 32.21 30.91 408
213 P 31.81 30.88 503
214 P 31.80 30.81 424
215 P 32.16 30.77 533
216 P 32.45 30.74 427
217 P 32.56 30.80 368
218 P 32.40 30.87 278
219 P 31.90 30.89 162
220 P 32.63 30.97 106
221 P 31.72 30.98 92
222 P 32.05 31.00 118
223 P 32.50 31.07 90
224 P 31.79 31.10 97
225 P 33.14 31.18 57
226 P 32.26 31.21 145
227 P 32.27 31.20 146
228 P 32.18 31.13 169
229 P 31.25 31.22 227
230 P 31.73 31.24 204
231 P 31.50 31.34 143
232 P 31.03 31.36 132
233 P 31.73 31.38 89
234 P 31.30 31.45 165
235 P 32.51 31.41 76
236 P 32.18 31.49 167
237 P 31.03 31.54 210
238 P 30.23 31.56 191
239 P 30.77 31.63 283
240 P 31.18 31.60 271
241 P 30.71 31.62 304
242 P 30.40 31.71 378
243 P 30.79 31.72 318
244 P 30.35 31.83 471
245 P 30.21 31.93 352
246 P 30.27 31.97 281
247 P 31.25 31.79 47
