% Nframe | type | QP | PSNR | size (Bytes) 
0 I 21.45 42.88 16225
1 P 21.85 42.34 1366
2 P 22.36 42.08 2371
3 P 21.94 42.12 3223
4 P 21.99 42.10 3302
5 P 21.79 42.12 3362
6 P 22.52 42.13 3321
7 P 22.25 41.94 3173
8 P 22.55 41.85 3304
9 P 22.50 41.81 3418
10 P 23.06 41.83 3426
11 P 22.51 41.95 4066
12 P 28.81 40.25 1400
13 P 24.59 41.36 4094
14 P 21.22 42.21 4850
15 P 20.02 42.85 4663
16 P 19.10 43.55 5616
17 P 18.52 44.04 7424
18 P 18.03 44.37 8412
19 P 17.54 44.52 9167
20 P 17.30 44.72 9047
21 P 16.70 44.92 8027
22 P 16.38 45.19 10080
23 P 16.27 45.49 11215
24 P 15.64 45.79 11300
25 P 15.46 45.75 12677
26 P 15.42 45.73 11220
27 P 15.33 45.87 10702
28 P 15.21 45.92 11040
29 P 15.34 45.89 11797
30 P 15.45 45.71 12884
31 P 15.79 45.65 12322
32 P 15.85 45.75 11063
33 P 15.99 45.71 10636
34 P 16.14 45.52 11611
35 P 16.27 45.26 11623
36 P 16.34 45.23 10982
37 P 16.71 45.12 8404
38 P 17.15 45.09 7548
39 P 17.08 45.01 8241
40 P 17.24 45.00 8375
41 P 17.65 44.86 7915
42 P 17.69 44.81 7449
43 P 17.87 44.71 6978
44 P 18.00 44.65 6752
45 P 17.90 44.69 7143
46 P 18.24 44.45 6898
47 P 18.46 44.27 6453
48 P 18.84 44.15 5461
49 P 19.21 44.35 4862
50 P 18.60 44.42 5456
51 P 18.75 44.27 6905
52 P 18.72 44.23 7040
53 P 18.71 44.16 6089
54 P 18.70 44.15 6672
55 P 18.76 44.16 6696
56 P 18.28 44.15 6243
57 P 18.70 44.07 6765
58 P 18.40 44.12 7011
59 P 18.49 44.19 8187
60 P 18.12 44.39 9135
61 P 18.29 44.37 9368
62 P 17.96 44.23 9050
63 P 18.31 44.32 8956
64 P 18.11 44.26 8010
65 P 17.83 44.16 7539
66 P 18.30 44.26 8083
67 P 18.02 44.32 7807
68 P 17.98 44.37 7212
69 P 17.92 44.28 8189
70 P 18.12 44.23 8375
71 P 18.07 44.22 8438
72 P 18.02 44.22 8781
73 P 18.20 44.10 7751
74 P 18.21 44.00 7591
75 P 18.23 44.05 8381
76 P 18.54 44.09 9038
77 P 18.50 44.35 9849
78 P 18.19 44.56 10266
79 P 18.35 44.41 10147
80 P 18.15 44.17 10986
81 P 18.30 44.00 11042
82 P 18.23 43.77 10607
83 P 18.36 43.88 10347
84 P 18.74 44.00 9335
85 P 18.44 44.06 8769
86 P 18.41 44.25 8441
87 P 18.46 44.20 8394
88 P 18.40 44.12 8663
89 P 18.55 43.98 8446
90 P 18.70 43.86 8385
91 P 18.77 43.73 8816
92 P 18.70 43.73 8984
93 P 18.92 43.66 8363
94 P 19.09 43.72 6919
95 P 19.04 43.75 6863
96 P 18.84 43.75 6584
97 P 19.41 43.84 6164
98 P 19.27 43.64 6691
99 P 19.32 43.51 6949
100 P 19.36 43.42 7017
101 P 19.49 43.44 6599
102 P 19.31 43.38 6598
103 P 19.19 43.57 7423
104 P 19.47 43.54 7723
105 P 19.38 43.41 7989
106 P 19.28 43.52 7145
107 P 19.44 43.49 6852
108 P 19.40 43.42 6901
109 P 19.01 43.48 7068
110 P 19.38 43.50 7104
111 P 18.89 43.56 7043
112 P 19.23 43.59 6550
113 P 19.14 43.60 6497
114 P 18.95 43.65 6132
115 P 19.23 43.77 5989
116 P 19.18 43.75 6179
117 P 19.21 43.77 6647
118 P 19.70 43.70 6395
119 P 19.58 43.64 7181
120 P 19.42 43.53 6990
121 P 19.24 43.52 7014
122 P 19.80 43.56 7084
123 P 19.28 43.60 6206
124 P 19.87 43.71 5743
125 P 19.47 43.55 6120
126 P 19.58 43.53 6387
127 P 19.72 43.51 6890
128 P 19.23 43.66 7545
129 P 18.86 43.96 7451
130 P 19.36 44.24 7361
131 P 19.31 44.28 7414
132 P 19.83 44.05 7412
133 P 20.30 43.99 7651
134 P 20.23 43.88 6944
135 P 19.48 43.94 6275
136 P 19.25 43.92 6863
137 P 19.23 43.88 6563
138 P 19.65 43.85 6165
139 P 19.63 43.85 5549
140 P 19.84 43.85 7155
141 P 19.54 43.88 7801
142 P 19.51 43.96 7869
143 P 19.72 44.14 7186
144 P 19.58 44.23 7820
145 P 19.23 44.23 8029
146 P 19.04 44.32 8783
147 P 18.74 44.47 10203
148 P 18.83 44.10 11215
149 P 18.92 43.87 12267
150 P 18.63 43.94 12198
151 P 18.53 44.13 11511
152 P 18.49 44.15 10730
153 P 18.41 44.30 11372
154 P 18.48 44.43 11396
155 P 18.36 44.69 11133
156 P 18.35 44.83 10815
157 P 18.48 44.87 10401
158 P 18.42 45.03 10756
159 P 18.43 45.20 11070
160 P 18.70 45.21 10728
161 P 18.51 45.43 11678
162 P 18.22 46.16 11420
163 P 17.97 46.77 10219
164 P 17.29 47.55 9714
165 P 16.97 48.36 8236
166 P 16.82 48.29 7828
167 P 16.80 48.08 8022
168 P 16.79 48.11 8188
169 P 16.87 47.57 8775
170 P 17.20 47.23 9495
171 P 17.45 47.11 9707
172 P 17.76 46.60 9630
173 P 18.07 46.45 9254
174 P 18.92 45.64 10894
175 P 19.03 45.22 11267
176 P 19.17 45.08 11202
177 P 19.29 45.04 11053
178 P 19.33 44.81 11212
179 P 19.40 44.47 11559
180 P 19.53 44.25 11774
181 P 19.59 43.97 12959
182 P 19.77 43.77 12750
183 P 19.99 43.63 12176
184 P 20.38 43.30 13099
185 P 20.45 43.02 13284
186 P 20.58 42.85 13362
187 P 20.76 42.67 12477
188 P 20.73 42.74 11811
189 P 20.79 42.77 10712
190 P 20.81 42.70 11172
191 P 20.97 42.41 11299
192 P 21.04 42.16 12090
193 P 21.35 41.91 11912
194 P 21.67 41.71 11058
195 P 21.91 41.57 11025
196 P 21.98 41.51 12405
197 P 22.12 41.31 12919
198 P 22.23 41.23 10675
199 P 22.48 40.93 11375
200 P 22.65 40.53 12759
201 P 22.73 39.89 15641
202 P 22.90 39.17 17440
203 P 23.01 38.64 20455
204 P 23.29 37.85 19531
205 P 23.47 37.68 16387
206 P 23.47 37.63 13915
207 P 23.67 37.43 14141
208 P 23.81 37.23 11870
209 P 23.72 37.25 12874
210 P 23.94 37.26 9628
211 P 23.95 37.20 9429
212 P 23.93 37.37 8605
213 P 24.00 37.30 6499
214 P 24.11 37.23 7862
215 P 24.34 37.17 7241
216 P 24.69 37.07 7046
217 P 24.55 36.97 5591
218 P 24.65 36.96 4994
219 P 24.85 36.92 2733
220 P 24.65 37.00 1625
221 P 24.55 37.03 1627
222 P 24.98 37.04 1142
223 P 25.09 37.17 961
224 P 24.88 37.16 1039
225 P 25.11 37.08 2081
226 P 25.06 36.87 3734
227 P 24.98 36.91 3333
228 P 24.93 36.85 4426
229 P 25.08 36.90 2600
230 P 24.80 36.92 2679
231 P 24.50 37.08 1302
232 P 24.54 37.03 1474
233 P 24.24 37.12 1725
234 P 24.32 37.22 1434
235 P 24.69 37.10 2498
236 P 24.37 37.17 2110
237 P 24.50 37.19 4199
238 P 24.47 37.21 3733
239 P 24.32 37.19 4284
240 P 24.37 37.15 5436
241 P 24.24 37.14 5114
242 P 24.22 37.23 5964
243 P 24.19 37.24 5798
244 P 24.03 37.33 6412
245 P 23.81 37.45 4169
246 P 23.88 37.45 4205
247 P 25.78 36.70 1992
