% Nframe | type | QP | PSNR | size (Bytes) 
0 I 46.91 30.08 8962
1 P 51.00 29.85 90
2 P 50.91 29.60 210
3 P 50.50 29.24 439
4 P 50.75 28.91 670
5 P 50.12 28.75 866
6 P 49.86 28.43 925
7 P 50.20 28.21 921
8 P 50.31 27.98 766
9 P 50.59 27.87 488
10 P 50.26 28.22 478
11 P 50.48 28.46 601
12 P 51.00 28.53 566
13 P 51.00 28.20 453
14 P 51.00 28.05 410
15 P 51.00 28.18 162
16 P 51.00 28.53 341
17 P 51.00 28.53 698
18 P 51.00 28.08 919
19 P 51.00 27.64 1002
20 P 51.00 27.19 745
21 P 51.00 27.22 425
22 P 50.94 27.61 532
23 P 50.99 28.06 808
24 P 50.96 28.17 700
25 P 50.91 28.05 849
26 P 50.85 27.93 706
27 P 50.54 28.05 954
28 P 50.83 27.94 1076
29 P 50.54 27.66 1071
30 P 50.70 27.56 1003
31 P 50.71 27.45 957
32 P 50.86 27.64 1072
33 P 50.86 27.66 979
34 P 50.66 27.44 893
35 P 50.23 27.30 996
36 P 50.67 27.29 972
37 P 50.07 27.18 800
38 P 50.61 27.34 719
39 P 50.19 27.39 833
40 P 50.39 27.40 928
41 P 50.26 27.32 940
42 P 50.14 27.26 1005
43 P 50.39 27.08 978
44 P 50.12 27.06 970
45 P 50.11 27.14 1053
46 P 49.97 27.08 993
47 P 50.16 26.90 836
48 P 49.96 26.91 509
49 P 50.76 27.06 418
50 P 50.73 27.26 660
51 P 50.35 27.25 901
52 P 50.14 27.23 919
53 P 50.53 27.21 754
54 P 50.49 27.15 796
55 P 50.69 27.03 610
56 P 50.39 26.90 497
57 P 50.47 26.90 662
58 P 49.83 27.00 855
59 P 49.66 27.01 1253
60 P 49.55 27.20 1506
61 P 49.43 27.07 1681
62 P 49.73 26.81 1371
63 P 49.76 26.65 1345
64 P 49.09 26.53 1229
65 P 49.41 26.48 1022
66 P 49.07 26.44 1135
67 P 49.69 26.61 1194
68 P 49.64 26.65 1291
69 P 49.60 26.62 1325
70 P 49.58 26.60 1191
71 P 49.63 26.56 1119
72 P 49.84 26.53 1187
73 P 49.69 26.39 1012
74 P 50.31 26.40 713
75 P 50.25 26.61 759
76 P 50.09 26.80 1094
77 P 49.37 27.09 1566
78 P 49.29 27.26 1760
79 P 49.66 27.35 1657
80 P 49.64 27.23 1425
81 P 49.99 27.08 1405
82 P 49.98 26.95 1378
83 P 49.77 26.81 1166
84 P 49.91 26.88 1161
85 P 49.67 26.87 1229
86 P 49.59 26.86 1232
87 P 49.60 26.88 1402
88 P 49.61 26.88 1364
89 P 50.02 26.84 1380
90 P 50.13 26.76 1240
91 P 50.39 26.81 1057
92 P 49.97 26.92 1129
93 P 49.92 26.85 1118
94 P 50.29 26.82 1217
95 P 49.98 26.70 1200
96 P 49.82 26.59 1096
97 P 50.47 26.75 1081
98 P 50.24 26.65 1100
99 P 50.53 26.51 1049
100 P 50.16 26.51 895
101 P 50.56 26.57 718
102 P 50.51 26.62 675
103 P 50.36 26.70 918
104 P 50.65 26.60 1163
105 P 50.17 26.50 1063
106 P 50.32 26.52 883
107 P 50.34 26.46 998
108 P 50.59 26.35 910
109 P 50.63 26.32 952
110 P 50.36 26.35 1001
111 P 50.62 26.27 941
112 P 50.68 26.33 852
113 P 50.62 26.36 783
114 P 50.45 26.43 797
115 P 50.06 26.55 800
116 P 50.74 26.61 828
117 P 50.91 26.62 846
118 P 50.70 26.62 857
119 P 50.61 26.55 903
120 P 50.86 26.52 777
121 P 50.65 26.57 766
122 P 50.74 26.63 781
123 P 50.31 26.62 692
124 P 50.14 26.70 875
125 P 50.64 26.67 1036
126 P 50.89 26.54 858
127 P 50.69 26.55 788
128 P 50.71 26.74 761
129 P 50.81 26.93 1028
130 P 50.53 27.12 1081
131 P 50.20 27.09 1249
132 P 49.66 26.93 1140
133 P 50.23 26.76 1058
134 P 50.32 26.70 1071
135 P 50.55 26.61 920
136 P 50.61 26.56 941
137 P 50.43 26.49 912
138 P 50.47 26.44 712
139 P 50.54 26.58 655
140 P 50.61 26.64 678
141 P 50.45 26.75 991
142 P 50.13 26.88 1263
143 P 50.21 27.17 1437
144 P 50.04 27.26 1399
145 P 50.34 27.47 1603
146 P 49.74 27.73 1852
147 P 50.04 27.70 1982
148 P 49.46 27.45 1876
149 P 50.14 27.21 2146
150 P 50.35 27.17 2348
151 P 49.88 27.20 2111
152 P 49.48 27.20 1993
153 P 49.39 27.06 2177
154 P 49.30 26.99 2526
155 P 49.12 26.82 2466
156 P 48.81 26.74 2991
157 P 49.09 26.59 2953
158 P 48.87 26.46 3292
159 P 49.16 26.28 3580
160 P 49.31 26.26 3809
161 P 49.22 26.05 4096
162 P 49.23 26.60 4728
163 P 49.05 26.79 4716
164 P 48.67 26.90 4157
165 P 48.73 27.62 4241
166 P 49.27 27.72 3178
167 P 49.15 28.10 3054
168 P 49.81 27.94 2948
169 P 49.75 27.73 3019
170 P 50.49 26.89 2675
171 P 50.48 26.67 3126
172 P 50.49 25.62 3101
173 P 50.17 25.19 3040
174 P 51.00 24.51 3074
175 P 51.00 23.81 3061
176 P 51.00 23.55 2339
177 P 51.00 23.39 2398
178 P 51.00 23.42 2627
179 P 51.00 23.37 2437
180 P 51.00 23.11 2513
181 P 51.00 23.07 2288
182 P 51.00 23.35 2572
183 P 51.00 23.34 2818
184 P 51.00 23.31 2590
185 P 51.00 23.21 2362
186 P 51.00 23.16 2576
187 P 51.00 23.08 2520
188 P 51.00 23.26 3339
189 P 51.00 23.20 2351
190 P 51.00 23.31 3309
191 P 51.00 23.25 2901
192 P 51.00 23.36 3290
193 P 51.00 23.28 3141
194 P 51.00 23.34 3174
195 P 51.00 23.20 3499
196 P 51.00 23.13 3404
197 P 51.00 23.00 3271
198 P 51.00 23.02 2927
199 P 51.00 22.99 2846
200 P 51.00 22.94 2823
201 P 51.00 22.82 2927
202 P 51.00 22.63 2717
203 P 51.00 22.39 2932
204 P 51.00 22.21 3023
205 P 51.00 21.98 2895
206 P 51.00 21.88 2609
207 P 51.00 21.56 2111
208 P 51.00 21.47 876
209 P 51.00 21.39 934
210 P 51.00 21.37 499
211 P 51.00 21.31 403
212 P 51.00 21.30 659
213 P 51.00 21.19 662
214 P 51.00 21.12 554
215 P 51.00 21.06 512
216 P 51.00 20.94 457
217 P 51.00 20.88 333
218 P 51.00 20.86 169
219 P 51.00 20.84 69
220 P 51.00 20.85 33
221 P 51.00 20.85 31
222 P 51.00 20.85 43
223 P 51.00 20.87 31
224 P 51.00 20.86 20
225 P 51.00 20.92 25
226 P 51.00 20.99 51
227 P 51.00 21.05 22
228 P 51.00 21.08 50
229 P 51.00 21.05 20
230 P 51.00 21.09 34
231 P 51.00 21.08 38
232 P 51.00 21.10 65
233 P 51.00 21.10 64
234 P 51.00 21.10 68
235 P 51.00 21.14 107
236 P 51.00 21.15 82
237 P 51.00 21.19 140
238 P 51.00 21.23 116
239 P 51.00 21.27 143
240 P 51.00 21.31 156
241 P 51.00 21.34 113
242 P 51.00 21.38 188
243 P 51.00 21.41 175
244 P 51.00 21.43 208
245 P 51.00 21.43 160
246 P 51.00 21.46 141
247 P 51.00 21.46 94
