% Nframe | type | QP | PSNR | size (Bytes) 
0 I 30.15 38.34 17144
1 P 32.41 37.91 578
2 P 33.63 37.81 1252
3 P 33.47 37.78 1794
4 P 33.62 37.89 2218
5 P 33.14 37.90 2266
6 P 32.81 38.05 2327
7 P 33.54 37.89 1785
8 P 34.17 37.56 1867
9 P 34.13 37.30 1850
10 P 34.05 37.55 2043
11 P 33.25 37.76 2469
12 P 37.36 36.51 801
13 P 37.06 36.08 1133
14 P 35.53 36.45 2114
15 P 34.53 36.98 1935
16 P 31.66 37.93 2279
17 P 31.36 38.52 3634
18 P 29.99 38.79 4760
19 P 28.78 38.80 5501
20 P 27.84 38.56 5879
21 P 27.81 38.88 4342
22 P 27.33 39.47 5513
23 P 26.64 39.77 7910
24 P 26.08 40.15 8029
25 P 25.32 40.22 9183
26 P 25.05 40.30 8724
27 P 24.97 40.72 7716
28 P 24.57 40.93 7481
29 P 24.79 40.64 8880
30 P 25.40 40.52 10274
31 P 25.43 40.56 10236
32 P 25.52 40.65 9567
33 P 25.74 40.72 8121
34 P 25.51 40.56 9645
35 P 26.17 40.15 9179
36 P 26.37 40.02 8289
37 P 26.88 39.78 5543
38 P 27.11 39.94 3873
39 P 26.99 40.04 5190
40 P 27.01 39.96 5251
41 P 27.79 39.80 4687
42 P 27.74 39.61 4125
43 P 28.15 39.52 3899
44 P 27.91 39.42 3726
45 P 28.26 39.48 3844
46 P 29.51 39.19 3570
47 P 30.54 38.81 3570
48 P 31.31 38.67 3085
49 P 31.01 38.94 2234
50 P 30.56 39.21 2492
51 P 30.20 39.16 3505
52 P 29.96 38.98 4009
53 P 30.45 39.00 3686
54 P 30.27 38.94 3886
55 P 29.97 38.83 4015
56 P 30.16 38.85 4079
57 P 29.21 38.94 4163
58 P 29.38 39.20 4421
59 P 29.11 39.43 5913
60 P 28.92 39.64 7160
61 P 28.29 39.54 6898
62 P 28.19 39.30 6572
63 P 28.56 39.19 6889
64 P 28.29 39.10 6136
65 P 28.54 39.11 5582
66 P 27.63 39.18 5748
67 P 27.61 39.33 5677
68 P 27.68 39.44 5156
69 P 28.05 39.32 5547
70 P 28.09 39.18 5916
71 P 28.33 39.18 5912
72 P 28.70 39.10 5880
73 P 28.99 38.82 5215
74 P 28.77 38.74 4909
75 P 28.49 39.00 5731
76 P 28.04 39.16 6602
77 P 28.08 39.57 8062
78 P 27.79 39.79 8510
79 P 28.12 39.68 8123
80 P 28.98 39.36 8891
81 P 28.42 39.12 9299
82 P 28.31 38.81 8903
83 P 28.63 38.80 7793
84 P 28.57 38.92 6941
85 P 28.08 39.04 6706
86 P 27.80 39.17 5857
87 P 27.91 39.22 6023
88 P 28.25 39.11 6078
89 P 29.01 39.03 6123
90 P 28.98 38.80 5710
91 P 29.30 38.74 6130
92 P 29.27 38.76 6069
93 P 30.19 38.56 5574
94 P 29.52 38.67 4352
95 P 29.83 38.51 4230
96 P 30.42 38.43 3779
97 P 30.40 38.54 3648
98 P 30.19 38.48 3840
99 P 30.04 38.15 3965
100 P 30.13 37.95 4283
101 P 30.97 37.90 3568
102 P 31.29 38.05 3790
103 P 31.28 38.34 4654
104 P 31.22 38.31 4891
105 P 30.99 38.07 5564
106 P 30.88 38.21 4895
107 P 30.54 38.09 4350
108 P 30.71 38.10 4457
109 P 30.35 38.06 4569
110 P 30.20 38.15 4752
111 P 30.70 38.16 4725
112 P 30.29 38.21 4327
113 P 31.00 38.21 3811
114 P 30.02 38.39 3258
115 P 31.43 38.51 3172
116 P 31.39 38.61 3712
117 P 30.68 38.53 3909
118 P 31.33 38.54 4261
119 P 31.27 38.34 4830
120 P 31.21 38.22 4649
121 P 31.70 38.25 4659
122 P 30.81 38.22 4604
123 P 31.65 38.34 3887
124 P 30.75 38.51 3436
125 P 31.87 38.42 3701
126 P 31.40 38.26 3816
127 P 31.65 38.13 4652
128 P 30.73 38.50 5539
129 P 31.21 38.72 5463
130 P 30.65 39.03 6356
131 P 31.19 39.08 5867
132 P 30.67 38.98 5455
133 P 30.79 38.71 5819
134 P 30.81 38.63 4888
135 P 31.12 38.67 4251
136 P 30.90 38.56 4783
137 P 31.29 38.56 4515
138 P 30.11 38.45 3894
139 P 31.33 38.64 2808
140 P 31.10 38.65 4033
141 P 30.44 38.79 5038
142 P 30.93 38.89 5270
143 P 30.74 39.27 4952
144 P 30.73 39.46 5761
145 P 30.73 39.48 6148
146 P 30.01 39.60 6497
147 P 29.35 39.53 8177
148 P 28.99 39.04 9058
149 P 29.26 38.83 9501
150 P 28.34 38.86 9835
151 P 28.54 39.24 8991
152 P 28.44 39.43 7733
153 P 27.96 39.73 8621
154 P 27.89 39.93 8698
155 P 27.82 40.15 8709
156 P 27.69 40.46 9579
157 P 27.86 40.75 11392
158 P 27.73 41.06 12683
159 P 27.87 41.24 13078
160 P 27.90 41.34 12924
161 P 27.86 41.62 13120
162 P 27.56 42.32 11203
163 P 27.43 43.11 9948
164 P 27.07 43.75 8789
165 P 26.63 44.47 7619
166 P 26.49 44.20 7231
167 P 26.78 43.98 7312
168 P 26.56 44.24 7555
169 P 26.51 43.49 8157
170 P 27.11 42.93 9292
171 P 27.20 42.85 9816
172 P 27.51 42.47 10218
173 P 27.98 42.33 10098
174 P 29.36 41.50 11386
175 P 29.61 40.90 11900
176 P 29.64 40.39 10125
177 P 29.65 39.94 7248
178 P 29.57 39.61 8159
179 P 29.88 39.19 8195
180 P 29.98 38.91 8218
181 P 30.78 38.53 8547
182 P 30.61 38.21 8546
183 P 30.90 37.97 8201
184 P 31.45 37.50 8310
185 P 31.27 37.08 8511
186 P 31.48 36.68 8820
187 P 31.69 36.40 8530
188 P 31.73 36.32 7612
189 P 31.48 36.59 6667
190 P 31.70 36.55 7129
191 P 31.69 36.23 7187
192 P 32.10 35.88 7686
193 P 32.34 35.61 7904
194 P 32.39 35.40 6903
195 P 32.73 35.08 6383
196 P 33.30 34.78 7820
197 P 33.19 34.55 8988
198 P 33.41 34.40 6700
199 P 33.58 34.16 7307
200 P 34.05 33.71 7673
201 P 34.04 33.21 9959
202 P 34.39 32.56 10446
203 P 34.95 31.82 11711
204 P 34.91 31.02 11273
205 P 35.05 30.49 9310
206 P 35.15 30.38 6327
207 P 35.73 29.66 6478
208 P 35.51 29.64 3953
209 P 35.68 29.76 3525
210 P 35.87 29.70 2750
211 P 35.93 29.69 2540
212 P 35.90 29.92 2606
213 P 35.89 29.91 2185
214 P 36.01 29.89 1882
215 P 36.31 29.84 1733
216 P 36.13 29.76 1780
217 P 36.84 29.63 1582
218 P 36.31 29.59 1679
219 P 36.63 29.58 1094
220 P 36.38 29.64 869
221 P 36.69 29.68 772
222 P 36.24 29.71 738
223 P 36.88 29.77 540
224 P 36.29 29.75 467
225 P 36.64 29.78 626
226 P 36.56 29.74 1201
227 P 36.70 29.74 1446
228 P 36.42 29.75 1522
229 P 36.24 29.88 1574
230 P 36.16 29.89 1583
231 P 36.34 29.93 719
232 P 36.13 29.94 659
233 P 35.72 29.97 878
234 P 36.12 29.99 675
235 P 35.71 29.98 1248
236 P 35.87 30.00 920
237 P 35.74 29.96 1492
238 P 35.29 29.98 1623
239 P 35.37 29.95 1542
240 P 35.71 30.00 2164
241 P 35.43 30.04 2215
242 P 35.14 30.06 2275
243 P 35.06 30.10 2653
244 P 34.89 30.16 2783
245 P 34.78 30.25 2362
246 P 34.87 30.26 1926
247 P 37.27 29.96 415
