% Nframe | type | QP | PSNR | size (Bytes) 
0 I 34.41 35.89 11803
1 P 37.28 35.45 303
2 P 38.52 35.19 585
3 P 37.59 35.26 918
4 P 38.33 35.28 1083
5 P 36.71 35.28 1100
6 P 38.26 35.34 1287
7 P 37.53 35.13 1026
8 P 36.78 34.91 1056
9 P 38.99 34.68 931
10 P 37.97 34.90 930
11 P 38.12 35.11 1197
12 P 41.99 34.04 445
13 P 42.10 33.43 553
14 P 40.21 33.66 834
15 P 39.52 34.09 791
16 P 37.77 35.06 1235
17 P 36.32 35.80 1742
18 P 35.08 35.99 2457
19 P 34.87 36.01 2852
20 P 33.45 35.70 2894
21 P 32.52 36.02 2485
22 P 31.92 36.70 2993
23 P 31.45 37.18 4196
24 P 30.42 37.52 4382
25 P 30.00 37.58 5118
26 P 29.89 37.77 5033
27 P 28.93 38.24 4542
28 P 28.76 38.51 4222
29 P 28.79 38.28 4955
30 P 29.65 38.21 6015
31 P 30.08 38.25 5941
32 P 29.64 38.36 5666
33 P 30.13 38.39 4756
34 P 29.48 38.24 5765
35 P 30.52 37.94 5644
36 P 30.57 37.79 5139
37 P 30.60 37.60 3370
38 P 30.95 37.78 2174
39 P 31.35 37.84 2850
40 P 31.44 37.81 3289
41 P 31.82 37.68 2887
42 P 31.01 37.50 2547
43 P 31.80 37.42 2377
44 P 32.03 37.30 2206
45 P 31.97 37.30 2282
46 P 33.78 37.06 2071
47 P 34.10 36.63 2004
48 P 35.18 36.54 1820
49 P 34.20 36.78 1465
50 P 33.78 37.06 1620
51 P 33.69 37.07 2140
52 P 33.53 36.82 2280
53 P 33.50 36.80 2232
54 P 33.27 36.77 2417
55 P 33.31 36.67 2461
56 P 33.44 36.65 2492
57 P 32.69 36.69 2558
58 P 32.62 37.06 2754
59 P 33.29 37.32 3754
60 P 32.27 37.50 4566
61 P 32.24 37.44 4422
62 P 32.01 37.18 4027
63 P 32.93 37.02 4113
64 P 32.14 36.98 3923
65 P 32.10 36.93 3374
66 P 32.00 37.07 3649
67 P 31.99 37.19 3436
68 P 31.84 37.29 3105
69 P 32.00 37.21 3414
70 P 31.45 37.07 3615
71 P 32.13 37.08 3628
72 P 32.69 36.96 3377
73 P 33.35 36.65 2950
74 P 33.14 36.57 2750
75 P 32.79 36.86 3355
76 P 32.40 37.03 3752
77 P 32.56 37.42 4779
78 P 32.33 37.57 5240
79 P 32.69 37.51 5153
80 P 32.05 37.15 5512
81 P 32.43 36.88 5745
82 P 31.88 36.60 5606
83 P 32.10 36.57 4769
84 P 31.62 36.70 4590
85 P 31.99 36.81 4250
86 P 31.16 36.92 3849
87 P 31.66 37.00 3949
88 P 32.29 36.92 3843
89 P 32.32 36.79 4028
90 P 32.71 36.52 3621
91 P 33.42 36.55 3685
92 P 33.74 36.50 3669
93 P 33.37 36.41 3405
94 P 34.34 36.38 2652
95 P 33.99 36.24 2562
96 P 33.63 36.16 2212
97 P 34.80 36.29 2208
98 P 33.93 36.17 2405
99 P 34.37 35.92 2365
100 P 33.98 35.67 2390
101 P 34.76 35.65 2177
102 P 34.17 35.74 2186
103 P 34.08 36.03 2744
104 P 34.72 35.94 2819
105 P 34.85 35.74 3292
106 P 34.85 35.91 2969
107 P 34.03 35.75 2646
108 P 34.55 35.76 2814
109 P 34.71 35.72 2726
110 P 34.15 35.82 2988
111 P 34.82 35.78 2844
112 P 33.96 35.86 2737
113 P 34.84 35.89 2205
114 P 34.17 36.04 2026
115 P 33.75 36.19 1943
116 P 35.46 36.26 2128
117 P 34.31 36.19 2266
118 P 35.32 36.21 2605
119 P 35.31 36.08 2871
120 P 34.82 35.93 2719
121 P 35.02 35.88 2719
122 P 34.34 35.90 2798
123 P 35.00 35.99 2271
124 P 34.86 36.12 2117
125 P 35.45 36.06 2199
126 P 35.69 35.99 2268
127 P 34.77 35.85 2606
128 P 34.54 36.11 3204
129 P 34.64 36.39 3351
130 P 33.43 36.71 3743
131 P 33.49 36.81 3768
132 P 34.16 36.61 3352
133 P 33.92 36.38 3520
134 P 34.24 36.27 2987
135 P 34.61 36.27 2562
136 P 34.38 36.22 3037
137 P 34.01 36.17 2829
138 P 34.39 36.11 2299
139 P 34.96 36.30 1658
140 P 34.66 36.38 2373
141 P 33.10 36.53 3071
142 P 34.17 36.59 3244
143 P 34.22 36.98 3043
144 P 34.56 37.20 3490
145 P 34.35 37.27 3835
146 P 33.96 37.44 4047
147 P 33.36 37.29 5176
148 P 32.68 36.75 5624
149 P 32.28 36.47 6266
150 P 32.42 36.63 6361
151 P 32.08 36.92 5924
152 P 31.79 37.23 5307
153 P 31.95 37.58 5377
154 P 31.90 37.59 5257
155 P 31.53 37.94 5637
156 P 31.40 38.18 6044
157 P 31.43 38.62 7534
158 P 31.44 39.05 8575
159 P 31.19 39.19 8607
160 P 31.32 39.21 8798
161 P 31.49 39.66 8896
162 P 31.28 40.39 7818
163 P 30.91 40.91 7155
164 P 30.74 41.65 6506
165 P 30.35 42.34 5633
166 P 29.99 42.08 5528
167 P 30.98 41.83 5182
168 P 30.92 41.94 5278
169 P 30.81 41.13 5651
170 P 31.03 40.57 6295
171 P 30.99 40.71 6927
172 P 31.74 40.31 6878
173 P 32.11 40.19 7024
174 P 34.10 39.30 7968
175 P 33.57 38.59 7996
176 P 33.66 37.81 6216
177 P 33.83 37.29 4242
178 P 34.00 37.02 4994
179 P 34.27 36.58 5075
180 P 34.19 36.37 4871
181 P 34.54 35.87 5044
182 P 34.79 35.55 5029
183 P 35.10 35.33 4875
184 P 35.96 34.86 4770
185 P 35.81 34.39 4703
186 P 35.96 34.02 4980
187 P 36.18 33.63 4563
188 P 36.11 33.63 4305
189 P 35.75 33.89 3824
190 P 36.04 33.75 4015
191 P 35.96 33.64 4086
192 P 36.32 33.17 3950
193 P 36.57 32.89 4102
194 P 36.71 32.76 3968
195 P 37.21 32.44 3294
196 P 37.46 32.13 3944
197 P 37.56 31.79 4321
198 P 37.52 31.61 3750
199 P 37.79 31.47 3760
200 P 38.04 31.02 3592
201 P 38.27 30.49 4958
202 P 38.62 29.89 4998
203 P 39.29 29.13 5160
204 P 39.10 28.52 5395
205 P 39.24 28.03 4115
206 P 39.67 27.94 3140
207 P 40.08 27.34 2648
208 P 40.27 27.26 1927
209 P 40.08 27.28 2116
210 P 40.12 27.31 1479
211 P 40.54 27.25 1387
212 P 39.98 27.48 1662
213 P 39.99 27.43 1586
214 P 39.72 27.39 1549
215 P 40.21 27.38 1576
216 P 40.31 27.32 1528
217 P 40.31 27.25 1231
218 P 40.30 27.23 1089
219 P 40.06 27.25 782
220 P 39.27 27.32 480
221 P 40.48 27.34 384
222 P 41.14 27.37 387
223 P 40.25 27.44 362
224 P 39.77 27.44 254
225 P 41.17 27.51 271
226 P 39.40 27.50 532
227 P 40.99 27.49 616
228 P 40.08 27.46 752
229 P 40.48 27.55 760
230 P 40.13 27.56 781
231 P 39.33 27.61 353
232 P 39.68 27.62 375
233 P 40.27 27.65 417
234 P 38.85 27.68 466
235 P 39.94 27.67 520
236 P 39.73 27.69 453
237 P 39.78 27.68 764
238 P 40.24 27.67 684
239 P 39.96 27.64 868
240 P 39.82 27.76 1185
241 P 39.39 27.78 1154
242 P 39.40 27.83 1247
243 P 39.47 27.80 1200
244 P 39.21 27.89 1617
245 P 38.65 27.94 1131
246 P 38.64 27.97 996
247 P 39.63 27.79 223
