% Nframe | type | QP | PSNR | size (Bytes) 
0 I 29.80 37.92 12029
1 P 33.66 37.49 384
2 P 32.99 37.40 833
3 P 32.91 37.26 1105
4 P 33.72 37.35 1519
5 P 32.95 37.48 1581
6 P 32.58 37.48 1519
7 P 32.68 37.21 1322
8 P 34.07 36.98 1263
9 P 34.25 36.81 1189
10 P 33.51 36.99 1378
11 P 33.53 37.19 1695
12 P 37.44 36.04 557
13 P 35.76 35.91 1059
14 P 33.55 36.39 1755
15 P 33.06 37.04 1809
16 P 30.65 37.91 2097
17 P 29.04 38.58 3332
18 P 28.09 38.91 4132
19 P 27.34 39.00 4663
20 P 26.66 38.89 4861
21 P 26.17 39.33 4042
22 P 25.22 39.90 5136
23 P 25.11 40.23 6645
24 P 24.56 40.66 6633
25 P 23.84 40.70 7579
26 P 23.87 40.81 7097
27 P 23.60 41.13 6255
28 P 23.11 41.37 6219
29 P 23.45 41.20 7190
30 P 23.50 40.99 8306
31 P 24.31 40.94 8112
32 P 24.14 41.05 7208
33 P 24.43 41.07 6135
34 P 24.49 40.84 7093
35 P 24.84 40.50 7217
36 P 25.30 40.42 6457
37 P 26.09 40.21 4086
38 P 26.35 40.28 2960
39 P 26.44 40.28 3995
40 P 26.26 40.23 4215
41 P 26.67 40.08 3778
42 P 26.38 39.92 3431
43 P 26.76 39.80 3136
44 P 26.95 39.78 3035
45 P 27.20 39.77 3154
46 P 28.50 39.53 3004
47 P 29.31 39.14 2956
48 P 29.53 39.05 2504
49 P 28.99 39.25 1899
50 P 29.02 39.58 2169
51 P 29.01 39.54 2952
52 P 28.84 39.34 3305
53 P 29.58 39.31 3048
54 P 28.70 39.32 3309
55 P 28.41 39.20 3377
56 P 28.04 39.18 3348
57 P 28.39 39.23 3548
58 P 27.82 39.49 3700
59 P 27.46 39.72 4903
60 P 27.70 39.86 5647
61 P 26.74 39.80 5590
62 P 26.83 39.57 5148
63 P 26.98 39.48 5543
64 P 26.95 39.45 5036
65 P 26.69 39.52 4609
66 P 26.92 39.52 4649
67 P 26.60 39.62 4461
68 P 26.39 39.79 4195
69 P 26.70 39.64 4400
70 P 26.91 39.56 4951
71 P 27.59 39.50 4629
72 P 27.47 39.37 4661
73 P 27.16 39.19 4317
74 P 28.04 39.05 3762
75 P 27.70 39.28 4704
76 P 27.42 39.54 5416
77 P 27.34 39.76 6143
78 P 27.43 40.02 6581
79 P 27.44 39.89 6412
80 P 27.41 39.55 6960
81 P 27.52 39.30 7229
82 P 28.09 39.08 6897
83 P 27.58 39.03 6000
84 P 28.12 39.30 5770
85 P 27.24 39.39 5216
86 P 26.98 39.50 4645
87 P 27.10 39.47 4771
88 P 27.35 39.40 4839
89 P 27.51 39.29 4931
90 P 28.12 39.04 4671
91 P 28.30 39.05 4834
92 P 28.28 38.97 4880
93 P 28.69 38.88 4492
94 P 28.22 38.88 3480
95 P 28.89 38.78 3416
96 P 29.19 38.67 2906
97 P 29.24 38.72 2795
98 P 29.36 38.61 3191
99 P 29.34 38.34 3259
100 P 28.81 38.17 3447
101 P 29.35 38.16 3089
102 P 29.06 38.27 3103
103 P 29.03 38.58 3807
104 P 30.52 38.57 4132
105 P 29.71 38.28 4276
106 P 28.76 38.41 3744
107 P 29.87 38.35 3560
108 P 29.73 38.32 3735
109 P 29.23 38.32 3793
110 P 28.96 38.45 3867
111 P 28.49 38.39 3745
112 P 29.23 38.47 3476
113 P 29.83 38.47 3076
114 P 30.05 38.58 2606
115 P 30.08 38.74 2599
116 P 29.60 38.76 2972
117 P 30.12 38.72 3131
118 P 30.06 38.68 3347
119 P 30.03 38.58 3855
120 P 29.84 38.47 3838
121 P 30.70 38.42 3636
122 P 30.07 38.40 3708
123 P 30.33 38.51 2979
124 P 29.90 38.69 2835
125 P 30.13 38.62 3138
126 P 29.84 38.51 3221
127 P 29.94 38.44 3735
128 P 29.41 38.66 4337
129 P 30.04 38.99 4412
130 P 29.32 39.33 4788
131 P 29.65 39.37 4608
132 P 29.74 39.28 4358
133 P 29.43 39.00 4552
134 P 29.58 38.92 3934
135 P 29.59 38.97 3428
136 P 30.05 38.82 3779
137 P 28.91 38.83 3688
138 P 30.34 38.71 2913
139 P 29.21 38.84 2244
140 P 30.20 38.91 3382
141 P 29.72 39.01 4055
142 P 29.42 39.06 4300
143 P 30.01 39.39 3939
144 P 30.16 39.57 4601
145 P 29.54 39.69 4899
146 P 29.07 39.80 5139
147 P 28.36 39.79 6441
148 P 27.80 39.27 7100
149 P 27.95 39.09 7514
150 P 28.03 39.10 7410
151 P 27.23 39.32 7002
152 P 27.34 39.65 6395
153 P 26.96 39.90 6643
154 P 26.52 40.09 7111
155 P 26.74 40.31 6947
156 P 26.64 40.47 6817
157 P 26.64 40.60 6719
158 P 26.57 40.91 7866
159 P 26.78 41.22 9394
160 P 26.85 41.52 9773
161 P 26.76 41.70 9540
162 P 26.45 42.40 8526
163 P 26.12 43.24 8053
164 P 25.65 44.03 7126
165 P 25.28 44.77 5751
166 P 25.40 44.45 5684
167 P 25.21 44.36 5882
168 P 25.61 44.48 5898
169 P 25.31 43.77 6361
170 P 25.66 43.07 7322
171 P 26.12 42.95 7912
172 P 26.41 42.57 8121
173 P 26.69 42.48 8244
174 P 28.73 41.60 9169
175 P 28.38 40.71 7265
176 P 28.31 40.41 6202
177 P 28.15 40.09 5862
178 P 28.40 39.71 6333
179 P 28.44 39.40 6586
180 P 28.66 39.18 6330
181 P 29.15 38.78 6985
182 P 29.16 38.49 6915
183 P 29.23 38.24 6314
184 P 29.61 37.79 6819
185 P 30.07 37.32 6897
186 P 29.94 37.01 7175
187 P 30.11 36.78 6725
188 P 30.27 36.64 5934
189 P 30.16 37.02 5698
190 P 30.06 37.00 5849
191 P 30.48 36.68 5725
192 P 30.66 36.35 6161
193 P 30.65 36.05 6214
194 P 31.15 35.81 5743
195 P 31.37 35.51 5396
196 P 31.82 35.28 5986
197 P 31.64 35.06 7150
198 P 31.72 34.83 5199
199 P 31.88 34.56 5900
200 P 32.27 34.24 6368
201 P 32.51 33.68 7788
202 P 33.02 32.93 8194
203 P 33.05 32.27 9472
204 P 33.48 31.39 8548
205 P 33.32 30.89 7500
206 P 33.49 30.83 5299
207 P 33.79 30.27 5164
208 P 33.90 30.24 2672
209 P 33.80 30.29 2506
210 P 34.04 30.25 1922
211 P 34.19 30.24 1992
212 P 34.35 30.39 1721
213 P 34.20 30.39 1998
214 P 34.33 30.35 1514
215 P 34.39 30.35 1781
216 P 34.99 30.26 1450
217 P 34.86 30.18 1301
218 P 34.58 30.18 1087
219 P 35.25 30.16 733
220 P 35.24 30.20 620
221 P 35.40 30.22 486
222 P 34.77 30.26 550
223 P 34.72 30.32 457
224 P 34.75 30.30 429
225 P 34.95 30.33 492
226 P 34.48 30.28 903
227 P 34.67 30.27 1056
228 P 35.03 30.28 1219
229 P 34.29 30.41 1244
230 P 34.08 30.44 1319
231 P 34.08 30.49 566
232 P 34.55 30.50 624
233 P 34.09 30.53 637
234 P 34.19 30.57 709
235 P 33.53 30.54 827
236 P 33.87 30.58 866
237 P 34.04 30.53 1086
238 P 33.64 30.55 1131
239 P 33.98 30.54 1400
240 P 33.42 30.58 1580
241 P 33.67 30.60 1703
242 P 33.27 30.65 1993
243 P 33.63 30.65 1869
244 P 33.48 30.73 2361
245 P 33.07 30.80 1855
246 P 32.87 30.85 1749
247 P 36.41 30.55 286
