% Nframe | type | QP | PSNR | size (Bytes) 
0 I 25.00 40.54 11503
1 P 26.23 40.03 489
2 P 27.55 39.71 1049
3 P 27.59 39.63 1649
4 P 27.63 39.68 1778
5 P 26.72 39.63 1845
6 P 26.84 39.76 1922
7 P 27.46 39.62 1853
8 P 27.31 39.50 1799
9 P 27.65 39.41 1743
10 P 27.88 39.46 1879
11 P 27.50 39.59 2277
12 P 31.53 38.11 725
13 P 28.85 38.87 2335
14 P 24.61 39.83 3153
15 P 23.53 40.59 2950
16 P 22.07 41.36 3655
17 P 21.35 42.08 5245
18 P 20.57 42.36 5895
19 P 20.18 42.57 6583
20 P 19.92 42.67 6288
21 P 19.32 43.04 5622
22 P 19.12 43.43 6965
23 P 19.00 43.73 7864
24 P 18.32 44.17 8179
25 P 18.36 44.12 8808
26 P 18.22 44.13 7614
27 P 18.00 44.39 7410
28 P 17.97 44.37 7408
29 P 18.30 44.17 7954
30 P 18.58 43.95 8991
31 P 18.56 43.95 8676
32 P 19.03 43.95 7511
33 P 19.17 43.93 7095
34 P 19.43 43.79 7831
35 P 19.51 43.53 7879
36 P 19.55 43.43 7374
37 P 19.68 43.28 5216
38 P 19.89 43.27 4757
39 P 19.88 43.23 5288
40 P 20.01 43.20 5542
41 P 20.50 43.06 5149
42 P 20.59 42.94 4777
43 P 20.90 42.89 4572
44 P 20.67 42.74 4320
45 P 20.87 42.84 4723
46 P 21.11 42.59 4563
47 P 21.59 42.36 4264
48 P 21.64 42.36 3736
49 P 21.35 42.50 3012
50 P 21.30 42.64 3494
51 P 21.13 42.57 4724
52 P 21.59 42.37 4707
53 P 21.80 42.46 4288
54 P 21.53 42.42 4456
55 P 21.20 42.35 4444
56 P 21.50 42.35 4367
57 P 21.47 42.25 4656
58 P 20.97 42.44 4720
59 P 21.14 42.45 5875
60 P 21.22 42.50 6292
61 P 20.99 42.67 6892
62 P 20.84 42.52 6319
63 P 20.71 42.54 6314
64 P 20.70 42.46 5715
65 P 20.67 42.49 5329
66 P 20.75 42.48 5710
67 P 20.31 42.53 5502
68 P 20.53 42.60 4979
69 P 20.84 42.43 5491
70 P 20.98 42.39 5819
71 P 20.88 42.37 5908
72 P 20.85 42.34 5776
73 P 20.95 42.21 5218
74 P 21.00 42.16 4952
75 P 21.05 42.17 5565
76 P 21.19 42.22 6207
77 P 21.52 42.53 6881
78 P 21.11 42.78 7150
79 P 21.08 42.60 7243
80 P 21.15 42.30 7684
81 P 21.10 42.16 7858
82 P 21.38 41.92 7477
83 P 21.11 41.99 7030
84 P 21.58 42.11 6450
85 P 21.64 42.25 5971
86 P 21.10 42.47 5722
87 P 21.32 42.34 5758
88 P 21.35 42.28 5882
89 P 21.51 42.05 5669
90 P 21.80 41.94 5756
91 P 21.74 41.88 5928
92 P 22.08 41.86 6113
93 P 22.33 41.67 5468
94 P 22.33 41.73 4432
95 P 22.29 41.78 4523
96 P 21.97 41.69 4151
97 P 22.15 41.76 3945
98 P 22.64 41.57 4244
99 P 22.37 41.50 4615
100 P 22.84 41.33 4456
101 P 22.43 41.35 4142
102 P 22.66 41.41 4345
103 P 22.72 41.53 4820
104 P 22.98 41.56 5209
105 P 22.60 41.37 5350
106 P 22.37 41.51 4786
107 P 22.60 41.41 4506
108 P 22.47 41.43 4625
109 P 22.57 41.45 4666
110 P 22.78 41.50 4730
111 P 22.66 41.53 4734
112 P 22.54 41.51 4351
113 P 22.47 41.58 4197
114 P 22.24 41.64 3858
115 P 22.06 41.77 3929
116 P 23.16 41.74 4049
117 P 23.42 41.76 4498
118 P 23.11 41.71 4369
119 P 22.64 41.62 4889
120 P 22.92 41.49 4715
121 P 22.80 41.46 4615
122 P 23.48 41.48 4652
123 P 22.44 41.58 4086
124 P 22.75 41.67 3725
125 P 22.91 41.53 4070
126 P 22.98 41.43 4232
127 P 22.78 41.51 4636
128 P 22.85 41.70 5117
129 P 22.60 41.96 4997
130 P 22.83 42.24 5017
131 P 22.35 42.28 5146
132 P 22.90 42.09 5251
133 P 23.00 42.05 5357
134 P 22.18 41.92 4697
135 P 22.31 41.97 4226
136 P 21.83 41.86 4589
137 P 22.39 41.87 4505
138 P 22.04 41.74 4079
139 P 22.79 41.90 3432
140 P 23.39 41.90 4640
141 P 23.05 41.91 5289
142 P 22.83 42.02 5498
143 P 22.44 42.17 4830
144 P 22.50 42.35 5414
145 P 22.24 42.37 5545
146 P 22.16 42.54 6160
147 P 21.99 42.61 7203
148 P 22.09 42.14 7949
149 P 22.09 41.81 8622
150 P 21.89 41.91 8636
151 P 21.27 42.21 8209
152 P 21.21 42.29 7446
153 P 21.40 42.46 7799
154 P 21.55 42.64 7921
155 P 21.34 42.89 7917
156 P 21.35 43.07 7705
157 P 21.42 43.13 7396
158 P 21.36 43.25 7833
159 P 21.40 43.42 7831
160 P 21.77 43.43 7687
161 P 21.48 43.67 8495
162 P 21.20 44.49 8493
163 P 20.94 45.19 7349
164 P 20.29 45.97 6956
165 P 19.99 46.75 5863
166 P 19.69 46.77 5725
167 P 19.68 46.46 5813
168 P 19.79 46.44 5990
169 P 19.94 45.82 6351
170 P 20.25 45.38 6915
171 P 20.67 45.25 6888
172 P 20.91 44.75 6725
173 P 21.21 44.52 6371
174 P 21.92 43.84 7631
175 P 22.23 43.29 7710
176 P 22.37 43.06 7668
177 P 22.55 43.12 7460
178 P 22.63 42.85 7437
179 P 22.63 42.41 7874
180 P 22.75 42.21 7916
181 P 22.76 41.93 8795
182 P 23.18 41.65 8436
183 P 23.22 41.51 8098
184 P 23.61 41.13 8784
185 P 23.70 40.83 9023
186 P 23.89 40.68 8999
187 P 23.92 40.51 8542
188 P 24.02 40.46 7835
189 P 24.07 40.58 7078
190 P 23.90 40.54 7386
191 P 24.17 40.25 7636
192 P 24.34 39.88 8017
193 P 24.45 39.61 7830
194 P 24.97 39.45 7306
195 P 25.22 39.24 7130
196 P 25.21 39.22 8161
197 P 25.37 39.00 8533
198 P 25.54 38.88 7102
199 P 25.79 38.56 7430
200 P 25.93 38.12 8200
201 P 26.10 37.52 10259
202 P 26.26 36.79 11208
203 P 26.40 36.13 13021
204 P 26.58 35.30 12308
205 P 26.94 34.95 9682
206 P 26.76 34.93 8126
207 P 26.99 34.76 8469
208 P 27.27 34.61 6194
209 P 27.10 34.57 6407
210 P 27.36 34.59 4874
211 P 27.44 34.60 4680
212 P 27.31 34.68 4011
213 P 27.38 34.70 3563
214 P 27.54 34.61 3596
215 P 27.84 34.52 3212
216 P 27.87 34.45 3172
217 P 27.83 34.37 2723
218 P 27.97 34.36 2268
219 P 28.01 34.35 1561
220 P 27.86 34.44 955
221 P 27.80 34.47 860
222 P 27.94 34.49 708
223 P 28.18 34.61 766
224 P 28.22 34.59 553
225 P 28.31 34.54 873
226 P 28.18 34.47 1912
227 P 28.17 34.46 1685
228 P 27.87 34.41 2298
229 P 27.98 34.56 1887
230 P 27.91 34.58 1713
231 P 27.76 34.67 762
232 P 27.77 34.69 913
233 P 27.80 34.74 872
234 P 27.74 34.81 791
235 P 27.55 34.75 1231
236 P 26.94 34.79 1109
237 P 27.21 34.78 2075
238 P 27.31 34.83 2134
239 P 27.36 34.79 2157
240 P 27.31 34.73 2771
241 P 27.20 34.80 3046
242 P 26.95 34.88 3265
243 P 26.98 34.87 3299
244 P 26.96 35.01 3962
245 P 26.87 35.07 2317
246 P 26.89 35.08 2355
247 P 29.62 34.59 812
