% Nframe | type | QP | PSNR | size (Bytes) 
0 I 16.40 46.07 9429
1 P 16.90 45.33 1228
2 P 16.74 45.04 1670
3 P 16.58 44.94 2085
4 P 17.31 44.84 2485
5 P 16.68 44.89 2514
6 P 16.50 44.93 2555
7 P 16.22 44.94 2650
8 P 17.67 44.86 2452
9 P 16.91 44.85 2498
10 P 17.17 44.79 2507
11 P 17.48 44.94 2952
12 P 19.24 44.47 2328
13 P 14.52 46.19 4477
14 P 12.65 47.43 5240
15 P 11.50 48.29 5390
16 P 10.69 48.72 6956
17 P 10.10 49.02 7850
18 P 9.73 49.44 8724
19 P 9.26 49.94 9629
20 P 8.76 50.31 9963
21 P 8.45 50.48 10162
22 P 8.27 50.55 11490
23 P 8.13 50.72 12485
24 P 7.80 51.00 13106
25 P 7.69 50.90 13762
26 P 7.64 50.92 13014
27 P 7.56 51.06 13136
28 P 7.62 51.05 12940
29 P 7.73 50.92 13051
30 P 7.83 50.87 13302
31 P 8.00 50.81 12943
32 P 8.25 50.70 11808
33 P 8.33 50.58 11774
34 P 8.54 50.31 12134
35 P 8.76 50.15 11817
36 P 8.95 49.96 11302
37 P 9.22 49.84 9787
38 P 9.38 49.63 9431
39 P 9.72 49.39 9067
40 P 10.00 49.16 8656
41 P 10.14 49.07 8625
42 P 10.30 48.91 8351
43 P 10.55 48.72 8038
44 P 10.68 48.60 8201
45 P 10.70 48.65 8168
46 P 10.79 48.54 7669
47 P 10.83 48.49 6946
48 P 11.04 48.50 6262
49 P 11.08 48.42 6185
50 P 11.18 48.37 6583
51 P 11.25 48.32 7006
52 P 11.32 48.27 6781
53 P 11.34 48.32 6312
54 P 11.32 48.24 6734
55 P 11.35 48.29 6608
56 P 11.38 48.26 6205
57 P 11.57 48.11 6264
58 P 11.52 48.12 6910
59 P 11.52 48.02 7369
60 P 11.45 48.08 8253
61 P 11.24 48.31 8796
62 P 11.24 48.27 8311
63 P 11.13 48.38 8445
64 P 10.88 48.38 8217
65 P 11.07 48.29 7401
66 P 11.03 48.34 8064
67 P 11.15 48.31 7445
68 P 11.07 48.38 7337
69 P 11.10 48.36 8178
70 P 11.10 48.25 8242
71 P 11.18 48.23 8251
72 P 11.07 48.21 8296
73 P 11.15 48.33 7978
74 P 11.26 48.18 7116
75 P 11.40 48.05 7977
76 P 11.48 48.00 8354
77 P 11.42 48.02 8829
78 P 11.27 48.13 9417
79 P 11.40 48.07 9068
80 P 11.27 48.17 9548
81 P 11.46 48.00 9012
82 P 11.47 47.93 9149
83 P 11.40 48.07 8720
84 P 11.57 47.96 8203
85 P 11.60 47.96 8120
86 P 11.69 48.00 8017
87 P 11.66 47.99 8094
88 P 11.77 47.83 8057
89 P 11.65 47.95 8445
90 P 11.69 47.94 8087
91 P 11.67 47.96 7999
92 P 11.79 47.85 8285
93 P 11.88 47.82 7937
94 P 11.86 48.03 7672
95 P 11.88 47.84 7357
96 P 11.92 47.73 6955
97 P 11.86 47.88 6815
98 P 11.89 47.89 6924
99 P 11.89 47.78 7035
100 P 11.91 47.82 6831
101 P 11.97 47.70 6564
102 P 12.01 47.53 6841
103 P 12.06 47.55 7134
104 P 12.03 47.63 7231
105 P 12.02 47.71 7056
106 P 11.95 47.64 6836
107 P 11.99 47.64 6860
108 P 11.85 47.81 6873
109 P 11.83 47.86 6787
110 P 11.84 47.81 6433
111 P 11.79 47.86 6517
112 P 11.66 47.86 5976
113 P 11.52 47.98 6095
114 P 11.56 48.01 6133
115 P 11.60 47.91 6089
116 P 11.78 47.77 6144
117 P 11.68 47.79 6442
118 P 11.75 47.77 6273
119 P 11.68 47.80 6536
120 P 11.50 47.82 6296
121 P 11.48 47.83 6281
122 P 11.60 47.89 6382
123 P 11.52 48.02 6222
124 P 11.56 48.03 5882
125 P 11.56 47.96 6247
126 P 11.58 47.92 6387
127 P 11.62 47.69 6222
128 P 11.57 47.86 6706
129 P 11.53 48.01 6690
130 P 11.23 48.31 6869
131 P 11.34 48.32 6884
132 P 11.20 48.38 7032
133 P 11.36 48.36 7004
134 P 11.27 48.30 6835
135 P 11.13 48.26 6292
136 P 11.09 48.20 6765
137 P 11.02 48.30 6560
138 P 11.17 48.23 6509
139 P 11.24 48.30 6353
140 P 11.16 48.12 6810
141 P 11.22 48.16 7189
142 P 11.39 48.21 7282
143 P 11.14 48.15 6949
144 P 11.36 48.40 7758
145 P 11.37 48.31 7861
146 P 11.32 48.34 8160
147 P 11.35 48.55 9213
148 P 11.45 48.37 9966
149 P 11.63 48.08 10508
150 P 11.53 48.09 10537
151 P 11.38 48.25 10392
152 P 11.59 48.18 9771
153 P 11.60 48.26 10179
154 P 11.53 48.25 10270
155 P 11.60 48.42 10439
156 P 11.60 48.46 9760
157 P 11.67 48.56 9525
158 P 11.88 48.62 9404
159 P 11.88 48.60 9400
160 P 11.82 48.75 9407
161 P 11.80 48.68 9513
162 P 11.57 49.08 9028
163 P 11.22 49.49 8483
164 P 10.75 49.99 7697
165 P 10.40 50.53 6868
166 P 10.08 50.47 6936
167 P 10.09 50.41 7452
168 P 10.21 50.46 7415
169 P 10.18 50.42 7859
170 P 10.30 50.13 8267
171 P 10.64 49.99 8142
172 P 10.94 49.43 8336
173 P 11.20 49.53 8218
174 P 11.70 48.74 9419
175 P 12.10 48.52 9496
176 P 12.16 48.39 9136
177 P 12.27 48.45 9053
178 P 12.33 48.32 9003
179 P 12.40 48.12 9571
180 P 12.48 47.94 9486
181 P 12.54 47.85 10322
182 P 12.77 47.72 10336
183 P 13.05 47.56 10126
184 P 13.28 47.46 10315
185 P 13.21 47.33 10603
186 P 13.23 47.15 9975
187 P 13.45 46.99 10215
188 P 13.28 47.10 10372
189 P 13.35 47.23 9375
190 P 13.48 47.27 9064
191 P 13.64 47.03 9089
192 P 13.58 46.89 9973
193 P 13.60 46.65 10142
194 P 14.03 46.58 9572
195 P 14.20 46.35 9126
196 P 14.07 46.29 9976
197 P 14.32 46.16 9790
198 P 14.11 46.33 9677
199 P 14.20 46.21 9629
200 P 14.35 45.68 10397
201 P 14.61 45.37 12131
202 P 14.65 44.94 14090
203 P 14.69 44.87 15480
204 P 14.87 44.85 13673
205 P 14.96 44.77 13815
206 P 15.01 44.73 14088
207 P 14.92 44.77 14371
208 P 14.95 44.80 10121
209 P 14.92 44.88 10677
210 P 14.95 44.90 7732
211 P 15.05 44.83 8236
212 P 15.15 44.87 8067
213 P 15.20 44.79 8553
214 P 15.34 44.63 8581
215 P 15.34 44.59 8774
216 P 15.31 44.68 8950
217 P 15.38 44.78 6657
218 P 15.39 44.69 5369
219 P 15.48 44.61 3393
220 P 15.53 44.69 1877
221 P 15.57 44.78 1659
222 P 15.47 44.78 1415
223 P 15.45 45.06 1180
224 P 15.58 45.01 1078
225 P 15.77 45.02 2198
226 P 15.59 44.82 4168
227 P 15.70 44.62 4686
228 P 15.72 44.53 5005
229 P 15.74 44.57 3034
230 P 15.66 44.56 2452
231 P 15.40 44.90 1534
232 P 15.38 44.77 1700
233 P 15.44 44.90 1696
234 P 15.24 44.96 1483
235 P 15.27 44.81 2202
236 P 15.30 44.93 2199
237 P 15.21 44.83 3474
238 P 15.22 44.79 4115
239 P 15.16 44.80 5294
240 P 15.01 44.86 6732
241 P 14.99 44.87 6159
242 P 14.94 44.85 6029
243 P 14.88 44.92 6601
244 P 14.83 44.94 7106
245 P 14.68 45.08 4434
246 P 14.65 45.10 4192
247 P 16.44 43.99 2680
