% Nframe | type | QP | PSNR | size (Bytes) 
0 I 51.00 29.72 8270
1 P 51.00 29.52 93
2 P 51.00 29.27 181
3 P 51.00 28.80 307
4 P 51.00 28.44 538
5 P 51.00 27.96 637
6 P 51.00 27.68 713
7 P 51.00 27.29 802
8 P 51.00 27.13 704
9 P 51.00 27.08 429
10 P 51.00 27.41 383
11 P 51.00 27.70 490
12 P 51.00 27.01 122
13 P 51.00 25.73 12
14 P 51.00 25.11 12
15 P 51.00 25.40 12
16 P 51.00 25.83 12
17 P 51.00 24.81 12
18 P 51.00 24.35 96
19 P 51.00 23.47 143
20 P 51.00 22.94 101
21 P 51.00 23.34 204
22 P 51.00 23.95 175
23 P 51.00 24.73 198
24 P 51.00 25.43 205
25 P 51.00 25.84 332
26 P 51.00 26.29 404
27 P 51.00 26.68 597
28 P 51.00 26.79 801
29 P 51.00 26.88 1122
30 P 51.00 26.89 1007
31 P 51.00 26.95 880
32 P 51.00 27.02 938
33 P 51.00 27.21 967
34 P 51.00 27.05 846
35 P 51.00 26.86 795
36 P 51.00 26.66 748
37 P 51.00 26.54 695
38 P 51.00 26.73 625
39 P 51.00 26.77 795
40 P 51.00 26.69 846
41 P 51.00 26.62 850
42 P 51.00 26.38 760
43 P 51.00 26.23 797
44 P 51.00 26.06 746
45 P 51.00 25.86 700
46 P 51.00 25.67 688
47 P 51.00 25.46 520
48 P 51.00 25.43 238
49 P 51.00 25.61 147
50 P 51.00 25.74 253
51 P 51.00 25.71 446
52 P 51.00 25.45 404
53 P 51.00 25.44 415
54 P 51.00 25.29 337
55 P 51.00 24.97 181
56 P 51.00 24.82 191
57 P 51.00 24.69 178
58 P 51.00 24.61 238
59 P 51.00 24.57 503
60 P 51.00 24.38 700
61 P 51.00 24.26 853
62 P 51.00 24.12 756
63 P 51.00 23.95 663
64 P 51.00 23.90 621
65 P 51.00 23.84 427
66 P 51.00 23.84 515
67 P 51.00 23.94 727
68 P 51.00 24.02 793
69 P 51.00 24.08 824
70 P 51.00 24.12 760
71 P 51.00 24.12 664
72 P 51.00 23.98 595
73 P 51.00 23.89 530
74 P 51.00 23.80 287
75 P 51.00 23.94 306
76 P 51.00 24.11 472
77 P 51.00 24.19 670
78 P 51.00 24.29 778
79 P 51.00 24.25 731
80 P 51.00 24.08 589
81 P 51.00 23.83 513
82 P 51.00 23.66 511
83 P 51.00 23.58 499
84 P 51.00 23.55 506
85 P 51.00 23.53 563
86 P 51.00 23.51 565
87 P 51.00 23.59 658
88 P 51.00 23.60 604
89 P 51.00 23.48 538
90 P 51.00 23.46 453
91 P 51.00 23.46 306
92 P 51.00 23.49 342
93 P 51.00 23.44 337
94 P 51.00 23.38 320
95 P 51.00 23.38 386
96 P 51.00 23.32 282
97 P 51.00 23.35 296
98 P 51.00 23.30 278
99 P 51.00 23.20 254
100 P 51.00 23.11 199
101 P 51.00 23.08 194
102 P 51.00 23.17 241
103 P 51.00 23.17 289
104 P 51.00 23.20 406
105 P 51.00 22.99 318
106 P 51.00 22.98 251
107 P 51.00 22.97 262
108 P 51.00 22.98 261
109 P 51.00 22.96 323
110 P 51.00 22.95 357
111 P 51.00 22.96 401
112 P 51.00 23.06 403
113 P 51.00 23.10 324
114 P 51.00 23.25 342
115 P 51.00 23.44 359
116 P 51.00 23.49 282
117 P 51.00 23.53 309
118 P 51.00 23.69 411
119 P 51.00 23.66 354
120 P 51.00 23.72 335
121 P 51.00 23.86 354
122 P 51.00 23.92 333
123 P 51.00 24.00 288
124 P 51.00 24.10 387
125 P 51.00 24.07 451
126 P 51.00 24.06 409
127 P 51.00 24.12 382
128 P 51.00 24.30 403
129 P 51.00 24.53 518
130 P 51.00 24.74 618
131 P 51.00 24.83 694
132 P 51.00 24.79 718
133 P 51.00 24.79 627
134 P 51.00 24.79 698
135 P 51.00 24.86 593
136 P 51.00 24.82 550
137 P 51.00 24.82 551
138 P 51.00 24.78 423
139 P 51.00 24.80 329
140 P 51.00 24.94 382
141 P 51.00 24.92 563
142 P 51.00 24.94 772
143 P 51.00 25.10 853
144 P 51.00 25.06 893
145 P 51.00 24.99 865
146 P 51.00 25.01 980
147 P 51.00 24.87 965
148 P 51.00 24.63 1003
149 P 51.00 24.43 919
150 P 51.00 24.15 1187
151 P 51.00 24.43 1251
152 P 51.00 24.56 1265
153 P 51.00 24.36 1247
154 P 51.00 23.94 1431
155 P 51.00 23.67 1396
156 P 51.00 23.28 1328
157 P 51.00 22.99 1388
158 P 51.00 22.64 1287
159 P 51.00 22.51 1659
160 P 51.00 22.38 1593
161 P 51.00 22.39 1334
162 P 51.00 22.00 1143
163 P 51.00 22.11 985
164 P 51.00 22.04 630
165 P 51.00 22.04 593
166 P 51.00 21.94 465
167 P 51.00 21.87 472
168 P 51.00 21.27 553
169 P 51.00 20.14 796
170 P 51.00 18.91 721
171 P 51.00 17.87 676
172 P 51.00 16.91 663
173 P 51.00 16.72 573
174 P 51.00 16.36 359
175 P 51.00 16.04 368
176 P 51.00 15.84 370
177 P 51.00 15.85 418
178 P 51.00 15.67 526
179 P 51.00 15.57 566
180 P 51.00 15.81 588
181 P 51.00 15.88 588
182 P 51.00 15.99 709
183 P 51.00 16.10 548
184 P 51.00 16.13 449
185 P 51.00 16.08 433
186 P 51.00 16.20 401
187 P 51.00 16.17 336
188 P 51.00 16.21 365
189 P 51.00 16.34 390
190 P 51.00 16.31 376
191 P 51.00 16.32 391
192 P 51.00 16.06 438
193 P 51.00 15.86 475
194 P 51.00 15.91 397
195 P 51.00 15.82 362
196 P 51.00 15.75 416
197 P 51.00 15.48 409
198 P 51.00 15.42 457
199 P 51.00 15.51 356
200 P 51.00 15.55 336
201 P 51.00 15.53 282
202 P 51.00 15.48 288
203 P 51.00 15.48 284
204 P 51.00 15.42 206
205 P 51.00 15.39 208
206 P 51.00 15.35 155
207 P 51.00 15.27 156
208 P 51.00 15.26 80
209 P 51.00 15.26 35
210 P 51.00 15.27 41
211 P 51.00 15.27 107
212 P 51.00 15.29 64
213 P 51.00 15.31 92
214 P 51.00 15.33 101
215 P 51.00 15.38 122
216 P 51.00 15.39 95
217 P 51.00 15.40 66
218 P 51.00 15.41 79
219 P 51.00 15.42 53
220 P 51.00 15.44 58
221 P 51.00 15.47 106
222 P 51.00 15.52 124
223 P 51.00 15.57 133
224 P 51.00 15.69 339
225 P 51.00 15.86 348
226 P 51.00 15.95 214
227 P 51.00 15.99 178
228 P 51.00 16.04 239
229 P 51.00 16.17 184
230 P 51.00 16.13 203
231 P 51.00 16.20 268
232 P 51.00 16.28 290
233 P 51.00 16.36 253
234 P 51.00 16.40 191
235 P 51.00 16.46 265
236 P 51.00 16.49 164
237 P 51.00 16.51 106
238 P 51.00 16.57 208
239 P 51.00 16.67 359
240 P 51.00 16.75 282
241 P 51.00 16.83 316
242 P 51.00 16.92 276
243 P 51.00 16.95 258
244 P 51.00 17.02 314
245 P 51.00 17.07 314
246 P 51.00 17.13 350
247 P 51.00 17.14 82
