% Nframe | type | QP | PSNR | size (Bytes) 
0 I 32.01 38.22 25911
1 P 34.63 37.81 1048
2 P 34.75 37.67 1752
3 P 35.20 37.70 2508
4 P 34.79 37.79 3191
5 P 35.49 37.76 3169
6 P 34.63 37.81 3353
7 P 34.53 37.68 2636
8 P 35.23 37.40 2582
9 P 35.74 37.08 2583
10 P 35.51 37.39 2967
11 P 34.91 37.61 3279
12 P 38.68 36.47 1217
13 P 40.83 35.48 1328
14 P 39.32 35.80 2072
15 P 37.07 36.22 1864
16 P 36.31 37.13 2380
17 P 35.68 37.61 3796
18 P 35.26 37.84 4766
19 P 33.60 37.76 5385
20 P 33.14 37.38 5462
21 P 32.29 37.62 4296
22 P 31.51 38.17 5403
23 P 30.45 38.44 8299
24 P 29.46 38.67 8619
25 P 29.06 38.67 9698
26 P 28.80 38.82 9575
27 P 28.28 39.19 8482
28 P 28.02 39.43 8491
29 P 28.39 39.31 10214
30 P 28.66 39.21 12123
31 P 28.70 39.21 11340
32 P 28.31 39.41 11864
33 P 28.31 39.40 10059
34 P 28.10 39.35 12021
35 P 28.79 39.06 11673
36 P 28.96 38.96 10436
37 P 29.04 38.80 7519
38 P 29.54 38.97 4869
39 P 29.88 39.07 6143
40 P 29.70 38.99 6309
41 P 29.85 38.88 5940
42 P 29.84 38.70 5169
43 P 30.47 38.57 4927
44 P 30.38 38.47 4450
45 P 31.35 38.43 4509
46 P 31.77 38.26 4228
47 P 32.70 37.86 4107
48 P 33.72 37.74 3637
49 P 33.31 37.96 2601
50 P 32.90 38.18 3140
51 P 32.73 38.16 4212
52 P 32.11 37.99 4620
53 P 32.89 38.00 4338
54 P 32.77 37.96 4909
55 P 32.22 37.84 4857
56 P 31.93 37.82 4808
57 P 31.67 37.92 4955
58 P 31.78 38.25 5260
59 P 32.29 38.38 6966
60 P 31.39 38.62 9176
61 P 30.73 38.53 8504
62 P 31.02 38.30 8037
63 P 30.92 38.18 8404
64 P 30.84 38.09 7569
65 P 30.86 38.05 6608
66 P 30.74 38.17 6621
67 P 30.22 38.34 6953
68 P 30.58 38.42 6295
69 P 30.76 38.37 6686
70 P 30.89 38.27 7285
71 P 30.90 38.32 7189
72 P 31.14 38.12 6925
73 P 31.50 37.84 6246
74 P 31.88 37.80 5714
75 P 32.07 38.08 6766
76 P 31.50 38.27 8006
77 P 30.83 38.52 10006
78 P 30.80 38.70 10418
79 P 30.95 38.56 10012
80 P 31.07 38.31 10843
81 P 30.90 38.07 11251
82 P 30.90 37.79 11065
83 P 31.22 37.75 9589
84 P 30.81 37.88 8871
85 P 30.91 37.94 8304
86 P 30.40 38.07 7547
87 P 30.32 38.08 7719
88 P 30.92 38.07 7778
89 P 31.34 37.88 7378
90 P 32.01 37.74 7290
91 P 32.39 37.72 7386
92 P 32.08 37.65 7415
93 P 32.12 37.48 6914
94 P 32.56 37.52 5407
95 P 32.67 37.41 5317
96 P 33.06 37.35 4392
97 P 32.95 37.42 4190
98 P 32.95 37.35 4719
99 P 32.77 37.09 4942
100 P 32.80 36.84 4958
101 P 32.66 36.82 4462
102 P 33.24 36.92 4419
103 P 33.17 37.24 5450
104 P 33.65 37.21 5734
105 P 33.25 36.97 6449
106 P 33.80 37.10 5682
107 P 33.30 37.05 5504
108 P 33.01 37.05 5385
109 P 32.51 37.03 5523
110 P 33.07 37.09 5468
111 P 32.63 37.09 5680
112 P 33.29 37.12 4992
113 P 33.00 37.16 4862
114 P 33.18 37.27 3771
115 P 33.15 37.46 3912
116 P 33.92 37.54 4162
117 P 34.09 37.51 4679
118 P 34.02 37.47 4768
119 P 34.16 37.36 5418
120 P 34.71 37.21 5361
121 P 34.09 37.19 5451
122 P 34.21 37.21 5343
123 P 34.23 37.32 4406
124 P 34.69 37.45 4002
125 P 33.28 37.42 4448
126 P 34.68 37.29 4455
127 P 33.56 37.12 5278
128 P 33.47 37.41 6355
129 P 33.88 37.60 6548
130 P 34.17 37.90 7417
131 P 33.38 38.02 7344
132 P 33.03 37.82 6563
133 P 33.56 37.57 7034
134 P 33.81 37.51 5897
135 P 33.41 37.58 5368
136 P 33.46 37.45 5680
137 P 33.52 37.47 5605
138 P 33.92 37.31 4586
139 P 34.09 37.55 3458
140 P 33.85 37.61 4661
141 P 33.51 37.76 5794
142 P 33.45 37.81 6049
143 P 33.09 38.17 5696
144 P 33.62 38.37 6577
145 P 33.37 38.45 7365
146 P 32.59 38.59 8150
147 P 32.37 38.44 9857
148 P 31.67 38.00 11327
149 P 31.36 37.82 12260
150 P 31.55 37.86 12402
151 P 31.08 38.09 11466
152 P 31.04 38.35 10118
153 P 31.08 38.66 10240
154 P 31.06 38.81 10458
155 P 30.74 39.18 11046
156 P 30.66 39.31 10286
157 P 30.69 39.58 11128
158 P 30.49 39.87 13930
159 P 30.67 40.17 15246
160 P 30.68 40.34 15791
161 P 30.79 40.46 15508
162 P 30.61 41.44 14655
163 P 30.34 41.87 12537
164 P 30.07 42.58 12029
165 P 29.79 42.95 10320
166 P 29.67 42.74 10081
167 P 30.12 42.69 9819
168 P 30.13 42.71 9860
169 P 29.71 42.26 10368
170 P 30.02 41.81 11346
171 P 30.19 41.85 13057
172 P 30.51 41.54 13235
173 P 31.17 41.41 13197
174 P 32.86 40.67 14550
175 P 32.17 39.98 14481
176 P 32.35 39.10 9754
177 P 32.90 38.90 9768
178 P 32.46 38.51 9706
179 P 33.12 38.06 10069
180 P 33.42 37.83 9900
181 P 33.75 37.38 10158
182 P 33.84 37.11 10058
183 P 34.19 36.90 10148
184 P 34.60 36.42 10064
185 P 34.53 36.02 10216
186 P 34.72 35.58 10307
187 P 35.12 35.31 10224
188 P 34.97 35.24 9030
189 P 34.69 35.43 8115
190 P 34.79 35.41 8886
191 P 35.05 35.16 8613
192 P 35.37 34.83 8867
193 P 35.52 34.53 9085
194 P 35.60 34.31 8284
195 P 35.78 34.00 7928
196 P 36.26 33.68 9016
197 P 36.52 33.41 9972
198 P 36.38 33.23 7738
199 P 36.84 33.00 8061
200 P 36.90 32.68 9461
201 P 37.28 32.16 11491
202 P 37.56 31.56 12202
203 P 38.02 30.92 14041
204 P 38.12 30.17 12526
205 P 38.11 29.70 11662
206 P 38.30 29.60 8134
207 P 38.83 28.84 8502
208 P 39.01 28.77 4965
209 P 39.16 28.83 4173
210 P 39.16 28.79 3492
211 P 39.06 28.85 3389
212 P 39.06 29.02 3557
213 P 38.99 28.99 3647
214 P 39.05 28.99 3276
215 P 38.97 28.99 2847
216 P 39.26 28.84 3132
217 P 39.21 28.70 3001
218 P 39.43 28.66 2423
219 P 39.75 28.67 1666
220 P 39.77 28.73 1191
221 P 39.82 28.76 969
222 P 39.65 28.78 897
223 P 39.87 28.86 807
224 P 39.93 28.86 630
225 P 39.33 28.91 782
226 P 39.95 28.88 1471
227 P 39.35 28.84 1893
228 P 39.94 28.85 2014
229 P 39.79 28.94 1829
230 P 39.69 28.96 1867
231 P 39.24 29.02 857
232 P 39.31 29.03 952
233 P 38.82 29.06 1032
234 P 39.11 29.08 743
235 P 39.10 29.05 1337
236 P 39.36 29.08 1174
237 P 39.36 29.04 1824
238 P 39.02 29.03 1921
239 P 38.85 29.07 2593
240 P 38.92 29.10 3008
241 P 38.74 29.12 2934
242 P 38.70 29.18 3333
243 P 38.52 29.19 3235
244 P 38.35 29.27 3841
245 P 38.18 29.31 2643
246 P 38.22 29.32 2402
247 P 39.59 29.02 664
