% Nframe | type | QP | PSNR | size (Bytes) 
0 I 35.62 34.24 6981
1 P 37.57 33.95 157
2 P 38.80 33.71 270
3 P 38.44 33.62 434
4 P 38.44 33.68 551
5 P 38.69 33.64 650
6 P 39.48 33.74 721
7 P 38.93 33.56 637
8 P 39.42 33.22 543
9 P 39.19 33.18 505
10 P 38.94 33.33 525
11 P 39.04 33.63 636
12 P 42.05 32.56 268
13 P 41.74 32.31 375
14 P 40.21 32.69 646
15 P 38.83 33.10 527
16 P 35.92 33.93 847
17 P 35.93 34.61 1424
18 P 34.41 34.88 1859
19 P 34.07 35.00 2208
20 P 32.48 34.85 2084
21 P 32.14 35.32 1878
22 P 31.65 35.98 2277
23 P 31.11 36.55 2911
24 P 30.55 36.93 2854
25 P 29.81 37.07 3360
26 P 30.22 37.19 3077
27 P 29.24 37.60 2976
28 P 28.80 37.90 2982
29 P 29.53 37.72 3185
30 P 30.46 37.59 3786
31 P 30.58 37.54 3797
32 P 30.41 37.69 3367
33 P 30.46 37.72 2870
34 P 30.77 37.43 3266
35 P 30.94 37.17 3488
36 P 31.23 37.03 3128
37 P 31.30 36.89 2055
38 P 31.07 37.06 1247
39 P 31.55 37.16 1795
40 P 32.01 37.02 1969
41 P 32.58 36.91 1851
42 P 31.79 36.80 1803
43 P 31.48 36.72 1519
44 P 32.34 36.62 1521
45 P 32.09 36.65 1605
46 P 33.86 36.41 1580
47 P 33.93 36.03 1348
48 P 34.33 35.91 1187
49 P 34.74 36.10 933
50 P 33.97 36.44 1078
51 P 33.50 36.47 1485
52 P 33.60 36.29 1642
53 P 33.47 36.34 1539
54 P 33.83 36.27 1576
55 P 33.59 36.20 1720
56 P 33.67 36.17 1629
57 P 33.12 36.25 1754
58 P 31.94 36.57 1885
59 P 32.82 36.76 2570
60 P 32.20 36.96 3146
61 P 32.26 36.91 3143
62 P 31.80 36.70 2784
63 P 31.82 36.57 2940
64 P 32.04 36.48 2507
65 P 31.98 36.49 2382
66 P 31.99 36.51 2430
67 P 31.76 36.69 2322
68 P 32.20 36.84 2134
69 P 31.85 36.67 2225
70 P 31.92 36.54 2495
71 P 33.02 36.50 2460
72 P 32.41 36.44 2343
73 P 33.56 36.18 1975
74 P 33.29 36.06 1803
75 P 33.35 36.25 2197
76 P 32.73 36.56 2725
77 P 32.40 36.85 3300
78 P 32.64 37.02 3571
79 P 32.77 36.94 3498
80 P 32.96 36.52 3755
81 P 32.47 36.32 3910
82 P 32.68 36.05 3795
83 P 32.78 36.06 3222
84 P 32.64 36.26 3058
85 P 31.81 36.31 2903
86 P 32.15 36.41 2682
87 P 31.49 36.46 2609
88 P 32.47 36.40 2643
89 P 32.29 36.27 2651
90 P 33.63 36.08 2599
91 P 33.77 35.97 2387
92 P 32.96 35.92 2396
93 P 33.73 35.86 2355
94 P 33.87 35.82 1839
95 P 34.53 35.69 1754
96 P 34.24 35.61 1380
97 P 33.50 35.56 1246
98 P 34.49 35.46 1507
99 P 34.38 35.24 1543
100 P 34.23 35.01 1538
101 P 34.16 35.05 1466
102 P 35.29 35.10 1445
103 P 34.98 35.40 1856
104 P 35.32 35.34 1944
105 P 35.32 35.15 2153
106 P 34.11 35.22 1908
107 P 34.58 35.13 1887
108 P 34.24 35.11 1805
109 P 34.40 35.15 1974
110 P 34.35 35.24 2033
111 P 34.64 35.25 1953
112 P 34.53 35.27 1682
113 P 34.83 35.30 1498
114 P 34.33 35.42 1392
115 P 34.89 35.57 1263
116 P 34.86 35.65 1434
117 P 35.29 35.70 1659
118 P 35.21 35.64 1659
119 P 34.67 35.52 1957
120 P 35.20 35.41 1883
121 P 35.38 35.39 1796
122 P 34.68 35.32 1725
123 P 35.54 35.41 1512
124 P 35.07 35.52 1384
125 P 35.26 35.40 1478
126 P 34.60 35.36 1668
127 P 34.72 35.32 1802
128 P 34.11 35.47 2122
129 P 34.20 35.82 2198
130 P 34.01 36.18 2500
131 P 33.79 36.18 2340
132 P 34.08 36.07 2310
133 P 34.34 35.79 2295
134 P 34.29 35.70 2043
135 P 34.71 35.71 1680
136 P 33.99 35.66 1950
137 P 33.96 35.71 1948
138 P 34.22 35.59 1438
139 P 34.44 35.78 1161
140 P 34.85 35.82 1537
141 P 33.32 35.97 1957
142 P 33.70 35.98 2211
143 P 34.45 36.37 2079
144 P 34.11 36.64 2430
145 P 34.35 36.70 2539
146 P 34.36 36.84 2761
147 P 34.25 36.69 3408
148 P 33.12 36.19 3801
149 P 32.63 35.95 4327
150 P 32.26 35.95 4287
151 P 31.95 36.28 4192
152 P 32.17 36.58 3533
153 P 31.85 36.87 3662
154 P 31.92 37.05 3735
155 P 31.65 37.29 3849
156 P 31.18 37.49 3802
157 P 31.31 37.62 3862
158 P 31.30 37.82 4508
159 P 31.39 38.02 5276
160 P 31.77 38.46 5746
161 P 31.80 38.69 5579
162 P 31.15 39.25 5084
163 P 30.89 40.07 4842
164 P 30.91 40.79 4322
165 P 30.06 41.57 3725
166 P 30.19 41.12 3649
167 P 30.51 40.78 3526
168 P 30.90 40.69 3500
169 P 30.80 40.41 3865
170 P 30.72 39.62 4181
171 P 31.00 39.63 4689
172 P 31.83 39.17 4856
173 P 32.10 39.00 4849
174 P 34.23 38.01 5059
175 P 33.60 36.99 3817
176 P 33.52 36.74 3307
177 P 33.50 36.75 3205
178 P 34.21 36.26 3051
179 P 33.73 35.82 3340
180 P 33.78 35.64 3247
181 P 34.89 35.07 3202
182 P 34.72 35.07 3572
183 P 34.84 34.78 3091
184 P 35.55 34.19 3118
185 P 35.59 33.73 3197
186 P 35.40 33.33 3153
187 P 35.86 33.04 3066
188 P 35.74 33.14 3010
189 P 35.62 33.43 2664
190 P 35.70 33.30 2542
191 P 35.77 33.14 2750
192 P 36.08 32.75 2691
193 P 36.18 32.45 2891
194 P 36.53 32.20 2601
195 P 36.73 31.86 2360
196 P 37.45 31.74 2601
197 P 37.55 31.46 2935
198 P 37.43 31.37 2480
199 P 37.62 31.11 2386
200 P 37.62 30.72 2637
201 P 38.29 30.13 3004
202 P 38.70 29.38 2954
203 P 38.76 28.74 3475
204 P 39.09 28.04 3084
205 P 39.06 27.67 2824
206 P 39.19 27.64 2134
207 P 39.57 27.22 1720
208 P 39.45 27.11 1080
209 P 39.65 27.13 1132
210 P 39.84 27.08 765
211 P 39.53 27.07 888
212 P 39.19 27.19 945
213 P 39.53 27.21 1064
214 P 39.94 27.18 925
215 P 39.83 27.18 973
216 P 40.06 27.14 998
217 P 39.97 27.09 726
218 P 40.00 27.11 621
219 P 39.76 27.13 392
220 P 40.08 27.16 240
221 P 39.65 27.18 239
222 P 39.90 27.23 312
223 P 39.11 27.28 194
224 P 39.27 27.29 235
225 P 42.20 27.37 99
226 P 39.86 27.38 273
227 P 39.62 27.36 381
228 P 40.01 27.36 436
229 P 39.46 27.46 488
230 P 39.36 27.45 441
231 P 39.58 27.48 175
232 P 39.88 27.50 257
233 P 39.72 27.52 251
234 P 38.91 27.54 293
235 P 40.05 27.53 264
236 P 39.46 27.54 234
237 P 39.51 27.52 400
238 P 38.78 27.51 429
239 P 39.28 27.51 570
240 P 38.87 27.55 734
241 P 38.41 27.63 785
242 P 38.95 27.64 637
243 P 38.49 27.63 750
244 P 38.14 27.73 977
245 P 38.35 27.80 798
246 P 38.09 27.84 621
247 P 40.09 27.67 75
