% Nframe | type | QP | PSNR | size (Bytes) 
0 I 18.38 44.54 7941
1 P 19.29 43.83 817
2 P 19.65 43.63 1207
3 P 19.93 43.53 1564
4 P 19.63 43.44 1864
5 P 20.06 43.54 1957
6 P 19.67 43.51 1954
7 P 19.38 43.38 1982
8 P 20.19 43.47 1919
9 P 20.32 43.36 1813
10 P 20.10 43.56 1984
11 P 19.26 43.46 2305
12 P 20.82 42.78 1699
13 P 16.54 44.61 3478
14 P 14.71 45.95 4201
15 P 13.39 46.82 4087
16 P 12.48 47.48 5208
17 P 12.01 47.87 6304
18 P 11.57 48.12 7056
19 P 11.08 48.51 7506
20 P 10.62 48.73 7305
21 P 10.26 49.02 7384
22 P 9.92 49.24 8753
23 P 9.65 49.51 9613
24 P 9.51 49.68 9471
25 P 9.40 49.55 10242
26 P 9.42 49.52 9427
27 P 9.32 49.64 9578
28 P 9.42 49.56 9483
29 P 9.45 49.62 9653
30 P 9.60 49.40 9711
31 P 9.61 49.47 9619
32 P 9.73 49.47 9063
33 P 9.89 49.40 8885
34 P 10.18 48.99 9043
35 P 10.26 48.95 9273
36 P 10.38 48.83 9161
37 P 10.55 48.84 7882
38 P 10.83 48.58 7340
39 P 10.94 48.49 7931
40 P 11.09 48.43 7805
41 P 11.33 48.20 7270
42 P 11.54 48.09 7133
43 P 11.69 48.00 6746
44 P 11.81 47.90 6953
45 P 11.80 47.79 6832
46 P 11.80 47.83 6320
47 P 11.88 47.77 5829
48 P 12.05 47.67 4983
49 P 12.13 47.73 4943
50 P 12.22 47.69 5243
51 P 12.37 47.59 5672
52 P 12.50 47.47 5466
53 P 12.52 47.50 4889
54 P 12.53 47.49 5412
55 P 12.59 47.44 4950
56 P 12.52 47.35 4695
57 P 12.80 47.27 4924
58 P 12.88 47.33 5387
59 P 12.74 47.27 5970
60 P 12.65 47.31 6800
61 P 12.55 47.40 7059
62 P 12.42 47.45 6860
63 P 12.38 47.46 6964
64 P 12.36 47.40 6473
65 P 12.41 47.37 5916
66 P 12.42 47.35 6200
67 P 12.40 47.39 6095
68 P 12.30 47.46 5896
69 P 12.32 47.49 6492
70 P 12.35 47.43 6717
71 P 12.30 47.39 6875
72 P 12.31 47.31 6667
73 P 12.43 47.45 6225
74 P 12.54 47.30 5667
75 P 12.55 47.29 6555
76 P 12.65 47.20 6925
77 P 12.60 47.27 7266
78 P 12.39 47.31 7976
79 P 12.49 47.30 7739
80 P 12.48 47.21 7823
81 P 12.61 47.02 7406
82 P 12.65 46.96 7503
83 P 12.68 47.08 6922
84 P 12.77 47.12 6660
85 P 12.82 47.10 6596
86 P 12.78 47.05 6425
87 P 12.82 47.13 6692
88 P 12.89 47.08 6777
89 P 12.90 47.14 6785
90 P 12.99 47.05 6659
91 P 13.12 46.94 6323
92 P 13.12 46.99 6642
93 P 13.22 46.96 6371
94 P 13.15 47.00 5958
95 P 13.25 46.89 5893
96 P 13.22 46.83 5534
97 P 13.15 46.94 5150
98 P 13.14 46.90 5403
99 P 13.26 46.83 5464
100 P 13.27 46.87 5411
101 P 13.34 46.65 4997
102 P 13.32 46.58 5408
103 P 13.23 46.69 5866
104 P 13.20 46.74 6105
105 P 13.25 46.72 5971
106 P 13.14 46.80 5656
107 P 13.25 46.84 5579
108 P 13.30 46.83 5385
109 P 13.28 46.80 5372
110 P 13.26 46.96 5285
111 P 13.03 46.92 5151
112 P 13.15 46.92 4865
113 P 12.88 46.94 4748
114 P 12.82 47.13 4959
115 P 12.85 47.01 4794
116 P 13.04 47.04 5038
117 P 13.34 46.98 5041
118 P 13.00 46.95 5196
119 P 13.03 46.95 5229
120 P 12.93 46.84 5053
121 P 13.02 46.86 4785
122 P 12.97 46.93 5008
123 P 13.05 46.98 4682
124 P 13.05 47.06 4746
125 P 12.93 47.01 5072
126 P 13.19 47.04 5055
127 P 13.00 46.84 4968
128 P 12.83 46.91 5256
129 P 12.90 47.12 5389
130 P 12.86 47.22 5423
131 P 12.77 47.34 5387
132 P 12.43 47.52 5556
133 P 12.37 47.43 5611
134 P 12.30 47.48 5338
135 P 12.42 47.46 4956
136 P 12.45 47.36 5236
137 P 12.34 47.49 5427
138 P 12.23 47.49 5218
139 P 12.38 47.44 4952
140 P 12.54 47.39 5519
141 P 12.55 47.40 5923
142 P 12.44 47.42 5904
143 P 12.46 47.39 5590
144 P 12.41 47.51 6371
145 P 12.60 47.37 6400
146 P 12.58 47.38 6634
147 P 12.52 47.78 7727
148 P 12.71 47.59 8335
149 P 12.77 47.34 9075
150 P 12.78 47.26 8970
151 P 12.61 47.49 8821
152 P 12.85 47.42 8255
153 P 12.75 47.50 8917
154 P 12.82 47.37 8842
155 P 12.83 47.62 9206
156 P 12.83 47.65 8547
157 P 12.93 47.68 8224
158 P 13.13 47.69 8201
159 P 13.18 47.71 8216
160 P 13.10 47.80 8165
161 P 12.93 47.93 8520
162 P 12.83 48.32 7782
163 P 12.52 48.57 7265
164 P 12.08 49.12 6477
165 P 11.69 49.74 5785
166 P 11.44 49.67 5759
167 P 11.54 49.51 6031
168 P 11.38 49.63 6293
169 P 11.57 49.54 6534
170 P 11.71 49.20 6935
171 P 12.08 49.03 6809
172 P 12.41 48.53 6767
173 P 12.72 48.52 6843
174 P 13.20 47.83 8198
175 P 13.55 47.56 8105
176 P 13.76 47.38 7779
177 P 13.71 47.57 7816
178 P 13.70 47.54 7746
179 P 13.86 47.22 8110
180 P 14.01 46.87 8092
181 P 14.02 46.72 8812
182 P 14.25 46.62 8851
183 P 14.47 46.50 8669
184 P 14.73 46.25 8840
185 P 14.68 46.24 9156
186 P 14.81 46.10 8588
187 P 14.90 45.98 8776
188 P 14.78 46.05 8880
189 P 14.91 46.22 7966
190 P 14.94 46.19 7754
191 P 15.07 46.08 7871
192 P 15.05 45.80 8456
193 P 15.23 45.52 8473
194 P 15.60 45.37 7982
195 P 15.65 45.29 7952
196 P 15.62 45.31 8594
197 P 15.94 45.11 8327
198 P 15.74 45.13 8119
199 P 15.90 44.93 8000
200 P 15.99 44.60 8950
201 P 16.14 44.18 10492
202 P 16.27 43.78 11990
203 P 16.37 43.52 13340
204 P 16.67 43.37 11504
205 P 16.65 43.35 11547
206 P 16.69 43.31 11716
207 P 16.62 43.35 12014
208 P 16.71 43.40 7999
209 P 16.65 43.43 8678
210 P 16.65 43.49 6270
211 P 16.75 43.46 6512
212 P 16.83 43.45 6492
213 P 16.85 43.46 7079
214 P 16.92 43.33 7040
215 P 17.08 43.14 6942
216 P 17.06 43.17 7287
217 P 17.09 43.30 5151
218 P 17.21 43.20 4084
219 P 17.30 43.08 2355
220 P 17.28 43.19 1312
221 P 17.23 43.16 1022
222 P 17.27 43.33 1080
223 P 17.24 43.55 746
224 P 17.12 43.54 740
225 P 17.49 43.64 1331
226 P 17.44 43.43 2965
227 P 17.50 43.17 3516
228 P 17.47 42.96 3679
229 P 17.41 43.02 2224
230 P 17.28 43.03 1888
231 P 17.12 43.29 929
232 P 17.33 43.22 1159
233 P 17.38 43.28 1081
234 P 17.08 43.40 1115
235 P 17.02 43.34 1948
236 P 16.98 43.42 1467
237 P 16.89 43.34 2712
238 P 16.88 43.42 3338
239 P 16.90 43.37 4290
240 P 16.82 43.38 5332
241 P 16.84 43.30 4583
242 P 16.81 43.37 4836
243 P 16.70 43.41 5261
244 P 16.57 43.54 5731
245 P 16.48 43.58 3216
246 P 16.37 43.76 3332
247 P 18.20 42.58 1742
