% Nframe | type | QP | PSNR | size (Bytes) 
0 I 41.28 29.39 1230
1 P 41.29 29.18 20
2 P 43.61 29.10 35
3 P 43.61 28.85 47
4 P 45.56 28.62 64
5 P 44.96 28.46 86
6 P 44.39 28.47 84
7 P 43.72 28.15 89
8 P 44.04 28.09 97
9 P 41.21 28.10 72
10 P 45.07 28.41 56
11 P 44.04 28.39 64
12 P 47.16 27.73 32
13 P 44.34 28.28 83
14 P 43.66 28.92 149
15 P 40.98 29.43 190
16 P 38.18 30.01 308
17 P 38.19 30.54 397
18 P 36.52 30.87 529
19 P 35.92 31.26 649
20 P 35.03 31.57 512
21 P 34.26 32.04 466
22 P 33.55 32.73 643
23 P 34.28 33.30 697
24 P 31.61 33.87 777
25 P 31.50 34.18 868
26 P 31.89 34.28 680
27 P 31.76 34.51 648
28 P 31.83 34.78 677
29 P 32.72 34.62 641
30 P 32.59 34.61 767
31 P 32.82 34.50 844
32 P 32.90 34.41 584
33 P 34.03 34.48 495
34 P 33.61 34.16 615
35 P 34.26 33.98 654
36 P 34.59 33.94 629
37 P 34.65 33.87 423
38 P 34.78 34.15 240
39 P 35.18 34.02 315
40 P 34.47 34.11 394
41 P 34.48 33.93 373
42 P 34.49 33.81 386
43 P 35.02 33.79 334
44 P 35.63 33.74 273
45 P 34.24 33.84 370
46 P 34.59 33.68 367
47 P 34.59 33.62 326
48 P 35.40 33.49 275
49 P 34.94 33.56 223
50 P 34.26 33.92 287
51 P 33.98 33.96 384
52 P 34.25 34.04 442
53 P 33.83 33.96 379
54 P 33.81 34.00 438
55 P 34.78 33.98 425
56 P 33.62 34.02 410
57 P 34.43 34.10 481
58 P 33.11 34.20 443
59 P 33.88 34.32 691
60 P 33.13 34.44 827
61 P 33.39 34.46 969
62 P 33.42 34.44 805
63 P 32.44 34.46 822
64 P 33.12 34.45 677
65 P 32.56 34.42 671
66 P 32.40 34.31 636
67 P 33.06 34.34 637
68 P 33.57 34.47 571
69 P 33.79 34.50 587
70 P 34.05 34.29 629
71 P 32.75 34.11 643
72 P 34.34 34.19 677
73 P 33.39 34.04 533
74 P 34.82 33.97 420
75 P 33.72 34.12 623
76 P 34.42 34.16 697
77 P 33.50 34.27 787
78 P 33.29 34.57 998
79 P 33.49 34.31 940
80 P 33.58 34.08 1009
81 P 33.81 33.82 953
82 P 33.85 33.75 1056
83 P 34.14 33.74 895
84 P 34.24 33.72 783
85 P 33.77 33.72 723
86 P 34.40 33.77 675
87 P 33.54 33.85 710
88 P 34.72 33.94 763
89 P 34.15 33.59 636
90 P 34.95 33.44 639
91 P 35.79 33.43 603
92 P 34.71 33.24 533
93 P 35.60 33.14 540
94 P 36.53 33.24 440
95 P 34.59 33.13 402
96 P 35.61 33.07 331
97 P 35.82 33.02 328
98 P 36.34 33.12 410
99 P 36.03 32.94 310
100 P 36.37 32.79 346
101 P 34.25 32.76 318
102 P 35.63 32.77 323
103 P 35.41 32.84 435
104 P 35.30 32.87 495
105 P 35.82 32.71 548
106 P 35.43 32.61 451
107 P 35.66 32.58 478
108 P 36.16 32.69 539
109 P 35.53 32.75 547
110 P 35.66 32.79 511
111 P 35.71 32.89 515
112 P 35.39 32.87 472
113 P 34.80 32.97 408
114 P 35.29 32.95 289
115 P 34.67 33.22 340
116 P 34.95 33.36 346
117 P 34.84 33.26 384
118 P 35.25 33.18 427
119 P 35.94 33.15 483
120 P 35.93 32.97 422
121 P 35.68 32.94 435
122 P 35.59 33.02 468
123 P 35.22 32.89 282
124 P 36.38 33.06 361
125 P 35.73 33.03 388
126 P 35.24 32.97 424
127 P 35.40 33.01 425
128 P 35.40 33.20 562
129 P 35.36 33.32 563
130 P 34.81 33.58 543
131 P 34.99 33.54 550
132 P 35.84 33.49 599
133 P 34.96 33.38 562
134 P 34.93 33.44 572
135 P 35.30 33.39 448
136 P 34.28 33.46 507
137 P 35.95 33.39 443
138 P 35.16 33.32 355
139 P 34.83 33.49 310
140 P 34.48 33.66 368
141 P 34.66 33.51 436
142 P 35.62 33.55 597
143 P 34.66 33.55 528
144 P 34.61 33.90 720
145 P 35.51 33.97 726
146 P 35.41 34.07 777
147 P 34.95 34.17 1017
148 P 34.37 33.66 958
149 P 34.51 33.28 1088
150 P 34.47 33.29 1154
151 P 33.62 33.42 1050
152 P 34.00 33.65 968
153 P 34.47 33.78 936
154 P 34.14 33.87 974
155 P 33.01 34.17 1051
156 P 32.74 34.54 1142
157 P 33.77 34.39 998
158 P 33.32 34.45 1114
159 P 33.00 34.55 1092
160 P 33.50 34.62 1102
161 P 33.09 35.02 1137
162 P 33.28 35.71 1031
163 P 32.15 36.25 1031
164 P 32.40 36.87 867
165 P 31.56 37.72 741
166 P 31.39 37.32 681
167 P 31.89 37.02 745
168 P 31.49 37.38 704
169 P 32.04 36.61 812
170 P 32.16 36.23 960
171 P 32.68 36.03 812
172 P 33.21 35.41 817
173 P 33.52 35.45 851
174 P 35.54 34.21 1013
175 P 35.13 33.92 989
176 P 35.45 33.65 865
177 P 35.43 33.77 896
178 P 36.25 33.75 862
179 P 35.47 33.18 935
180 P 35.56 33.06 850
181 P 36.01 32.73 960
182 P 35.86 32.37 910
183 P 35.72 32.16 935
184 P 36.63 31.73 916
185 P 36.76 31.30 838
186 P 36.71 31.24 911
187 P 36.82 30.92 826
188 P 36.69 30.86 793
189 P 36.99 31.09 731
190 P 36.79 31.09 807
191 P 37.36 30.83 769
192 P 37.20 30.54 781
193 P 37.54 30.28 677
194 P 37.80 30.06 699
195 P 38.14 29.96 657
196 P 38.29 29.78 635
197 P 38.22 29.53 691
198 P 38.52 29.20 503
199 P 38.11 29.11 700
200 P 38.00 28.75 662
201 P 39.21 28.05 633
202 P 39.52 27.42 617
203 P 39.39 26.81 708
204 P 39.78 26.48 604
205 P 39.88 26.41 494
206 P 39.98 26.35 357
207 P 40.11 26.19 352
208 P 39.91 26.19 223
209 P 39.04 26.27 271
210 P 40.26 26.25 109
211 P 40.69 26.22 124
212 P 40.24 26.22 165
213 P 39.77 26.19 174
214 P 39.60 26.17 169
215 P 39.26 26.10 162
216 P 41.04 26.16 189
217 P 40.19 26.19 115
218 P 40.41 26.23 115
219 P 38.36 26.25 97
220 P 38.61 26.28 65
221 P 39.53 26.35 70
222 P 39.40 26.35 49
223 P 38.72 26.39 50
224 P 38.23 26.38 29
225 P 39.11 26.47 40
226 P 38.31 26.56 78
227 P 40.97 26.60 63
228 P 38.74 26.58 76
229 P 39.60 26.63 91
230 P 39.37 26.66 130
231 P 39.50 26.69 64
232 P 38.66 26.71 78
233 P 37.73 26.72 68
234 P 38.85 26.75 69
235 P 40.62 26.74 35
236 P 37.29 26.76 91
237 P 37.73 26.77 65
238 P 39.72 26.86 127
239 P 38.12 26.89 129
240 P 38.49 26.90 138
241 P 38.37 26.99 185
242 P 38.00 27.01 115
243 P 39.66 27.01 151
244 P 38.80 27.02 140
245 P 38.90 27.04 131
246 P 37.70 27.09 116
247 P 39.00 27.00 19
