% Nframe | type | QP | PSNR | size (Bytes) 
0 I 24.38 39.79 4663
1 P 25.13 39.47 286
2 P 25.68 39.20 446
3 P 26.66 39.02 591
4 P 26.35 38.95 779
5 P 26.91 38.81 773
6 P 27.32 39.01 899
7 P 26.42 38.97 918
8 P 26.95 38.96 753
9 P 26.29 38.96 736
10 P 26.42 38.92 740
11 P 26.60 38.88 944
12 P 28.97 37.95 553
13 P 25.15 39.46 1575
14 P 21.15 40.86 2047
15 P 19.60 41.91 2106
16 P 19.02 42.75 2412
17 P 18.12 43.39 3088
18 P 17.33 43.80 3670
19 P 17.10 44.21 3608
20 P 16.36 44.72 3582
21 P 15.73 45.08 3331
22 P 15.40 45.45 4172
23 P 15.16 45.58 4581
24 P 14.66 46.09 4778
25 P 14.53 45.97 4843
26 P 14.70 45.84 4220
27 P 14.68 45.94 4225
28 P 14.69 45.91 4281
29 P 14.84 45.85 4549
30 P 14.74 45.73 4745
31 P 15.18 45.61 4532
32 P 15.20 45.66 4267
33 P 15.30 45.63 4245
34 P 15.36 45.45 4494
35 P 15.52 45.27 4416
36 P 15.60 45.26 4361
37 P 15.88 45.16 3343
38 P 16.06 45.01 3052
39 P 16.11 44.94 3597
40 P 16.12 44.97 3665
41 P 16.39 44.75 3362
42 P 16.64 44.65 3231
43 P 16.82 44.58 3077
44 P 16.78 44.50 3132
45 P 16.94 44.41 3167
46 P 17.07 44.28 2981
47 P 17.70 44.29 2669
48 P 17.68 44.23 2252
49 P 17.45 44.29 2297
50 P 17.66 44.30 2440
51 P 18.01 44.22 2882
52 P 17.48 44.08 2878
53 P 18.01 44.09 2434
54 P 17.68 44.04 2733
55 P 17.76 44.13 2697
56 P 17.56 44.07 2398
57 P 18.10 43.94 2587
58 P 17.77 43.95 2877
59 P 18.02 43.92 3397
60 P 17.40 44.01 3949
61 P 17.27 44.16 4166
62 P 17.27 44.17 3934
63 P 17.16 44.21 3930
64 P 17.45 44.20 3650
65 P 17.42 44.14 3173
66 P 17.17 44.19 3416
67 P 17.47 44.21 3329
68 P 17.52 44.30 3054
69 P 17.28 44.27 3550
70 P 17.16 44.19 3742
71 P 17.08 44.07 3524
72 P 17.04 44.08 3653
73 P 17.24 44.03 3176
74 P 17.44 44.02 2904
75 P 17.50 43.85 3388
76 P 17.71 43.72 3678
77 P 17.50 43.88 3979
78 P 17.55 43.93 4376
79 P 17.58 43.84 4314
80 P 17.42 43.82 4571
81 P 17.69 43.59 4278
82 P 17.95 43.52 4281
83 P 17.89 43.59 3983
84 P 17.85 43.57 3603
85 P 17.89 43.57 3529
86 P 17.88 43.65 3413
87 P 17.97 43.63 3507
88 P 17.93 43.60 3602
89 P 17.98 43.51 3652
90 P 18.09 43.51 3613
91 P 18.15 43.49 3426
92 P 18.45 43.41 3560
93 P 18.81 43.29 3350
94 P 18.58 43.34 3011
95 P 18.54 43.31 2960
96 P 18.68 43.20 2845
97 P 18.81 43.23 2538
98 P 18.57 43.18 2676
99 P 19.21 43.08 2707
100 P 18.52 43.05 2733
101 P 18.99 43.03 2450
102 P 18.59 42.97 2772
103 P 18.98 42.96 3010
104 P 19.03 42.90 3119
105 P 19.50 42.96 3176
106 P 19.51 42.96 2832
107 P 18.61 43.12 2956
108 P 19.20 43.06 2844
109 P 18.87 43.00 2786
110 P 19.72 43.16 2806
111 P 18.92 43.23 2830
112 P 18.62 43.22 2476
113 P 19.06 43.33 2491
114 P 18.91 43.38 2471
115 P 18.98 43.31 2502
116 P 18.99 43.33 2624
117 P 19.33 43.22 2659
118 P 19.10 43.23 2681
119 P 19.39 43.13 2758
120 P 19.41 43.18 2697
121 P 20.13 43.17 2513
122 P 20.45 43.11 2565
123 P 19.95 43.07 2436
124 P 19.58 43.17 2369
125 P 20.17 43.20 2581
126 P 19.74 43.28 2619
127 P 19.49 43.07 2455
128 P 19.45 43.22 2732
129 P 19.07 43.39 2845
130 P 19.03 43.67 2956
131 P 19.22 43.80 2933
132 P 19.48 43.74 2990
133 P 18.32 43.83 3052
134 P 20.30 43.77 2698
135 P 19.07 43.68 2387
136 P 19.60 43.65 2755
137 P 19.38 43.65 2675
138 P 19.54 43.50 2394
139 P 18.59 43.62 2467
140 P 19.23 43.60 2855
141 P 19.70 43.54 2995
142 P 19.54 43.63 3132
143 P 20.17 43.56 2738
144 P 18.88 43.74 3335
145 P 18.61 43.69 3476
146 P 19.01 43.76 3621
147 P 18.53 43.91 4168
148 P 18.24 43.68 4492
149 P 18.60 43.42 4932
150 P 18.32 43.37 5005
151 P 18.10 43.57 4733
152 P 18.31 43.45 4484
153 P 18.28 43.64 4803
154 P 18.12 43.67 4948
155 P 18.28 43.86 5151
156 P 18.26 43.88 4586
157 P 18.38 44.06 4471
158 P 18.55 44.06 4569
159 P 18.54 44.11 4629
160 P 18.68 44.17 4567
161 P 18.50 44.40 4709
162 P 18.41 44.89 4307
163 P 17.90 45.32 4052
164 P 17.60 46.15 3536
165 P 17.20 46.82 3003
166 P 17.11 46.76 2968
167 P 17.41 46.48 3159
168 P 17.05 46.42 3187
169 P 17.08 46.21 3414
170 P 17.34 45.83 3747
171 P 17.66 45.72 3709
172 P 18.05 45.25 3557
173 P 18.28 45.09 3653
174 P 19.03 44.24 4479
175 P 19.51 44.00 4552
176 P 19.43 43.74 4370
177 P 19.40 43.90 4320
178 P 19.43 43.82 4350
179 P 19.63 43.47 4422
180 P 19.64 43.24 4517
181 P 19.80 42.91 4905
182 P 20.05 42.65 4847
183 P 20.35 42.59 4713
184 P 20.52 42.37 4839
185 P 20.49 42.25 4985
186 P 20.45 42.24 4838
187 P 20.74 41.97 4776
188 P 20.58 41.97 4754
189 P 20.69 42.06 4333
190 P 20.78 41.96 4155
191 P 21.00 41.79 4202
192 P 20.82 41.50 4602
193 P 21.10 41.18 4497
194 P 21.57 41.07 4212
195 P 21.57 40.92 4168
196 P 21.55 41.00 4450
197 P 21.80 40.81 4473
198 P 21.75 40.71 3995
199 P 21.91 40.58 4045
200 P 22.01 40.04 4429
201 P 22.19 39.50 5458
202 P 22.29 38.86 6045
203 P 22.42 38.38 6828
204 P 22.74 38.07 5611
205 P 22.74 38.04 5541
206 P 22.81 37.95 5362
207 P 22.72 38.06 5275
208 P 22.79 38.09 3216
209 P 22.78 38.04 3278
210 P 22.83 38.06 2482
211 P 22.79 38.07 2322
212 P 22.94 37.98 2698
213 P 22.81 37.93 2888
214 P 22.98 37.96 2937
215 P 23.18 37.77 2648
216 P 23.25 37.73 2814
217 P 23.33 37.71 1819
218 P 23.33 37.74 1561
219 P 23.29 37.74 833
220 P 22.79 37.89 580
221 P 23.15 37.93 351
222 P 23.73 37.95 360
223 P 23.44 38.23 314
224 P 23.15 38.19 203
225 P 23.84 38.36 294
226 P 23.45 38.10 657
227 P 23.50 37.96 1153
228 P 23.51 37.77 1292
229 P 23.28 37.86 900
230 P 22.87 37.97 941
231 P 23.26 38.11 322
232 P 23.42 38.18 521
233 P 23.05 38.23 453
234 P 22.53 38.34 427
235 P 22.31 38.26 692
236 P 23.17 38.30 440
237 P 22.73 38.29 1059
238 P 22.67 38.27 1239
239 P 22.66 38.24 1574
240 P 22.60 38.43 2058
241 P 22.49 38.45 1376
242 P 22.38 38.46 1806
243 P 22.22 38.49 2065
244 P 22.36 38.55 2215
245 P 21.98 38.61 1137
246 P 22.04 38.62 1167
247 P 24.15 37.95 380
