% Nframe | type | QP | PSNR | size (Bytes) 
0 I 26.67 40.23 24232
1 P 28.73 39.79 1169
2 P 29.52 39.69 2327
3 P 29.95 39.74 3217
4 P 29.31 39.81 3685
5 P 28.77 39.83 3965
6 P 29.25 39.96 3818
7 P 29.21 39.86 3090
8 P 29.99 39.51 3228
9 P 30.38 39.21 3355
10 P 29.94 39.41 3727
11 P 30.05 39.64 4231
12 P 34.76 38.40 1503
13 P 33.82 38.21 2284
14 P 31.99 38.52 3993
15 P 30.05 39.01 3410
16 P 28.53 39.96 4082
17 P 28.04 40.42 6431
18 P 26.37 40.69 7444
19 P 25.48 40.66 8415
20 P 24.67 40.38 8995
21 P 24.04 40.68 6922
22 P 23.81 41.18 8874
23 P 23.64 41.47 12388
24 P 22.87 41.80 12197
25 P 22.38 41.81 13920
26 P 22.31 41.86 13017
27 P 21.88 42.20 11646
28 P 21.76 42.34 11170
29 P 21.83 42.08 13225
30 P 22.22 41.96 15272
31 P 22.31 41.95 14774
32 P 22.40 42.10 14251
33 P 22.70 42.17 12038
34 P 22.59 41.92 13635
35 P 23.13 41.61 13323
36 P 23.29 41.49 12208
37 P 23.79 41.28 8388
38 P 24.05 41.39 6127
39 P 24.29 41.46 7662
40 P 24.35 41.40 7815
41 P 24.77 41.25 6986
42 P 25.25 41.09 6185
43 P 25.37 40.95 5951
44 P 25.29 40.93 5523
45 P 25.40 40.92 5648
46 P 26.23 40.70 5434
47 P 27.23 40.31 5401
48 P 27.79 40.22 4813
49 P 27.90 40.50 3486
50 P 28.00 40.74 3908
51 P 27.23 40.65 5378
52 P 26.60 40.43 6005
53 P 27.04 40.48 5454
54 P 27.26 40.48 5845
55 P 26.79 40.35 5990
56 P 26.30 40.36 6173
57 P 26.75 40.40 6052
58 P 26.10 40.64 6615
59 P 25.78 40.84 8656
60 P 25.04 41.02 10459
61 P 25.04 40.98 9816
62 P 25.04 40.76 9423
63 P 25.02 40.61 9924
64 P 24.95 40.57 9019
65 P 24.89 40.54 8094
66 P 24.83 40.66 8319
67 P 24.64 40.80 8156
68 P 24.93 40.92 7548
69 P 24.86 40.78 8124
70 P 24.85 40.68 8806
71 P 25.06 40.68 8559
72 P 25.19 40.53 8479
73 P 25.17 40.29 7721
74 P 25.42 40.22 7353
75 P 25.33 40.50 8657
76 P 25.64 40.68 9623
77 P 25.43 41.01 11324
78 P 25.01 41.16 11897
79 P 25.70 41.17 11752
80 P 25.53 40.87 12504
81 P 25.69 40.61 13224
82 P 25.46 40.32 12492
83 P 25.24 40.32 11428
84 P 25.39 40.53 10470
85 P 25.34 40.60 9317
86 P 25.33 40.73 8451
87 P 25.21 40.78 8619
88 P 25.27 40.71 8432
89 P 25.85 40.61 8657
90 P 26.02 40.41 8337
91 P 26.26 40.30 9069
92 P 26.08 40.31 9144
93 P 26.16 40.22 8662
94 P 26.95 40.27 6251
95 P 26.87 40.11 6384
96 P 27.47 40.04 5796
97 P 27.42 40.09 5268
98 P 27.42 40.06 5951
99 P 27.11 39.79 6172
100 P 27.16 39.58 6487
101 P 27.27 39.56 5787
102 P 27.83 39.69 5842
103 P 27.38 40.04 7397
104 P 28.72 39.93 7188
105 P 27.55 39.77 8528
106 P 27.19 39.91 7207
107 P 27.75 39.76 6303
108 P 27.47 39.79 6760
109 P 26.85 39.79 6854
110 P 27.12 39.88 6982
111 P 27.06 39.86 6858
112 P 27.37 39.89 6352
113 P 27.45 39.89 5874
114 P 27.41 40.01 4905
115 P 28.58 40.14 5044
116 P 27.83 40.20 5762
117 P 27.93 40.17 6075
118 P 28.59 40.20 6409
119 P 28.06 40.01 7182
120 P 28.19 39.90 6918
121 P 28.76 39.92 7081
122 P 28.40 39.88 6973
123 P 28.62 40.04 5822
124 P 28.29 40.17 5059
125 P 28.28 40.09 5568
126 P 28.36 39.94 5792
127 P 28.22 39.87 7254
128 P 28.05 40.20 8127
129 P 27.64 40.43 8267
130 P 27.79 40.72 9161
131 P 27.47 40.79 8790
132 P 27.97 40.62 7994
133 P 28.15 40.34 8577
134 P 27.77 40.25 7455
135 P 27.64 40.33 6306
136 P 27.79 40.24 7025
137 P 28.46 40.23 6667
138 P 27.86 40.08 5875
139 P 27.75 40.25 4443
140 P 27.77 40.25 6503
141 P 27.79 40.42 7757
142 P 28.26 40.50 7899
143 P 27.86 40.87 7103
144 P 27.56 41.03 8509
145 P 27.97 41.05 8998
146 P 26.92 41.18 9473
147 P 26.49 41.12 11420
148 P 25.96 40.74 12740
149 P 26.21 40.47 13536
150 P 25.80 40.60 13229
151 P 25.71 40.81 12284
152 P 25.32 41.04 11877
153 P 25.13 41.31 12446
154 P 25.00 41.47 12714
155 P 25.02 41.73 12773
156 P 24.92 41.93 13246
157 P 25.07 42.24 15914
158 P 24.98 42.59 17649
159 P 25.03 42.80 18007
160 P 25.10 42.78 17749
161 P 24.93 43.09 17733
162 P 24.73 43.83 15354
163 P 24.42 44.65 13355
164 P 24.16 45.33 11905
165 P 23.73 45.92 10011
166 P 23.58 45.77 9752
167 P 23.67 45.75 9664
168 P 23.63 45.85 9862
169 P 23.61 45.15 11002
170 P 24.11 44.75 12575
171 P 24.43 44.62 13265
172 P 24.64 44.15 13526
173 P 25.02 44.03 13796
174 P 26.12 43.18 15878
175 P 26.31 42.68 16693
176 P 26.45 42.21 14380
177 P 26.58 41.75 10778
178 P 26.58 41.33 11724
179 P 26.64 40.96 11802
180 P 26.82 40.70 12151
181 P 27.17 40.37 12898
182 P 27.26 40.03 12603
183 P 27.57 39.83 12107
184 P 27.84 39.36 12800
185 P 28.22 38.98 13043
186 P 28.23 38.61 13672
187 P 28.41 38.36 12879
188 P 28.40 38.37 11867
189 P 28.38 38.57 10296
190 P 28.56 38.46 10872
191 P 28.66 38.15 11182
192 P 28.92 37.81 12063
193 P 29.03 37.51 12262
194 P 29.21 37.36 10738
195 P 29.86 37.12 10474
196 P 29.92 36.76 12901
197 P 29.99 36.59 14380
198 P 29.99 36.47 11112
199 P 30.30 36.22 11929
200 P 30.77 35.81 13111
201 P 30.76 35.34 16520
202 P 31.10 34.67 17682
203 P 31.31 33.89 20160
204 P 31.47 33.09 19610
205 P 31.75 32.53 16552
206 P 31.86 32.41 11319
207 P 32.25 31.66 13093
208 P 32.40 31.67 7844
209 P 32.25 31.80 6003
210 P 32.57 31.74 5026
211 P 32.44 31.76 4619
212 P 32.30 31.94 4618
213 P 32.66 31.94 4071
214 P 32.73 31.87 3575
215 P 32.94 31.77 3452
216 P 33.03 31.67 3379
217 P 33.22 31.60 2718
218 P 33.69 31.51 2525
219 P 33.58 31.49 2075
220 P 33.73 31.55 1366
221 P 33.59 31.57 1435
222 P 33.88 31.60 1129
223 P 33.77 31.65 1049
224 P 33.59 31.65 985
225 P 33.78 31.58 1329
226 P 33.75 31.56 2125
227 P 33.46 31.54 2602
228 P 33.51 31.53 2716
229 P 33.27 31.66 2533
230 P 33.01 31.67 2688
231 P 33.03 31.75 1629
232 P 33.40 31.76 1379
233 P 33.12 31.80 1510
234 P 32.35 31.84 1599
235 P 32.81 31.81 2269
236 P 32.69 31.84 1754
237 P 32.53 31.80 2524
238 P 32.64 31.81 2893
239 P 32.64 31.79 2738
240 P 32.49 31.81 3594
241 P 32.48 31.84 3942
242 P 32.54 31.88 4255
243 P 32.44 31.86 4286
244 P 32.24 31.98 5533
245 P 31.89 32.05 3848
246 P 32.04 32.06 3611
247 P 33.56 31.70 984
