% Nframe | type | QP | PSNR | size (Bytes) 
0 I 44.34 28.52 1604
1 P 45.00 28.37 21
2 P 49.03 28.24 40
3 P 47.56 28.03 66
4 P 48.08 27.77 121
5 P 47.24 27.62 148
6 P 46.91 27.46 170
7 P 48.04 27.17 164
8 P 48.63 27.09 122
9 P 47.04 26.98 78
10 P 47.33 27.40 98
11 P 48.69 27.49 86
12 P 49.82 27.44 75
13 P 50.17 27.27 82
14 P 49.45 27.48 115
15 P 46.71 27.81 78
16 P 46.03 28.22 186
17 P 44.99 28.60 258
18 P 43.91 28.78 403
19 P 42.89 28.96 408
20 P 43.08 28.96 378
21 P 41.07 29.29 381
22 P 40.35 29.81 423
23 P 40.10 30.46 587
24 P 38.82 30.89 673
25 P 38.53 31.02 675
26 P 39.12 31.12 570
27 P 36.60 31.73 832
28 P 37.56 32.04 699
29 P 37.50 31.94 615
30 P 36.72 31.86 670
31 P 37.50 32.01 812
32 P 37.45 32.19 696
33 P 38.06 32.34 634
34 P 38.23 32.11 717
35 P 37.84 31.92 800
36 P 37.86 31.78 751
37 P 37.85 31.81 547
38 P 37.33 32.18 326
39 P 38.45 32.16 352
40 P 38.72 32.07 391
41 P 39.76 31.95 410
42 P 38.95 31.84 420
43 P 39.39 31.79 366
44 P 37.08 31.72 351
45 P 39.01 31.90 397
46 P 38.99 31.61 336
47 P 38.61 31.46 341
48 P 40.29 31.32 267
49 P 39.57 31.45 237
50 P 40.17 31.72 326
51 P 39.20 31.78 369
52 P 38.67 31.68 413
53 P 39.42 31.69 391
54 P 38.72 31.63 442
55 P 39.10 31.53 400
56 P 39.16 31.53 415
57 P 38.22 31.60 495
58 P 38.35 31.89 473
59 P 38.58 32.15 637
60 P 38.08 32.40 797
61 P 37.83 32.22 902
62 P 38.06 32.06 784
63 P 37.74 31.93 756
64 P 37.49 31.86 687
65 P 37.82 31.84 596
66 P 37.99 31.86 695
67 P 37.53 31.99 627
68 P 36.97 32.06 571
69 P 38.06 31.98 606
70 P 37.98 31.88 581
71 P 37.79 31.96 687
72 P 38.33 31.86 658
73 P 38.33 31.71 470
74 P 39.30 31.62 361
75 P 39.16 31.67 541
76 P 39.11 31.87 623
77 P 38.42 32.29 823
78 P 38.57 32.50 928
79 P 37.89 32.33 960
80 P 38.85 31.92 876
81 P 38.80 31.65 911
82 P 38.26 31.59 962
83 P 39.01 31.60 901
84 P 39.12 31.46 698
85 P 38.07 31.60 783
86 P 38.00 31.76 697
87 P 37.94 31.74 685
88 P 38.44 31.76 687
89 P 39.31 31.56 703
90 P 40.42 31.48 643
91 P 40.11 31.42 531
92 P 39.47 31.23 529
93 P 40.75 31.12 621
94 P 40.42 31.05 468
95 P 39.59 31.03 460
96 P 39.62 31.06 375
97 P 41.39 31.02 348
98 P 40.12 30.92 331
99 P 40.56 30.78 389
100 P 39.66 30.67 362
101 P 39.47 30.64 353
102 P 40.96 30.61 334
103 P 40.54 30.82 449
104 P 39.65 30.84 498
105 P 39.71 30.70 556
106 P 40.42 30.71 453
107 P 40.12 30.46 428
108 P 39.47 30.59 451
109 P 40.84 30.61 477
110 P 39.17 30.69 547
111 P 40.30 30.76 533
112 P 39.87 30.70 400
113 P 40.22 30.72 371
114 P 40.23 30.91 402
115 P 39.80 31.01 338
116 P 40.13 30.99 352
117 P 40.33 30.97 374
118 P 40.88 31.03 436
119 P 40.33 30.86 440
120 P 41.58 30.72 368
121 P 40.90 30.81 444
122 P 40.69 30.80 414
123 P 41.13 30.85 356
124 P 41.18 30.84 364
125 P 41.37 30.81 365
126 P 40.69 30.73 377
127 P 40.31 30.75 370
128 P 40.80 30.94 504
129 P 40.26 31.16 530
130 P 39.78 31.68 628
131 P 39.28 31.78 579
132 P 38.87 31.42 614
133 P 40.15 31.34 580
134 P 39.49 31.24 497
135 P 39.84 31.15 399
136 P 39.04 31.10 440
137 P 39.15 31.11 519
138 P 40.76 30.99 336
139 P 39.62 31.07 332
140 P 39.44 31.32 404
141 P 40.09 31.44 471
142 P 39.63 31.61 565
143 P 38.98 31.88 560
144 P 39.76 31.99 545
145 P 39.01 32.17 715
146 P 39.57 32.41 830
147 P 39.56 32.33 986
148 P 38.37 31.75 1011
149 P 39.26 31.53 1061
150 P 39.56 31.58 1133
151 P 39.08 31.97 1096
152 P 38.84 32.11 913
153 P 38.67 32.38 968
154 P 37.38 32.59 1000
155 P 36.20 32.68 996
156 P 37.79 32.97 1065
157 P 36.71 32.96 986
158 P 37.25 32.91 1129
159 P 37.17 33.00 1216
160 P 37.25 33.25 1288
161 P 37.37 33.36 1181
162 P 36.92 34.17 1362
163 P 37.98 34.54 1127
164 P 35.96 35.16 1198
165 P 36.14 36.08 1061
166 P 35.96 35.87 1063
167 P 36.20 35.71 1087
168 P 36.80 35.79 1078
169 P 38.14 35.08 1104
170 P 36.70 34.25 1202
171 P 38.35 34.33 1176
172 P 37.54 33.39 974
173 P 38.37 33.16 941
174 P 40.58 32.63 1076
175 P 39.65 31.85 906
176 P 39.62 31.93 1009
177 P 39.68 31.78 873
178 P 40.50 31.67 907
179 P 41.30 31.13 824
180 P 40.26 30.91 831
181 P 40.56 30.75 909
182 P 41.46 30.23 837
183 P 41.46 30.08 931
184 P 41.24 29.59 898
185 P 41.93 29.39 824
186 P 41.79 28.88 763
187 P 41.53 28.77 884
188 P 41.26 28.66 803
189 P 42.01 28.93 864
190 P 42.05 28.84 849
191 P 41.21 28.61 736
192 P 41.67 28.45 759
193 P 42.39 28.14 711
194 P 42.61 27.87 693
195 P 43.36 27.61 606
196 P 43.30 27.50 644
197 P 43.39 27.20 753
198 P 43.18 27.02 602
199 P 43.92 26.70 533
200 P 44.06 26.40 548
201 P 43.83 25.85 585
202 P 44.16 25.43 553
203 P 44.86 24.80 548
204 P 44.76 24.28 588
205 P 45.09 23.97 694
206 P 45.31 23.85 645
207 P 45.22 23.64 545
208 P 45.52 23.61 222
209 P 45.91 23.65 326
210 P 45.61 23.65 175
211 P 45.33 23.64 188
212 P 44.89 23.70 232
213 P 46.23 23.62 222
214 P 45.76 23.63 232
215 P 45.90 23.66 243
216 P 45.38 23.74 214
217 P 46.03 23.76 154
218 P 45.81 23.74 89
219 P 42.80 23.73 66
220 P 45.57 23.76 48
221 P 45.04 23.78 59
222 P 44.97 23.78 41
223 P 44.19 23.81 34
224 P 44.53 23.82 35
225 P 45.04 23.89 30
226 P 44.53 23.97 43
227 P 46.17 24.03 73
228 P 44.00 24.03 37
229 P 44.88 24.07 80
230 P 45.72 24.08 83
231 P 45.92 24.11 59
232 P 42.16 24.13 49
233 P 45.90 24.15 58
234 P 43.76 24.15 42
235 P 46.45 24.17 42
236 P 43.62 24.18 63
237 P 45.42 24.21 74
238 P 44.84 24.23 59
239 P 44.86 24.26 108
240 P 44.50 24.27 102
241 P 45.34 24.28 82
242 P 44.65 24.33 100
243 P 43.95 24.32 115
244 P 44.13 24.39 165
245 P 42.68 24.42 136
246 P 44.47 24.46 103
247 P 44.00 24.40 15
