% Nframe | type | QP | PSNR | size (Bytes) 
0 I 24.48 41.20 20659
1 P 26.21 40.67 1229
2 P 25.70 40.53 2194
3 P 26.85 40.59 2982
4 P 27.68 40.66 3415
5 P 26.90 40.75 3659
6 P 26.34 40.76 3455
7 P 26.91 40.66 3088
8 P 27.43 40.27 3022
9 P 27.70 40.17 3744
10 P 27.44 40.32 3604
11 P 27.50 40.46 4244
12 P 32.33 39.20 1518
13 P 30.07 39.30 2973
14 P 27.77 39.90 4608
15 P 25.31 40.46 3880
16 P 24.22 41.30 4863
17 P 23.01 41.83 7313
18 P 22.22 42.13 8070
19 P 21.47 42.15 9254
20 P 20.96 42.06 9585
21 P 20.62 42.41 8428
22 P 20.44 42.86 10009
23 P 20.06 43.14 12346
24 P 19.68 43.46 11979
25 P 19.61 43.41 13601
26 P 19.38 43.38 12827
27 P 19.22 43.63 11365
28 P 18.95 43.83 11436
29 P 19.21 43.58 12757
30 P 19.36 43.37 14559
31 P 19.69 43.36 14142
32 P 19.67 43.45 12585
33 P 19.82 43.46 10896
34 P 19.90 43.22 12378
35 P 20.39 42.92 12068
36 P 20.42 42.78 11234
37 P 21.02 42.62 8120
38 P 21.44 42.68 6590
39 P 21.30 42.70 7790
40 P 21.08 42.64 8026
41 P 21.40 42.47 7247
42 P 21.86 42.34 6587
43 P 22.14 42.29 6263
44 P 22.43 42.22 5811
45 P 22.73 42.28 6041
46 P 22.87 42.02 5910
47 P 23.44 41.68 5864
48 P 23.16 41.62 5060
49 P 23.41 41.84 3910
50 P 23.54 42.02 4405
51 P 23.69 41.96 5930
52 P 23.17 41.78 6366
53 P 23.49 41.79 5706
54 P 22.87 41.81 6221
55 P 22.98 41.74 6417
56 P 22.93 41.69 6364
57 P 22.74 41.74 6772
58 P 22.62 41.88 6950
59 P 22.63 42.09 8689
60 P 22.45 42.25 9856
61 P 21.98 42.27 9720
62 P 22.13 42.07 9173
63 P 22.24 41.99 9802
64 P 21.99 41.92 8908
65 P 21.93 41.94 8143
66 P 21.97 41.98 8307
67 P 21.95 42.10 7994
68 P 21.79 42.19 7500
69 P 21.76 42.09 8047
70 P 21.79 41.95 8880
71 P 21.82 41.96 8564
72 P 21.75 41.85 8646
73 P 22.34 41.68 7667
74 P 22.54 41.58 7443
75 P 22.38 41.76 8632
76 P 22.73 41.98 9534
77 P 22.59 42.25 10342
78 P 22.35 42.50 11210
79 P 22.17 42.36 10801
80 P 22.60 42.02 11679
81 P 22.57 41.83 12277
82 P 22.70 41.61 11926
83 P 22.32 41.59 10618
84 P 22.34 41.80 9957
85 P 22.21 41.94 9077
86 P 22.23 42.01 8156
87 P 22.31 41.99 8467
88 P 22.64 41.92 8429
89 P 22.62 41.80 8485
90 P 22.73 41.66 8328
91 P 22.99 41.58 9012
92 P 23.04 41.51 8756
93 P 23.39 41.46 8426
94 P 23.50 41.55 6610
95 P 23.76 41.45 6485
96 P 23.32 41.31 6053
97 P 23.69 41.38 5520
98 P 23.95 41.29 6140
99 P 23.87 41.08 6533
100 P 23.70 40.92 6711
101 P 23.90 40.92 6171
102 P 23.92 41.04 6131
103 P 23.74 41.31 7278
104 P 24.28 41.29 7728
105 P 24.15 41.06 7985
106 P 24.17 41.19 7036
107 P 24.20 41.16 6825
108 P 24.21 41.10 6717
109 P 24.21 41.08 6740
110 P 23.69 41.20 7110
111 P 23.47 41.23 7014
112 P 23.19 41.20 6279
113 P 23.84 41.25 6161
114 P 24.01 41.34 5364
115 P 24.50 41.44 5261
116 P 24.22 41.47 5888
117 P 24.30 41.41 6090
118 P 24.71 41.42 6525
119 P 24.39 41.31 7009
120 P 24.45 41.24 7018
121 P 24.97 41.18 6809
122 P 24.20 41.18 7002
123 P 24.16 41.31 5838
124 P 24.62 41.43 5418
125 P 24.32 41.37 5780
126 P 24.16 41.27 6449
127 P 23.83 41.14 6948
128 P 24.34 41.37 7836
129 P 24.06 41.74 8249
130 P 23.67 42.01 8446
131 P 24.10 42.08 8314
132 P 24.18 41.91 7853
133 P 23.74 41.76 8565
134 P 23.78 41.65 7339
135 P 24.02 41.65 6551
136 P 23.89 41.56 7005
137 P 23.29 41.61 6886
138 P 23.94 41.40 5977
139 P 23.25 41.56 5017
140 P 24.10 41.53 6768
141 P 23.96 41.64 7732
142 P 23.94 41.68 7925
143 P 23.92 42.03 7306
144 P 23.91 42.21 8534
145 P 23.63 42.30 8733
146 P 23.67 42.42 9154
147 P 23.39 42.38 10687
148 P 23.19 41.94 11811
149 P 23.40 41.72 12726
150 P 22.98 41.79 12844
151 P 22.60 42.04 12138
152 P 22.41 42.19 11339
153 P 22.38 42.41 11770
154 P 22.35 42.63 12065
155 P 22.38 42.86 12065
156 P 22.35 43.05 11539
157 P 22.25 43.22 11498
158 P 22.22 43.42 13172
159 P 22.41 43.73 15851
160 P 22.50 43.90 16317
161 P 22.38 44.15 16068
162 P 22.16 44.86 14115
163 P 21.76 45.65 12924
164 P 21.36 46.29 11228
165 P 20.84 46.99 9548
166 P 20.83 47.07 9584
167 P 20.82 46.98 9476
168 P 20.75 46.94 9359
169 P 20.81 46.42 10737
170 P 21.23 45.93 11989
171 P 21.60 45.70 13038
172 P 21.87 45.26 13621
173 P 22.16 45.10 13750
174 P 23.10 44.22 15667
175 P 23.46 43.45 12634
176 P 23.48 43.24 11105
177 P 23.54 42.91 10631
178 P 23.66 42.64 11371
179 P 23.73 42.26 11825
180 P 23.93 42.07 11700
181 P 24.15 41.70 12600
182 P 24.29 41.53 12611
183 P 24.40 41.28 11922
184 P 24.84 40.80 12570
185 P 25.19 40.47 13223
186 P 25.17 40.14 13529
187 P 25.38 39.90 12626
188 P 25.42 39.86 11423
189 P 25.34 40.13 10624
190 P 25.29 40.02 10814
191 P 25.60 39.68 11208
192 P 25.78 39.40 12172
193 P 25.99 39.13 12116
194 P 26.44 38.97 10857
195 P 26.56 38.71 10761
196 P 26.82 38.52 12756
197 P 26.83 38.36 13970
198 P 26.91 38.18 10957
199 P 27.15 38.02 12170
200 P 27.36 37.58 13142
201 P 27.54 37.06 16022
202 P 27.76 36.34 17576
203 P 27.95 35.58 19987
204 P 28.26 34.63 19973
205 P 28.37 34.12 17415
206 P 28.55 34.04 11825
207 P 28.83 33.46 14311
208 P 28.85 33.44 8272
209 P 29.15 33.45 6747
210 P 29.23 33.42 5882
211 P 29.34 33.39 5959
212 P 29.28 33.51 4559
213 P 29.36 33.49 4940
214 P 29.39 33.42 4992
215 P 29.57 33.39 4496
216 P 29.95 33.31 3728
217 P 30.10 33.20 3529
218 P 30.08 33.19 2891
219 P 30.00 33.18 2337
220 P 29.93 33.27 1621
221 P 30.05 33.26 1302
222 P 29.92 33.31 1196
223 P 30.47 33.35 1221
224 P 29.89 33.33 993
225 P 30.40 33.27 1820
226 P 30.17 33.24 2514
227 P 30.33 33.21 3081
228 P 29.92 33.21 3338
229 P 29.91 33.33 2862
230 P 29.83 33.37 3138
231 P 29.53 33.47 1501
232 P 29.65 33.48 1574
233 P 29.58 33.53 1570
234 P 29.39 33.58 1462
235 P 29.73 33.53 2398
236 P 29.48 33.60 2195
237 P 29.31 33.56 3058
238 P 29.38 33.56 2654
239 P 29.15 33.55 3943
240 P 29.32 33.50 4337
241 P 29.15 33.57 5124
242 P 29.21 33.61 4822
243 P 28.77 33.63 5478
244 P 28.91 33.73 5997
245 P 28.83 33.83 3967
246 P 28.63 33.85 4126
247 P 30.99 33.36 929
