% Nframe | type | QP | PSNR | size (Bytes) 
0 I 37.87 33.61 8641
1 P 42.88 33.28 156
2 P 42.19 33.07 337
3 P 41.08 32.97 556
4 P 41.79 32.99 658
5 P 40.72 33.04 726
6 P 42.37 32.92 666
7 P 41.45 32.80 736
8 P 41.87 32.51 717
9 P 42.05 32.44 740
10 P 41.57 32.65 622
11 P 41.48 32.86 788
12 P 44.84 31.73 372
13 P 46.50 30.49 420
14 P 44.47 31.13 650
15 P 42.75 31.74 562
16 P 41.04 32.52 761
17 P 41.07 33.21 1116
18 P 40.01 33.54 1599
19 P 39.21 33.48 1698
20 P 37.45 33.28 1875
21 P 35.97 33.54 1531
22 P 35.48 34.21 1872
23 P 34.70 34.70 2394
24 P 34.19 35.06 2527
25 P 33.62 35.09 3030
26 P 34.22 35.17 2691
27 P 33.75 35.60 2524
28 P 32.93 35.94 2558
29 P 33.85 35.79 2776
30 P 34.02 35.73 3382
31 P 34.15 35.83 3474
32 P 33.79 35.93 3114
33 P 33.72 35.97 2785
34 P 34.27 35.83 3231
35 P 34.48 35.51 3179
36 P 34.90 35.49 3206
37 P 34.61 35.32 2079
38 P 34.57 35.53 1287
39 P 34.79 35.63 1814
40 P 34.40 35.62 1950
41 P 34.67 35.46 1792
42 P 35.22 35.30 1707
43 P 36.25 35.21 1441
44 P 34.71 35.17 1576
45 P 35.07 35.23 1514
46 P 35.81 35.00 1474
47 P 36.41 34.69 1375
48 P 37.01 34.56 1167
49 P 37.03 34.76 964
50 P 36.29 35.10 1220
51 P 36.66 35.17 1553
52 P 36.84 34.95 1644
53 P 36.29 34.98 1531
54 P 35.94 34.96 1744
55 P 35.53 34.85 1672
56 P 35.29 34.82 1717
57 P 36.27 34.91 1784
58 P 35.17 35.20 1928
59 P 35.57 35.50 2643
60 P 35.25 35.71 3249
61 P 34.35 35.58 3235
62 P 34.92 35.35 2941
63 P 34.82 35.26 2967
64 P 35.01 35.08 2482
65 P 35.34 35.05 2420
66 P 34.61 35.19 2501
67 P 34.97 35.36 2420
68 P 34.62 35.49 2221
69 P 34.34 35.33 2303
70 P 35.34 35.23 2446
71 P 35.65 35.25 2441
72 P 35.88 35.12 2300
73 P 36.06 34.87 1905
74 P 36.19 34.74 1675
75 P 35.97 35.02 2164
76 P 35.53 35.32 2543
77 P 35.69 35.66 3202
78 P 35.42 35.87 3506
79 P 35.38 35.77 3554
80 P 35.11 35.32 3605
81 P 35.87 34.97 3681
82 P 35.32 34.75 3755
83 P 35.12 34.74 3197
84 P 35.57 34.80 2962
85 P 34.92 34.97 2730
86 P 34.83 35.06 2458
87 P 34.88 35.04 2463
88 P 35.02 34.92 2625
89 P 35.77 34.79 2694
90 P 36.16 34.62 2442
91 P 36.91 34.67 2485
92 P 36.33 34.66 2408
93 P 36.63 34.55 2406
94 P 36.92 34.47 1855
95 P 37.27 34.35 1688
96 P 37.12 34.29 1478
97 P 37.65 34.31 1421
98 P 37.34 34.24 1540
99 P 37.84 33.95 1481
100 P 37.33 33.76 1637
101 P 37.58 33.77 1462
102 P 37.71 33.83 1509
103 P 37.00 34.22 1960
104 P 36.78 34.17 2005
105 P 37.62 33.87 2137
106 P 36.89 34.00 2033
107 P 37.36 33.85 1778
108 P 36.69 33.84 1891
109 P 36.63 33.78 1947
110 P 36.78 33.91 2130
111 P 37.41 33.88 1925
112 P 36.45 33.87 1782
113 P 37.53 33.97 1584
114 P 37.12 34.07 1321
115 P 37.52 34.26 1367
116 P 37.84 34.38 1541
117 P 37.83 34.34 1653
118 P 37.26 34.31 1742
119 P 37.72 34.19 1954
120 P 37.43 34.04 1880
121 P 38.10 33.98 1711
122 P 37.27 33.99 1849
123 P 37.85 34.07 1610
124 P 37.40 34.23 1491
125 P 38.21 34.18 1517
126 P 38.12 34.12 1570
127 P 37.94 33.98 1732
128 P 37.58 34.25 2227
129 P 36.86 34.45 2129
130 P 36.66 34.85 2405
131 P 36.49 34.90 2551
132 P 36.70 34.70 2317
133 P 36.94 34.49 2292
134 P 37.70 34.38 2036
135 P 37.22 34.42 1776
136 P 35.82 34.28 1905
137 P 37.63 34.26 1896
138 P 36.83 34.18 1517
139 P 37.22 34.37 1164
140 P 37.87 34.49 1579
141 P 36.49 34.63 1889
142 P 36.83 34.68 2104
143 P 36.56 35.07 2199
144 P 37.19 35.30 2405
145 P 36.49 35.37 2565
146 P 36.46 35.53 2878
147 P 37.30 35.37 3550
148 P 36.35 34.84 3873
149 P 35.78 34.55 4198
150 P 35.28 34.53 4235
151 P 34.98 34.95 3986
152 P 34.68 35.38 3456
153 P 34.81 35.76 3565
154 P 34.55 35.89 3630
155 P 34.65 36.02 3915
156 P 34.07 36.24 4321
157 P 34.22 36.56 5331
158 P 34.21 36.85 6240
159 P 34.12 37.23 6447
160 P 34.30 37.41 6549
161 P 34.54 37.67 6588
162 P 33.97 38.35 6005
163 P 33.91 39.09 5438
164 P 33.59 39.67 5012
165 P 33.06 40.45 4645
166 P 32.94 39.92 4198
167 P 33.88 39.48 4150
168 P 33.55 39.36 4145
169 P 34.15 38.77 4341
170 P 34.38 38.22 4761
171 P 34.04 38.21 5252
172 P 34.60 37.92 5353
173 P 34.97 38.04 5583
174 P 37.54 37.37 6061
175 P 37.01 36.17 5596
176 P 36.98 35.37 4523
177 P 36.78 34.75 2814
178 P 37.35 34.57 3157
179 P 37.97 34.26 3144
180 P 37.72 33.81 3020
181 P 38.26 33.55 3342
182 P 38.44 33.20 3168
183 P 38.73 33.03 3210
184 P 39.45 32.50 3157
185 P 39.44 32.01 2913
186 P 39.63 31.64 2954
187 P 39.91 31.36 3172
188 P 39.77 31.28 2718
189 P 39.46 31.45 2670
190 P 39.47 31.46 2858
191 P 39.57 31.19 2451
192 P 39.71 31.01 2792
193 P 39.94 30.69 2606
194 P 40.15 30.55 2566
195 P 40.49 30.28 2076
196 P 40.88 29.92 2438
197 P 41.12 29.66 2816
198 P 41.11 29.47 2256
199 P 41.70 29.33 2328
200 P 41.61 29.01 2357
201 P 41.70 28.47 2771
202 P 42.18 27.87 2783
203 P 42.34 27.22 3263
204 P 42.60 26.67 3095
205 P 42.80 26.23 2405
206 P 43.37 26.13 1894
207 P 43.35 25.62 2142
208 P 43.84 25.46 1196
209 P 43.97 25.42 1484
210 P 43.59 25.45 1059
211 P 43.75 25.43 890
212 P 43.45 25.54 1267
213 P 43.73 25.55 1391
214 P 43.59 25.52 1309
215 P 43.33 25.50 1168
216 P 43.53 25.48 1069
217 P 43.96 25.44 847
218 P 43.51 25.47 732
219 P 44.06 25.48 466
220 P 44.24 25.53 304
221 P 43.78 25.57 297
222 P 43.31 25.59 210
223 P 42.90 25.65 211
224 P 44.09 25.64 112
225 P 44.06 25.74 105
226 P 43.62 25.80 249
227 P 44.81 25.78 181
228 P 44.36 25.76 346
229 P 44.17 25.82 369
230 P 43.06 25.82 359
231 P 43.19 25.86 218
232 P 42.57 25.88 203
233 P 43.12 25.90 227
234 P 42.69 25.92 179
235 P 43.49 25.91 247
236 P 43.58 25.92 185
237 P 43.45 25.91 342
238 P 42.86 25.91 355
239 P 42.71 25.90 438
240 P 43.11 25.91 609
241 P 42.99 25.96 704
242 P 42.91 26.01 688
243 P 42.89 26.02 762
244 P 42.27 26.08 929
245 P 42.05 26.13 597
246 P 42.27 26.15 527
247 P 44.15 26.03 129
