% Nframe | type | QP | PSNR | size (Bytes) 
0 I 35.48 32.72 2275
1 P 37.75 32.59 46
2 P 37.85 32.32 70
3 P 38.36 31.85 124
4 P 37.45 31.92 175
5 P 38.32 31.75 141
6 P 38.02 31.71 156
7 P 38.13 31.65 198
8 P 38.20 31.61 150
9 P 35.89 31.67 143
10 P 37.88 31.93 142
11 P 39.57 31.92 148
12 P 43.87 30.89 77
13 P 38.88 31.69 152
14 P 36.50 32.37 382
15 P 34.59 33.05 494
16 P 32.01 33.76 644
17 P 30.65 34.75 1070
18 P 29.83 35.22 1207
19 P 29.26 35.68 1299
20 P 28.15 35.99 1147
21 P 27.07 36.51 972
22 P 27.20 37.20 1423
23 P 26.06 37.91 1708
24 P 25.20 38.30 1635
25 P 25.12 38.66 2052
26 P 25.70 38.76 1804
27 P 24.69 39.09 1629
28 P 25.58 39.25 1541
29 P 26.23 39.00 1644
30 P 26.39 38.66 1712
31 P 26.52 38.50 1854
32 P 27.41 38.44 1373
33 P 26.73 38.45 1331
34 P 26.99 38.22 1527
35 P 27.77 37.99 1527
36 P 28.77 37.78 1395
37 P 28.79 37.76 939
38 P 28.32 37.75 635
39 P 29.47 37.73 905
40 P 28.74 37.65 927
41 P 29.13 37.53 858
42 P 29.06 37.40 882
43 P 29.55 37.32 846
44 P 29.59 37.17 688
45 P 28.72 37.14 808
46 P 29.79 37.14 877
47 P 31.11 36.92 691
48 P 31.07 36.97 638
49 P 30.03 36.95 431
50 P 31.25 37.13 519
51 P 29.98 37.09 780
52 P 29.60 36.95 811
53 P 30.22 36.99 766
54 P 29.42 37.08 901
55 P 29.54 37.07 808
56 P 29.03 37.10 842
57 P 29.77 37.12 957
58 P 29.12 37.25 1009
59 P 29.19 37.10 1167
60 P 28.10 37.35 1464
61 P 27.89 37.35 1647
62 P 27.95 37.40 1418
63 P 27.96 37.51 1536
64 P 27.93 37.41 1291
65 P 28.13 37.38 1263
66 P 27.44 37.45 1379
67 P 27.78 37.46 1162
68 P 28.01 37.60 1168
69 P 28.54 37.39 1065
70 P 28.41 37.22 1236
71 P 29.15 37.32 1384
72 P 28.70 37.07 1243
73 P 29.37 37.08 1058
74 P 29.60 37.01 965
75 P 29.00 36.96 1162
76 P 28.81 37.12 1444
77 P 29.17 37.29 1583
78 P 29.10 37.40 1756
79 P 29.29 37.26 1694
80 P 29.39 36.82 1836
81 P 29.57 36.67 1805
82 P 29.63 36.51 1773
83 P 29.88 36.65 1699
84 P 29.52 36.65 1401
85 P 29.04 36.83 1400
86 P 28.77 36.78 1211
87 P 29.62 36.91 1290
88 P 29.40 36.82 1311
89 P 30.00 36.65 1260
90 P 29.88 36.45 1170
91 P 29.77 36.34 1201
92 P 30.21 36.36 1176
93 P 30.79 36.19 1089
94 P 30.89 36.24 891
95 P 30.72 36.26 840
96 P 31.02 36.26 754
97 P 30.06 36.14 684
98 P 30.80 36.02 799
99 P 29.90 35.95 773
100 P 31.18 35.86 763
101 P 31.27 35.95 761
102 P 31.72 35.91 704
103 P 32.13 35.86 854
104 P 31.22 35.86 1016
105 P 31.53 35.66 1046
106 P 31.63 35.71 1008
107 P 31.08 35.74 916
108 P 31.45 35.84 999
109 P 30.79 35.89 1006
110 P 31.50 35.92 992
111 P 30.74 35.99 1004
112 P 31.33 35.99 904
113 P 30.27 36.21 818
114 P 31.09 36.24 663
115 P 30.86 36.29 674
116 P 31.28 36.23 700
117 P 31.12 36.20 851
118 P 30.94 36.14 880
119 P 31.93 36.03 917
120 P 31.64 35.92 874
121 P 31.55 35.99 941
122 P 31.85 35.97 837
123 P 31.75 36.15 802
124 P 31.48 36.19 735
125 P 31.90 36.05 744
126 P 30.57 35.97 827
127 P 31.85 36.12 938
128 P 31.33 36.21 1095
129 P 30.30 36.48 1114
130 P 30.00 36.61 1001
131 P 29.79 36.79 1109
132 P 30.98 36.51 994
133 P 30.65 36.49 1036
134 P 31.26 36.41 962
135 P 30.72 36.50 889
136 P 31.50 36.33 800
137 P 31.01 36.32 850
138 P 31.09 36.36 721
139 P 30.82 36.39 553
140 P 31.58 36.49 747
141 P 31.00 36.55 1039
142 P 31.07 36.42 1169
143 P 31.18 36.49 986
144 P 30.01 36.65 1249
145 P 31.26 36.81 1308
146 P 30.96 37.03 1430
147 P 30.58 37.00 1674
148 P 30.19 36.61 1856
149 P 29.50 36.36 2078
150 P 29.08 36.39 2097
151 P 29.06 36.59 1911
152 P 28.85 36.71 1737
153 P 28.69 36.94 1832
154 P 28.21 37.13 1902
155 P 28.30 37.18 1859
156 P 28.66 37.30 1941
157 P 28.39 37.20 1965
158 P 28.80 37.38 2041
159 P 28.83 37.69 1967
160 P 29.03 37.75 1944
161 P 28.54 37.96 2039
162 P 28.32 38.59 1889
163 P 28.05 39.33 1842
164 P 27.49 40.05 1527
165 P 27.74 40.82 1272
166 P 26.90 40.36 1195
167 P 26.86 40.21 1398
168 P 26.87 40.52 1303
169 P 27.54 39.58 1357
170 P 27.58 39.11 1629
171 P 28.05 39.16 1442
172 P 28.37 38.39 1419
173 P 28.81 38.60 1535
174 P 30.37 37.66 1867
175 P 30.09 37.40 1761
176 P 30.55 36.98 1639
177 P 30.27 37.00 1658
178 P 30.61 36.72 1596
179 P 30.67 36.31 1745
180 P 30.72 36.30 1723
181 P 30.82 35.83 1796
182 P 30.83 35.64 1811
183 P 31.05 35.43 1699
184 P 31.49 35.03 1783
185 P 31.58 34.62 1659
186 P 31.58 34.39 1750
187 P 31.46 34.22 1703
188 P 31.88 34.39 1654
189 P 31.71 34.52 1459
190 P 31.78 34.57 1593
191 P 32.15 34.19 1429
192 P 32.40 33.95 1593
193 P 32.54 33.56 1545
194 P 32.86 33.35 1438
195 P 32.94 33.17 1377
196 P 33.12 33.11 1368
197 P 33.33 32.76 1452
198 P 33.44 32.70 1221
199 P 33.21 32.40 1336
200 P 33.17 32.03 1434
201 P 33.84 31.45 1712
202 P 33.98 30.73 1691
203 P 34.21 29.97 1706
204 P 34.46 29.51 1462
205 P 34.27 29.47 1267
206 P 34.39 29.45 900
207 P 34.60 29.37 804
208 P 34.83 29.31 475
209 P 34.50 29.32 542
210 P 34.51 29.38 300
211 P 34.41 29.28 269
212 P 34.43 29.32 376
213 P 34.85 29.28 312
214 P 34.74 29.19 298
215 P 35.28 29.21 335
216 P 35.04 29.14 297
217 P 35.27 29.21 366
218 P 35.29 29.25 240
219 P 35.06 29.26 158
220 P 34.90 29.35 168
221 P 36.55 29.37 72
222 P 35.25 29.41 137
223 P 34.60 29.47 147
224 P 34.40 29.50 104
225 P 36.03 29.56 85
226 P 34.93 29.57 163
227 P 34.69 29.50 140
228 P 34.43 29.50 226
229 P 34.80 29.60 263
230 P 34.28 29.61 277
231 P 34.80 29.66 89
232 P 34.25 29.69 138
233 P 34.30 29.75 186
234 P 33.58 29.78 134
235 P 32.76 29.82 221
236 P 34.50 29.86 141
237 P 34.21 29.88 170
238 P 34.07 29.92 242
239 P 33.80 29.88 276
240 P 33.50 29.98 363
241 P 33.12 30.01 272
242 P 33.13 30.02 329
243 P 33.60 30.02 294
244 P 33.12 30.09 419
245 P 33.33 30.17 331
246 P 32.94 30.22 306
247 P 34.33 30.08 35
