% Nframe | type | QP | PSNR | size (Bytes) 
0 I 20.20 43.51 10211
1 P 20.20 42.89 968
2 P 20.67 42.63 1470
3 P 20.95 42.61 1991
4 P 21.42 42.51 2104
5 P 20.72 42.44 2137
6 P 21.19 42.50 2118
7 P 21.90 42.50 1986
8 P 20.94 42.39 1788
9 P 21.51 42.35 2156
10 P 21.58 42.31 2122
11 P 20.92 42.44 2598
12 P 24.71 41.09 1117
13 P 20.97 42.66 3066
14 P 18.40 43.88 3926
15 P 16.94 44.65 3878
16 P 15.74 45.28 4950
17 P 15.27 45.83 5983
18 P 14.63 46.13 6619
19 P 14.18 46.34 6808
20 P 13.63 46.72 6884
21 P 13.44 46.85 6658
22 P 13.06 47.12 8479
23 P 12.80 47.34 8748
24 P 12.32 47.72 8945
25 P 12.11 47.79 10099
26 P 12.08 47.82 9578
27 P 12.02 47.90 9291
28 P 12.01 47.90 8996
29 P 12.22 47.73 9328
30 P 12.34 47.68 9810
31 P 12.45 47.62 10028
32 P 12.49 47.52 8577
33 P 12.57 47.64 8786
34 P 12.72 47.38 9013
35 P 12.89 47.25 9002
36 P 13.06 47.09 8841
37 P 13.34 46.97 7229
38 P 13.50 46.93 6872
39 P 13.66 46.89 7532
40 P 13.77 46.80 7356
41 P 13.96 46.70 6832
42 P 14.12 46.54 6837
43 P 14.35 46.55 6538
44 P 14.30 46.50 6365
45 P 14.40 46.36 6246
46 P 14.46 46.45 6050
47 P 14.58 46.21 5321
48 P 14.79 46.26 5097
49 P 14.93 46.20 4412
50 P 15.05 46.23 4943
51 P 14.83 46.10 5691
52 P 15.04 46.03 5677
53 P 14.87 46.05 5227
54 P 14.98 46.11 5762
55 P 15.13 46.04 5243
56 P 15.11 46.01 5290
57 P 15.06 46.05 5815
58 P 15.11 45.83 5830
59 P 15.06 45.76 6423
60 P 15.01 45.82 6731
61 P 14.87 45.93 7299
62 P 14.68 45.96 6646
63 P 14.75 46.03 6935
64 P 14.73 45.99 6626
65 P 14.85 46.03 6261
66 P 14.82 45.99 6471
67 P 14.65 46.10 5992
68 P 14.73 46.02 5838
69 P 14.77 45.94 6087
70 P 14.80 45.78 6719
71 P 15.02 45.88 6826
72 P 14.95 45.89 6908
73 P 15.03 45.90 6369
74 P 15.06 45.82 5893
75 P 15.19 45.70 6865
76 P 15.18 45.76 7462
77 P 15.17 45.80 7580
78 P 15.02 45.93 8020
79 P 15.04 45.83 7834
80 P 15.03 45.65 8249
81 P 15.02 45.64 8305
82 P 15.15 45.54 8140
83 P 15.12 45.52 7803
84 P 15.10 45.62 7477
85 P 15.23 45.73 6983
86 P 15.21 45.78 6835
87 P 15.24 45.70 6741
88 P 15.41 45.56 6872
89 P 15.44 45.55 7022
90 P 15.47 45.46 6815
91 P 15.64 45.39 6665
92 P 15.65 45.42 6870
93 P 15.70 45.27 6505
94 P 15.79 45.38 5608
95 P 15.84 45.33 5494
96 P 15.80 45.38 5595
97 P 15.84 45.31 5266
98 P 15.79 45.29 5822
99 P 15.90 45.27 5590
100 P 15.92 45.09 5617
101 P 15.78 45.17 5201
102 P 15.97 45.21 5516
103 P 15.93 45.15 6026
104 P 16.01 45.09 6048
105 P 16.26 45.08 5937
106 P 16.04 45.13 5927
107 P 15.67 45.17 5547
108 P 15.52 45.14 5416
109 P 16.18 45.21 5508
110 P 15.83 45.23 5580
111 P 15.73 45.23 5489
112 P 15.74 45.31 5044
113 P 15.39 45.36 5067
114 P 15.70 45.41 4891
115 P 15.69 45.37 5051
116 P 15.68 45.47 4915
117 P 15.90 45.45 5223
118 P 16.04 45.37 5187
119 P 15.95 45.37 5582
120 P 15.82 45.23 5311
121 P 16.00 45.36 5405
122 P 15.63 45.39 5398
123 P 15.61 45.46 5077
124 P 15.51 45.52 4866
125 P 15.75 45.37 4980
126 P 15.60 45.38 5062
127 P 16.29 45.27 5289
128 P 15.96 45.52 5937
129 P 15.69 45.66 5678
130 P 15.71 45.66 5452
131 P 15.94 45.74 5441
132 P 15.66 45.78 5575
133 P 15.75 45.73 5569
134 P 15.48 45.71 5609
135 P 15.14 45.73 5134
136 P 15.49 45.63 5143
137 P 15.79 45.64 5028
138 P 15.40 45.58 4913
139 P 15.74 45.61 4499
140 P 15.14 45.62 5591
141 P 15.38 45.58 5922
142 P 15.55 45.67 6052
143 P 15.41 45.60 5555
144 P 15.22 45.85 6210
145 P 15.64 45.75 6402
146 P 15.47 45.86 6701
147 P 15.27 45.97 7917
148 P 15.45 45.68 8471
149 P 15.56 45.49 9153
150 P 15.58 45.48 9210
151 P 15.35 45.72 8804
152 P 15.35 45.71 8639
153 P 15.51 45.67 8870
154 P 15.51 45.85 9235
155 P 15.57 46.11 9163
156 P 15.49 46.13 8986
157 P 15.59 46.15 8533
158 P 15.64 46.27 8657
159 P 15.73 46.32 8411
160 P 15.81 46.39 8478
161 P 15.70 46.56 8656
162 P 15.42 47.00 8017
163 P 15.09 47.57 7547
164 P 14.67 48.20 6508
165 P 14.17 48.78 5375
166 P 13.98 48.78 5417
167 P 13.94 48.74 5844
168 P 13.97 48.79 5798
169 P 14.07 48.46 5997
170 P 14.25 47.95 6685
171 P 14.75 47.93 6500
172 P 14.90 47.49 6878
173 P 15.04 47.41 7373
174 P 15.99 46.67 8645
175 P 16.07 46.32 8962
176 P 16.45 46.23 8793
177 P 16.43 46.06 8507
178 P 16.59 46.03 8629
179 P 16.62 45.73 9211
180 P 16.57 45.61 9188
181 P 16.81 45.25 9536
182 P 16.95 45.07 9677
183 P 16.96 45.00 9445
184 P 17.23 44.79 9868
185 P 17.51 44.52 9677
186 P 17.54 44.47 9911
187 P 17.59 44.38 9288
188 P 17.71 44.37 8690
189 P 17.80 44.47 8431
190 P 17.87 44.43 8725
191 P 17.93 44.10 8687
192 P 18.28 43.82 8944
193 P 18.37 43.71 9228
194 P 18.55 43.60 8811
195 P 18.74 43.51 8502
196 P 18.86 43.45 8934
197 P 19.00 43.36 9370
198 P 19.07 43.31 8379
199 P 19.04 43.10 9026
200 P 19.12 42.62 9967
201 P 19.44 41.92 11881
202 P 19.44 41.59 13730
203 P 19.79 40.80 14777
204 P 19.92 40.60 14863
205 P 19.79 40.72 13291
206 P 20.05 40.63 10592
207 P 20.01 40.58 12745
208 P 20.09 40.58 9900
209 P 19.98 40.57 10852
210 P 20.00 40.64 6775
211 P 20.19 40.47 6860
212 P 20.21 40.49 6663
213 P 20.33 40.45 7622
214 P 20.57 40.27 6525
215 P 20.67 40.13 6579
216 P 20.65 40.11 6616
217 P 20.88 40.03 6446
218 P 20.80 40.04 3308
219 P 20.95 40.02 2477
220 P 20.91 40.11 1331
221 P 20.73 40.11 1033
222 P 20.79 40.15 1006
223 P 20.75 40.41 841
224 P 20.95 40.35 616
225 P 21.45 40.32 1374
226 P 21.34 40.11 3702
227 P 21.24 39.96 4154
228 P 21.27 39.82 3618
229 P 21.14 39.98 2262
230 P 21.06 39.95 1894
231 P 20.40 40.16 1124
232 P 20.83 40.13 1143
233 P 20.71 40.19 1166
234 P 20.96 40.28 895
235 P 20.76 40.23 1830
236 P 20.69 40.26 1422
237 P 20.90 40.22 3032
238 P 20.74 40.16 3310
239 P 20.73 40.15 4604
240 P 20.58 40.25 4496
241 P 20.77 40.19 3288
242 P 20.53 40.33 5212
243 P 20.40 40.33 5582
244 P 20.14 40.52 5441
245 P 20.12 40.56 2760
246 P 20.13 40.61 2952
247 P 22.23 39.63 1443
