% Nframe | type | QP | PSNR | size (Bytes) 
0 I 47.02 28.80 2631
1 P 50.43 28.65 37
2 P 50.66 28.51 76
3 P 50.72 28.19 100
4 P 50.51 27.86 178
5 P 50.60 27.55 239
6 P 50.30 27.49 284
7 P 50.58 27.26 285
8 P 50.78 27.03 190
9 P 49.47 27.04 148
10 P 50.89 27.22 111
11 P 50.10 27.53 169
12 P 51.00 27.64 150
13 P 51.00 27.62 153
14 P 51.00 27.40 79
15 P 51.00 27.50 53
16 P 51.00 27.75 65
17 P 50.99 27.72 222
18 P 50.18 27.31 336
19 P 50.53 27.04 361
20 P 50.24 26.77 290
21 P 49.61 27.04 194
22 P 46.93 27.42 230
23 P 48.32 27.97 372
24 P 45.93 28.19 382
25 P 48.73 28.05 395
26 P 46.05 28.08 381
27 P 45.55 28.43 519
28 P 44.11 28.76 714
29 P 44.26 28.66 671
30 P 45.97 28.67 541
31 P 45.82 28.84 569
32 P 44.80 29.03 563
33 P 45.28 29.28 567
34 P 44.94 29.14 567
35 P 43.27 29.04 626
36 P 43.38 28.95 649
37 P 43.74 29.03 633
38 P 44.12 29.28 382
39 P 44.03 29.28 495
40 P 44.40 29.23 470
41 P 43.39 29.06 476
42 P 44.66 29.08 519
43 P 43.84 29.17 486
44 P 44.13 29.14 442
45 P 44.28 29.29 511
46 P 43.90 29.17 483
47 P 44.37 28.85 411
48 P 45.27 28.89 285
49 P 45.68 28.99 212
50 P 45.31 29.25 360
51 P 45.24 29.25 428
52 P 44.72 29.17 407
53 P 44.07 29.23 350
54 P 45.03 29.14 361
55 P 44.45 28.93 306
56 P 44.63 28.92 352
57 P 43.84 29.02 392
58 P 43.95 29.15 455
59 P 44.77 29.20 574
60 P 44.24 29.56 789
61 P 44.02 29.44 865
62 P 43.71 29.22 686
63 P 42.72 29.15 759
64 P 42.78 29.09 703
65 P 42.50 29.07 647
66 P 43.36 29.02 578
67 P 43.72 29.19 679
68 P 44.15 29.21 580
69 P 43.61 29.25 643
70 P 43.22 29.21 655
71 P 43.34 29.16 564
72 P 43.99 29.12 554
73 P 44.17 28.91 477
74 P 44.36 28.85 419
75 P 44.86 28.93 435
76 P 44.59 29.32 668
77 P 44.01 29.82 792
78 P 43.93 30.19 888
79 P 44.39 30.01 907
80 P 44.41 29.64 802
81 P 46.03 29.36 774
82 P 44.47 29.12 796
83 P 45.11 29.02 703
84 P 44.16 29.18 723
85 P 44.25 29.14 615
86 P 44.00 29.27 672
87 P 43.85 29.16 710
88 P 44.66 29.19 650
89 P 44.56 28.97 658
90 P 45.58 29.02 661
91 P 46.16 28.94 498
92 P 44.55 28.98 518
93 P 45.38 28.99 556
94 P 44.57 28.79 570
95 P 43.99 28.73 575
96 P 45.24 28.61 411
97 P 45.71 28.61 414
98 P 45.96 28.47 464
99 P 45.72 28.30 442
100 P 45.58 28.14 390
101 P 47.36 28.25 352
102 P 46.58 28.26 329
103 P 46.31 28.46 479
104 P 45.38 28.35 610
105 P 46.61 28.25 543
106 P 45.13 28.15 437
107 P 45.79 28.02 509
108 P 45.74 28.09 527
109 P 45.74 28.14 505
110 P 45.64 28.19 534
111 P 45.41 28.07 513
112 P 46.61 28.07 498
113 P 46.74 28.25 440
114 P 44.72 28.30 372
115 P 46.01 28.48 415
116 P 46.86 28.55 475
117 P 46.33 28.37 386
118 P 46.57 28.51 452
119 P 47.42 28.30 393
120 P 46.42 28.26 370
121 P 46.49 28.33 409
122 P 45.79 28.31 376
123 P 45.89 28.31 352
124 P 47.08 28.41 382
125 P 45.82 28.36 449
126 P 47.01 28.38 438
127 P 46.07 28.24 410
128 P 46.98 28.44 378
129 P 46.50 28.85 593
130 P 45.87 29.18 638
131 P 45.23 29.21 566
132 P 44.89 28.96 603
133 P 45.79 28.79 586
134 P 45.32 28.80 559
135 P 45.96 28.70 452
136 P 45.57 28.65 483
137 P 45.90 28.58 456
138 P 45.97 28.47 390
139 P 45.22 28.39 312
140 P 45.25 28.61 435
141 P 45.54 28.77 478
142 P 45.58 28.91 514
143 P 44.92 29.34 611
144 P 45.18 29.77 715
145 P 44.66 29.86 753
146 P 46.30 29.94 807
147 P 44.16 29.84 878
148 P 45.17 29.33 940
149 P 45.68 29.04 1052
150 P 45.08 29.21 1165
151 P 44.54 29.37 1034
152 P 44.55 29.71 1041
153 P 44.09 30.10 1141
154 P 44.33 30.11 1018
155 P 43.67 30.00 1069
156 P 42.47 29.98 1187
157 P 43.74 29.81 967
158 P 42.59 29.97 1461
159 P 42.57 30.33 1845
160 P 43.19 30.32 1808
161 P 43.19 30.72 1884
162 P 42.37 30.95 2071
163 P 42.43 31.42 1925
164 P 42.00 31.79 1941
165 P 42.26 32.33 1780
166 P 41.37 31.93 1484
167 P 42.66 32.22 1593
168 P 41.42 32.31 1544
169 P 42.03 31.70 1474
170 P 44.21 30.91 1447
171 P 42.29 31.09 1779
172 P 44.16 30.69 1785
173 P 44.10 30.59 1885
174 P 46.93 29.22 1805
175 P 45.84 28.70 1364
176 P 46.06 27.52 839
177 P 47.29 27.12 882
178 P 46.30 27.15 1118
179 P 46.79 26.70 1100
180 P 46.64 26.52 1011
181 P 47.70 26.48 933
182 P 47.77 26.25 1176
183 P 48.54 26.23 1357
184 P 48.57 25.84 1328
185 P 48.55 25.52 1084
186 P 49.57 25.23 991
187 P 49.40 25.04 1162
188 P 49.49 25.15 1430
189 P 49.37 25.25 846
190 P 49.07 25.09 1111
191 P 49.04 24.76 992
192 P 49.59 24.53 988
193 P 49.68 24.53 1232
194 P 50.60 24.22 516
195 P 50.33 23.99 982
196 P 50.16 23.80 940
197 P 50.56 23.72 929
198 P 50.31 23.55 800
199 P 50.62 23.37 809
200 P 50.75 23.16 832
201 P 50.61 23.05 1045
202 P 50.79 22.71 985
203 P 50.79 22.32 934
204 P 50.91 21.92 848
205 P 50.95 21.61 680
206 P 51.00 21.56 696
207 P 51.00 21.36 508
208 P 51.00 21.31 202
209 P 51.00 21.25 249
210 P 51.00 21.24 150
211 P 51.00 21.22 124
212 P 51.00 21.29 224
213 P 51.00 21.28 198
214 P 51.00 21.28 215
215 P 51.00 21.28 258
216 P 51.00 21.27 191
217 P 51.00 21.27 167
218 P 51.00 21.27 75
219 P 51.00 21.27 48
220 P 51.00 21.27 27
221 P 51.00 21.28 28
222 P 51.00 21.28 25
223 P 51.00 21.29 28
224 P 51.00 21.29 17
225 P 51.00 21.33 32
226 P 51.00 21.38 23
227 P 51.00 21.42 16
228 P 51.00 21.42 20
229 P 51.00 21.42 41
230 P 51.00 21.45 34
231 P 51.00 21.44 18
232 P 51.00 21.46 36
233 P 51.00 21.45 21
234 P 51.00 21.45 37
235 P 51.00 21.46 45
236 P 51.00 21.47 35
237 P 51.00 21.49 43
238 P 51.00 21.51 46
239 P 51.00 21.51 35
240 P 51.00 21.54 52
241 P 51.00 21.57 72
242 P 50.79 21.58 34
243 P 51.00 21.59 69
244 P 50.52 21.62 85
245 P 51.00 21.61 71
246 P 50.15 21.63 49
247 P 51.00 21.64 32
