% Nframe | type | QP | PSNR | size (Bytes) 
0 I 29.60 36.63 4004
1 P 32.18 36.31 104
2 P 30.55 36.06 195
3 P 31.95 35.81 322
4 P 33.28 35.72 400
5 P 32.08 35.75 494
6 P 31.50 35.66 403
7 P 33.07 35.68 461
8 P 33.20 35.59 348
9 P 32.94 35.49 296
10 P 33.00 35.78 406
11 P 32.47 35.65 453
12 P 35.43 34.74 140
13 P 33.61 35.55 592
14 P 28.78 36.65 1204
15 P 26.15 37.53 1319
16 P 24.68 38.36 1616
17 P 24.10 39.15 2100
18 P 23.14 39.75 2556
19 P 22.69 40.22 2777
20 P 21.73 40.62 2402
21 P 21.19 41.10 2374
22 P 20.51 41.62 3310
23 P 20.10 42.06 3505
24 P 19.50 42.65 3781
25 P 19.42 42.84 3960
26 P 19.35 42.78 3568
27 P 19.65 42.91 3253
28 P 19.55 42.92 3007
29 P 20.35 42.73 3316
30 P 20.29 42.39 3597
31 P 20.26 42.23 3632
32 P 20.72 42.27 2996
33 P 21.01 42.26 2760
34 P 20.97 41.90 3021
35 P 21.45 41.74 3045
36 P 21.93 41.37 2763
37 P 22.39 41.33 2062
38 P 22.43 41.31 1766
39 P 23.29 41.26 2076
40 P 22.79 41.15 2156
41 P 23.30 41.03 1934
42 P 23.39 40.88 1975
43 P 23.76 40.85 1931
44 P 23.74 40.67 1645
45 P 24.25 40.59 1743
46 P 23.36 40.52 1798
47 P 24.30 40.37 1522
48 P 24.86 40.52 1466
49 P 24.38 40.55 1165
50 P 24.45 40.59 1349
51 P 23.79 40.57 1808
52 P 24.50 40.43 1749
53 P 24.92 40.47 1680
54 P 24.18 40.46 1843
55 P 24.19 40.49 1774
56 P 24.13 40.50 1717
57 P 23.97 40.52 2059
58 P 23.71 40.46 1920
59 P 24.00 40.57 2563
60 P 23.13 40.51 2646
61 P 23.47 40.49 2889
62 P 23.14 40.49 2548
63 P 22.75 40.53 2670
64 P 23.17 40.53 2527
65 P 22.82 40.53 2306
66 P 23.11 40.48 2407
67 P 22.57 40.55 2210
68 P 23.16 40.65 2114
69 P 22.97 40.48 2093
70 P 23.47 40.42 2546
71 P 23.14 40.42 2469
72 P 23.61 40.36 2453
73 P 23.64 40.23 2090
74 P 23.81 40.21 2000
75 P 23.98 40.23 2355
76 P 24.57 40.31 2675
77 P 24.40 40.34 2831
78 P 23.65 40.59 3198
79 P 23.50 40.40 3006
80 P 23.52 40.14 3244
81 P 23.83 40.09 3307
82 P 24.29 39.97 3217
83 P 23.68 39.93 2938
84 P 24.00 40.02 2730
85 P 23.91 40.12 2662
86 P 23.72 40.14 2355
87 P 24.05 40.13 2332
88 P 24.00 40.00 2401
89 P 24.42 39.85 2414
90 P 24.23 39.73 2352
91 P 24.45 39.59 2267
92 P 24.42 39.68 2347
93 P 24.64 39.50 2183
94 P 24.75 39.55 1751
95 P 25.52 39.50 1695
96 P 25.79 39.46 1628
97 P 25.20 39.45 1544
98 P 25.07 39.32 1726
99 P 25.18 39.36 1769
100 P 25.08 39.24 1780
101 P 25.10 39.16 1561
102 P 25.16 39.12 1636
103 P 25.47 39.37 1987
104 P 25.67 39.29 2102
105 P 25.31 39.12 2142
106 P 26.61 39.14 1970
107 P 26.69 39.11 1839
108 P 26.34 39.16 1842
109 P 26.12 39.24 1901
110 P 25.90 39.22 1963
111 P 25.39 39.23 1886
112 P 25.37 39.28 1705
113 P 25.48 39.44 1603
114 P 25.44 39.46 1446
115 P 25.81 39.50 1537
116 P 25.81 39.58 1572
117 P 25.68 39.54 1787
118 P 26.22 39.41 1790
119 P 26.28 39.35 1918
120 P 26.44 39.26 1855
121 P 26.41 39.39 1847
122 P 26.15 39.48 1834
123 P 26.61 39.41 1569
124 P 26.09 39.53 1484
125 P 26.77 39.41 1629
126 P 26.53 39.44 1760
127 P 27.22 39.37 1768
128 P 26.75 39.58 2086
129 P 26.87 39.74 1999
130 P 26.65 39.86 1884
131 P 26.06 40.00 1995
132 P 26.48 39.92 2018
133 P 26.22 39.93 2045
134 P 25.99 39.87 1929
135 P 25.85 39.78 1665
136 P 26.33 39.81 1736
137 P 26.06 39.76 1649
138 P 25.67 39.75 1506
139 P 26.28 39.78 1253
140 P 26.57 39.76 1755
141 P 26.26 39.90 2058
142 P 26.35 39.92 2236
143 P 25.96 39.93 1916
144 P 26.29 40.02 2341
145 P 25.75 40.05 2320
146 P 25.96 40.30 2539
147 P 24.98 40.16 2981
148 P 24.33 39.83 3350
149 P 24.09 39.65 3636
150 P 24.14 39.65 3715
151 P 23.74 39.83 3463
152 P 23.66 40.02 3262
153 P 24.02 40.16 3388
154 P 23.87 40.26 3415
155 P 23.76 40.49 3491
156 P 23.72 40.62 3610
157 P 23.85 40.66 3455
158 P 23.78 40.88 3597
159 P 24.02 41.00 3409
160 P 24.22 41.05 3350
161 P 24.04 41.26 3464
162 P 23.71 42.00 3348
163 P 23.37 42.74 3115
164 P 22.96 43.46 2654
165 P 22.62 44.23 2156
166 P 22.03 43.96 2121
167 P 22.12 43.83 2413
168 P 22.14 43.77 2297
169 P 22.59 43.03 2414
170 P 22.84 42.61 2814
171 P 23.06 42.67 2562
172 P 23.49 42.12 2584
173 P 23.76 42.04 2670
174 P 25.28 41.12 3319
175 P 25.15 40.73 3260
176 P 25.08 40.57 3333
177 P 25.41 40.53 3100
178 P 25.51 40.31 3116
179 P 25.45 39.93 3364
180 P 25.36 39.83 3348
181 P 25.72 39.35 3343
182 P 25.87 39.15 3422
183 P 25.94 38.99 3288
184 P 26.25 38.66 3462
185 P 26.13 38.43 3418
186 P 26.51 38.19 3418
187 P 26.48 38.14 3381
188 P 26.88 38.11 3012
189 P 26.63 38.11 2813
190 P 26.88 38.12 3026
191 P 27.20 37.81 2937
192 P 27.26 37.51 3046
193 P 27.46 37.27 3138
194 P 27.48 37.07 2944
195 P 27.80 36.97 2816
196 P 28.04 36.96 2898
197 P 28.04 36.66 3060
198 P 28.07 36.59 2616
199 P 28.14 36.26 2801
200 P 28.21 35.83 3108
201 P 28.57 35.18 3684
202 P 28.65 34.53 4057
203 P 29.00 33.62 4131
204 P 29.24 33.03 3737
205 P 28.94 33.08 3308
206 P 29.24 33.05 2452
207 P 29.37 32.95 2479
208 P 29.53 32.90 1565
209 P 29.31 32.88 1886
210 P 29.60 32.91 1177
211 P 29.45 32.81 986
212 P 29.80 32.74 873
213 P 29.77 32.80 1241
214 P 29.93 32.76 927
215 P 29.90 32.70 1015
216 P 30.05 32.60 1040
217 P 30.23 32.64 1018
218 P 30.09 32.73 692
219 P 30.09 32.78 485
220 P 29.92 32.86 312
221 P 30.06 32.87 188
222 P 30.39 32.87 206
223 P 29.02 33.00 286
224 P 29.67 32.97 163
225 P 29.13 33.02 174
226 P 29.96 32.95 499
227 P 30.11 32.93 671
228 P 29.67 33.02 734
229 P 29.33 33.10 494
230 P 29.45 33.11 543
231 P 29.49 33.24 357
232 P 28.95 33.23 223
233 P 29.65 33.29 277
234 P 29.01 33.33 332
235 P 28.85 33.34 381
236 P 29.21 33.39 340
237 P 28.95 33.39 537
238 P 28.93 33.34 494
239 P 28.95 33.31 706
240 P 28.84 33.32 681
241 P 28.92 33.38 805
242 P 28.73 33.48 1052
243 P 28.57 33.54 1083
244 P 28.52 33.56 977
245 P 28.37 33.59 636
246 P 27.99 33.68 711
247 P 30.52 33.39 146
