% Nframe | type | QP | PSNR | size (Bytes) 
0 I 32.83 35.38 5335
1 P 34.54 35.01 110
2 P 35.41 34.67 204
3 P 36.53 34.68 395
4 P 34.95 34.62 532
5 P 35.44 34.49 476
6 P 35.06 34.52 590
7 P 35.85 34.37 569
8 P 36.70 34.25 481
9 P 36.37 34.21 438
10 P 35.20 34.39 443
11 P 35.93 34.50 580
12 P 38.07 33.42 208
13 P 37.82 33.75 480
14 P 35.29 34.32 821
15 P 33.09 34.99 886
16 P 31.18 35.89 1174
17 P 29.83 36.63 1843
18 P 29.10 37.08 2336
19 P 28.84 37.18 2366
20 P 27.56 37.48 2610
21 P 26.76 37.95 2113
22 P 26.05 38.52 2556
23 P 25.89 39.06 3279
24 P 25.03 39.43 3491
25 P 24.59 39.57 3922
26 P 24.77 39.70 3416
27 P 24.41 40.01 3085
28 P 24.40 40.23 3106
29 P 25.44 40.00 3378
30 P 24.83 39.82 3907
31 P 26.18 39.77 3865
32 P 26.05 39.72 3062
33 P 26.19 39.71 2891
34 P 26.06 39.61 3518
35 P 25.92 39.25 3458
36 P 26.50 39.13 3102
37 P 26.74 38.95 1940
38 P 27.94 38.98 1387
39 P 28.48 39.00 1831
40 P 27.76 38.87 2093
41 P 27.81 38.67 1852
42 P 28.01 38.57 1756
43 P 28.88 38.43 1545
44 P 29.05 38.43 1511
45 P 28.15 38.44 1662
46 P 30.39 38.07 1553
47 P 30.59 37.84 1515
48 P 30.59 37.73 1225
49 P 30.76 37.96 1006
50 P 30.30 38.31 1145
51 P 29.71 38.24 1638
52 P 29.33 38.07 1770
53 P 29.88 38.05 1519
54 P 30.01 38.00 1683
55 P 29.38 38.01 1717
56 P 29.13 38.00 1558
57 P 29.23 38.09 1740
58 P 28.22 38.12 1637
59 P 29.00 38.35 2535
60 P 28.45 38.59 2808
61 P 28.39 38.53 2989
62 P 27.85 38.36 2744
63 P 28.17 38.37 2781
64 P 28.60 38.28 2388
65 P 27.85 38.27 2243
66 P 27.41 38.30 2430
67 P 27.93 38.40 2299
68 P 27.46 38.52 2091
69 P 28.12 38.36 2207
70 P 27.56 38.33 2531
71 P 28.34 38.27 2426
72 P 28.14 38.19 2464
73 P 28.47 38.06 2092
74 P 28.66 37.97 2023
75 P 28.77 38.08 2279
76 P 29.03 38.21 2694
77 P 28.60 38.54 3231
78 P 28.28 38.70 3294
79 P 28.44 38.58 3404
80 P 28.79 38.22 3623
81 P 28.77 37.99 3560
82 P 29.51 37.76 3414
83 P 28.55 37.81 3198
84 P 28.57 37.89 2759
85 P 28.53 38.08 2756
86 P 28.29 38.33 2498
87 P 27.99 38.18 2529
88 P 28.40 38.11 2529
89 P 28.74 37.88 2538
90 P 29.02 37.74 2490
91 P 29.49 37.65 2410
92 P 29.57 37.53 2441
93 P 30.42 37.37 2227
94 P 30.10 37.40 1831
95 P 29.95 37.38 1740
96 P 29.31 37.28 1484
97 P 30.20 37.36 1323
98 P 30.57 37.12 1476
99 P 30.69 37.05 1699
100 P 29.81 36.95 1788
101 P 30.00 36.93 1496
102 P 30.76 36.84 1400
103 P 30.08 37.13 1918
104 P 30.13 37.05 2052
105 P 30.61 36.89 2209
106 P 30.47 36.99 1902
107 P 30.99 36.90 1767
108 P 30.64 36.93 1908
109 P 30.74 36.97 1867
110 P 30.47 37.16 2006
111 P 30.29 37.15 2013
112 P 30.66 37.11 1693
113 P 30.30 37.19 1550
114 P 30.17 37.30 1370
115 P 30.77 37.37 1272
116 P 30.47 37.37 1483
117 P 31.01 37.33 1709
118 P 31.29 37.29 1686
119 P 31.62 37.14 1986
120 P 31.03 37.07 1900
121 P 30.45 37.07 1853
122 P 31.12 37.11 1854
123 P 31.25 37.13 1508
124 P 31.32 37.29 1450
125 P 30.90 37.23 1593
126 P 31.26 37.11 1623
127 P 30.55 37.09 1767
128 P 30.91 37.24 2125
129 P 31.10 37.45 2088
130 P 30.31 37.88 2162
131 P 30.32 37.96 2246
132 P 30.70 37.80 2241
133 P 30.41 37.64 2194
134 P 30.36 37.57 1969
135 P 30.86 37.52 1632
136 P 30.70 37.45 1883
137 P 30.32 37.51 1900
138 P 30.92 37.37 1370
139 P 29.30 37.51 1168
140 P 30.93 37.62 1656
141 P 30.22 37.65 2069
142 P 31.15 37.70 2312
143 P 31.16 37.94 1988
144 P 30.72 38.15 2312
145 P 30.81 38.21 2397
146 P 30.99 38.33 2728
147 P 29.34 38.36 3358
148 P 28.76 37.85 3627
149 P 29.10 37.66 3919
150 P 29.11 37.62 4032
151 P 28.48 37.93 3754
152 P 28.02 38.16 3366
153 P 27.69 38.32 3460
154 P 27.91 38.50 3545
155 P 27.75 38.79 3697
156 P 27.47 39.00 3670
157 P 27.86 38.97 3465
158 P 27.78 39.09 3692
159 P 27.95 39.35 3783
160 P 28.25 39.31 3529
161 P 27.82 39.69 4041
162 P 27.39 40.31 3785
163 P 27.28 41.04 3578
164 P 26.55 41.86 3317
165 P 26.54 42.67 2842
166 P 26.15 42.40 2738
167 P 26.57 42.04 2740
168 P 26.31 42.02 2805
169 P 27.06 41.51 3058
170 P 26.83 41.08 3425
171 P 27.39 40.83 3385
172 P 27.52 39.94 2938
173 P 28.18 39.95 2837
174 P 29.63 39.41 3623
175 P 29.58 38.72 3302
176 P 29.36 38.46 3250
177 P 29.46 38.57 3124
178 P 29.39 38.19 3143
179 P 29.57 37.84 3331
180 P 29.50 37.49 3217
181 P 29.72 37.29 3701
182 P 30.10 36.98 3463
183 P 30.17 36.83 3425
184 P 30.93 36.29 3514
185 P 30.82 35.93 3633
186 P 31.06 35.62 3526
187 P 30.99 35.51 3542
188 P 30.97 35.61 3244
189 P 31.04 35.79 2714
190 P 30.67 35.81 3034
191 P 31.09 35.45 2961
192 P 31.38 35.16 3208
193 P 31.54 34.87 3117
194 P 31.82 34.59 2929
195 P 32.16 34.46 2833
196 P 32.16 34.27 2859
197 P 32.48 33.99 3246
198 P 32.42 33.82 2607
199 P 32.96 33.43 2599
200 P 33.23 32.98 2805
201 P 33.50 32.35 3498
202 P 33.60 31.79 3812
203 P 33.77 31.12 4375
204 P 33.96 30.33 3453
205 P 34.24 29.97 2854
206 P 34.04 29.98 2215
207 P 34.43 29.71 2000
208 P 34.22 29.66 1292
209 P 34.51 29.70 1211
210 P 34.16 29.70 939
211 P 34.54 29.66 845
212 P 34.15 29.81 960
213 P 34.65 29.82 915
214 P 34.25 29.78 906
215 P 34.55 29.79 779
216 P 34.65 29.71 870
217 P 35.29 29.72 622
218 P 34.35 29.68 503
219 P 34.61 29.65 221
220 P 34.58 29.71 289
221 P 35.12 29.75 241
222 P 35.91 29.75 169
223 P 35.23 29.83 221
224 P 34.81 29.85 277
225 P 35.58 29.92 232
226 P 34.90 29.94 382
227 P 34.86 29.92 404
228 P 34.57 29.86 421
229 P 34.97 29.98 561
230 P 34.67 29.97 515
231 P 34.98 30.02 201
232 P 33.86 30.03 268
233 P 34.25 30.08 354
234 P 33.98 30.11 311
235 P 34.21 30.11 372
236 P 34.02 30.14 319
237 P 33.79 30.16 513
238 P 33.84 30.18 486
239 P 33.99 30.17 601
240 P 34.04 30.13 633
241 P 33.89 30.26 961
242 P 33.46 30.33 832
243 P 32.80 30.32 875
244 P 33.12 30.39 1042
245 P 33.00 30.48 877
246 P 32.62 30.51 719
247 P 35.31 30.28 108
