% Nframe | type | QP | PSNR | size (Bytes) 
0 I 37.90 35.04 16198
1 P 43.00 34.65 340
2 P 42.30 34.33 715
3 P 41.04 34.33 1180
4 P 41.31 34.33 1489
5 P 41.48 34.44 1343
6 P 41.22 34.45 1494
7 P 40.37 34.27 1510
8 P 41.15 33.99 1552
9 P 41.38 33.84 1360
10 P 41.29 34.03 1317
11 P 41.56 34.23 1511
12 P 45.12 32.98 723
13 P 47.77 31.21 641
14 P 46.65 31.45 1051
15 P 44.95 32.07 732
16 P 43.54 33.07 1192
17 P 41.80 33.69 1541
18 P 41.89 33.96 2141
19 P 40.77 33.91 2389
20 P 41.30 33.52 2264
21 P 40.32 33.58 1828
22 P 39.01 34.20 2160
23 P 38.03 34.73 3114
24 P 37.05 34.87 2986
25 P 36.46 34.80 3695
26 P 36.19 34.91 3529
27 P 35.74 35.37 3511
28 P 35.05 35.58 3395
29 P 35.29 35.44 3976
30 P 35.82 35.37 4604
31 P 35.06 35.43 4530
32 P 35.78 35.60 4335
33 P 35.50 35.61 3993
34 P 34.83 35.53 4796
35 P 35.38 35.34 5041
36 P 35.25 35.32 4891
37 P 35.29 35.18 3356
38 P 35.82 35.40 2350
39 P 35.44 35.49 2960
40 P 35.54 35.57 3143
41 P 36.54 35.38 2674
42 P 36.48 35.25 2693
43 P 36.15 35.17 2450
44 P 35.82 35.13 2474
45 P 36.83 35.18 2407
46 P 36.68 35.04 2427
47 P 37.86 34.69 2103
48 P 38.33 34.60 1877
49 P 38.62 34.74 1472
50 P 37.12 34.99 1891
51 P 37.30 35.01 2338
52 P 37.34 34.82 2387
53 P 37.20 34.83 2409
54 P 37.67 34.80 2573
55 P 37.79 34.67 2678
56 P 37.75 34.67 2603
57 P 36.97 34.81 2829
58 P 36.47 35.13 2989
59 P 36.76 35.33 3793
60 P 36.91 35.52 4752
61 P 36.08 35.45 4811
62 P 36.16 35.24 4405
63 P 36.38 35.05 4470
64 P 36.29 34.97 4013
65 P 36.08 34.85 3572
66 P 36.12 35.03 3711
67 P 35.54 35.20 3756
68 P 36.16 35.31 3308
69 P 35.92 35.21 3423
70 P 36.40 35.14 3524
71 P 36.10 35.08 3669
72 P 37.34 34.98 3473
73 P 37.59 34.74 3017
74 P 38.06 34.64 2611
75 P 37.49 34.91 3253
76 P 37.18 35.20 3783
77 P 36.69 35.57 4707
78 P 37.01 35.73 5175
79 P 37.31 35.61 5072
80 P 36.42 35.26 5401
81 P 36.75 35.01 5449
82 P 36.61 34.76 5538
83 P 36.74 34.71 4803
84 P 36.39 34.82 4493
85 P 36.06 34.83 4276
86 P 35.97 34.88 3659
87 P 36.16 34.92 3774
88 P 36.58 34.83 3829
89 P 36.55 34.69 4029
90 P 37.58 34.50 3663
91 P 38.12 34.47 3486
92 P 37.75 34.49 3736
93 P 38.21 34.33 3500
94 P 38.12 34.28 2675
95 P 38.38 34.11 2598
96 P 38.64 34.05 2303
97 P 38.38 34.13 2184
98 P 38.51 34.01 2456
99 P 38.13 33.76 2491
100 P 38.12 33.56 2420
101 P 38.52 33.53 2194
102 P 39.11 33.63 2342
103 P 38.81 33.96 2805
104 P 38.32 33.93 3086
105 P 38.69 33.72 3127
106 P 38.86 33.84 2896
107 P 38.64 33.74 2764
108 P 38.16 33.73 2855
109 P 38.26 33.71 2969
110 P 38.31 33.83 3008
111 P 38.42 33.76 2839
112 P 37.83 33.69 2662
113 P 38.62 33.86 2389
114 P 38.38 33.94 1999
115 P 38.20 34.13 2285
116 P 38.99 34.22 2280
117 P 39.07 34.23 2347
118 P 38.69 34.25 2479
119 P 39.66 34.08 2820
120 P 40.08 33.89 2616
121 P 39.21 33.95 2744
122 P 39.40 33.94 2672
123 P 38.38 34.04 2251
124 P 39.02 34.18 2148
125 P 39.28 34.05 2223
126 P 39.10 33.94 2354
127 P 38.94 33.83 2721
128 P 39.42 34.06 3107
129 P 38.82 34.28 3124
130 P 37.94 34.64 3628
131 P 37.87 34.73 3741
132 P 38.36 34.54 3505
133 P 38.20 34.28 3523
134 P 38.85 34.11 2973
135 P 38.54 34.19 2731
136 P 38.50 34.09 2967
137 P 38.59 34.10 2925
138 P 38.86 33.97 2391
139 P 39.13 34.19 1802
140 P 39.09 34.29 2314
141 P 38.64 34.49 3028
142 P 38.06 34.60 3290
143 P 38.05 34.93 3160
144 P 38.53 35.18 3557
145 P 38.00 35.36 4004
146 P 37.98 35.36 4264
147 P 37.61 35.23 5411
148 P 36.94 34.76 5786
149 P 37.04 34.48 6234
150 P 37.14 34.57 6382
151 P 36.91 34.81 5743
152 P 36.46 35.15 4895
153 P 36.59 35.61 5194
154 P 36.91 35.58 5243
155 P 36.35 35.81 5647
156 P 36.20 35.89 5505
157 P 36.34 35.80 5960
158 P 35.80 36.48 8948
159 P 36.12 36.44 8829
160 P 36.18 36.96 10013
161 P 36.01 37.23 10142
162 P 36.03 37.68 9139
163 P 35.64 38.29 8840
164 P 35.30 38.55 7713
165 P 34.96 39.38 7510
166 P 34.68 39.36 7172
167 P 35.62 39.28 6666
168 P 35.46 39.19 6440
169 P 35.91 38.79 6851
170 P 36.47 38.39 7465
171 P 35.61 38.55 8589
172 P 36.48 38.13 8704
173 P 36.80 37.93 8879
174 P 39.31 37.36 9786
175 P 38.43 35.49 8000
176 P 38.79 34.32 5042
177 P 38.39 34.11 4971
178 P 38.99 34.04 5418
179 P 39.05 33.60 4960
180 P 39.81 33.31 4909
181 P 40.12 32.95 5105
182 P 40.02 32.78 5242
183 P 40.57 32.33 4918
184 P 41.36 31.91 4667
185 P 41.70 31.49 4457
186 P 41.59 31.21 5065
187 P 42.06 30.80 4738
188 P 41.51 30.79 4548
189 P 41.27 30.96 4683
190 P 41.75 30.93 3927
191 P 41.40 30.68 3987
192 P 42.14 30.40 4249
193 P 42.16 30.14 4345
194 P 42.17 29.97 3747
195 P 42.51 29.76 4001
196 P 42.91 29.43 3885
197 P 42.96 29.13 4139
198 P 43.15 28.98 3366
199 P 43.30 28.81 3190
200 P 43.34 28.50 3226
201 P 43.86 28.03 3969
202 P 44.14 27.51 4293
203 P 44.32 27.00 5024
204 P 44.50 26.47 4576
205 P 44.80 26.09 4888
206 P 44.66 25.98 3668
207 P 45.21 25.41 4097
208 P 45.67 25.19 2240
209 P 45.71 25.12 2783
210 P 45.92 25.12 1761
211 P 45.95 25.11 1833
212 P 45.78 25.24 2427
213 P 45.54 25.20 2804
214 P 45.67 25.20 2333
215 P 45.71 25.22 2453
216 P 45.96 25.12 2401
217 P 46.06 25.12 1843
218 P 46.34 25.11 1123
219 P 45.61 25.14 809
220 P 46.05 25.20 496
221 P 46.29 25.24 388
222 P 45.41 25.26 379
223 P 46.44 25.32 220
224 P 46.13 25.33 235
225 P 46.34 25.44 174
226 P 46.71 25.51 234
227 P 45.93 25.50 387
228 P 46.60 25.45 394
229 P 45.66 25.51 640
230 P 46.52 25.52 497
231 P 45.76 25.54 224
232 P 46.09 25.56 304
233 P 44.81 25.57 276
234 P 45.93 25.57 208
235 P 45.68 25.57 342
236 P 44.77 25.60 365
237 P 46.06 25.59 473
238 P 45.72 25.59 576
239 P 45.86 25.59 820
240 P 45.55 25.58 946
241 P 45.37 25.59 1050
242 P 45.10 25.64 1159
243 P 44.84 25.65 1244
244 P 44.96 25.69 1472
245 P 45.09 25.74 974
246 P 44.18 25.76 798
247 P 46.05 25.63 248
