% Nframe | type | QP | PSNR | size (Bytes) 
0 I 35.40 36.35 19383
1 P 38.57 35.92 547
2 P 39.68 35.69 1037
3 P 38.53 35.70 1529
4 P 38.97 35.82 1882
5 P 39.52 35.82 1896
6 P 38.28 35.79 1928
7 P 38.93 35.64 1850
8 P 38.96 35.42 1691
9 P 39.25 35.15 1647
10 P 39.25 35.46 1864
11 P 38.77 35.69 2112
12 P 41.72 34.46 901
13 P 44.35 33.03 811
14 P 42.53 33.50 1485
15 P 41.25 34.01 1067
16 P 39.75 34.94 1586
17 P 40.22 35.51 2227
18 P 38.86 35.70 2939
19 P 38.02 35.68 3462
20 P 36.78 35.29 3397
21 P 35.90 35.54 2823
22 P 35.07 36.07 3219
23 P 34.25 36.45 4976
24 P 33.09 36.71 4851
25 P 32.89 36.62 5369
26 P 32.85 36.70 5334
27 P 32.40 37.11 5003
28 P 32.42 37.33 4690
29 P 32.13 37.22 5788
30 P 32.71 37.07 6922
31 P 32.83 37.14 6914
32 P 32.55 37.32 6888
33 P 32.27 37.27 5739
34 P 32.15 37.21 7073
35 P 32.36 36.95 7249
36 P 32.44 36.91 6751
37 P 32.58 36.79 4759
38 P 32.87 37.01 3114
39 P 32.87 37.13 3919
40 P 32.74 37.13 4275
41 P 32.96 36.98 3774
42 P 33.33 36.84 3647
43 P 33.02 36.72 3320
44 P 33.76 36.63 3112
45 P 34.10 36.69 3304
46 P 34.67 36.54 2999
47 P 35.16 36.17 2863
48 P 35.97 36.03 2459
49 P 36.26 36.26 1981
50 P 35.53 36.46 2265
51 P 34.90 36.46 3001
52 P 35.46 36.30 3310
53 P 35.08 36.28 3034
54 P 35.28 36.26 3282
55 P 35.10 36.10 3571
56 P 35.16 36.11 3553
57 P 34.49 36.23 3612
58 P 34.59 36.56 3696
59 P 34.31 36.78 5095
60 P 34.19 36.97 6527
61 P 33.69 36.90 6236
62 P 33.84 36.63 5554
63 P 33.63 36.48 5893
64 P 33.81 36.40 5341
65 P 33.66 36.34 4710
66 P 33.54 36.49 4742
67 P 33.22 36.67 4700
68 P 33.51 36.71 4362
69 P 33.50 36.62 4538
70 P 33.64 36.52 5002
71 P 34.11 36.54 4896
72 P 34.56 36.42 4769
73 P 35.50 36.09 3976
74 P 34.78 36.04 3729
75 P 35.07 36.30 4412
76 P 34.69 36.57 5335
77 P 34.37 36.85 6616
78 P 34.04 37.02 6928
79 P 34.16 36.85 6658
80 P 34.37 36.58 7212
81 P 34.03 36.30 7450
82 P 34.13 36.08 7331
83 P 33.89 36.01 6548
84 P 33.63 36.14 6055
85 P 33.87 36.14 5496
86 P 33.57 36.24 5144
87 P 33.71 36.27 5052
88 P 34.06 36.22 5330
89 P 34.15 36.06 5212
90 P 35.29 35.90 4901
91 P 35.49 35.93 5068
92 P 35.34 35.90 4891
93 P 35.73 35.75 4626
94 P 35.57 35.72 3576
95 P 36.17 35.59 3434
96 P 35.99 35.54 3095
97 P 35.94 35.57 2767
98 P 36.22 35.52 3209
99 P 35.77 35.22 3307
100 P 36.13 35.01 3249
101 P 35.99 34.92 2910
102 P 36.66 35.01 2935
103 P 36.28 35.37 3518
104 P 36.66 35.36 4050
105 P 36.08 35.11 4163
106 P 36.79 35.23 3756
107 P 36.20 35.15 3619
108 P 36.12 35.13 3673
109 P 36.23 35.09 3764
110 P 35.87 35.23 3893
111 P 35.80 35.20 3816
112 P 36.11 35.21 3458
113 P 36.67 35.27 3208
114 P 36.18 35.38 2712
115 P 36.38 35.59 2675
116 P 36.48 35.67 2868
117 P 37.31 35.62 3142
118 P 36.85 35.68 3346
119 P 36.71 35.49 3630
120 P 37.80 35.36 3672
121 P 37.26 35.32 3607
122 P 36.73 35.36 3631
123 P 37.18 35.48 3046
124 P 37.54 35.57 2704
125 P 37.03 35.52 2940
126 P 37.16 35.38 2988
127 P 36.58 35.28 3530
128 P 36.59 35.59 4343
129 P 36.01 35.80 4350
130 P 35.80 36.08 4828
131 P 36.08 36.19 5123
132 P 35.73 35.95 4565
133 P 35.97 35.72 4602
134 P 36.30 35.61 3938
135 P 36.32 35.66 3587
136 P 36.26 35.56 3935
137 P 36.20 35.55 3769
138 P 36.48 35.44 3129
139 P 36.86 35.65 2330
140 P 37.15 35.76 2946
141 P 36.04 35.97 4145
142 P 36.09 36.04 4159
143 P 35.78 36.36 3989
144 P 35.46 36.62 4578
145 P 36.08 36.70 5134
146 P 36.41 36.75 5505
147 P 35.10 36.52 6825
148 P 35.17 36.17 7693
149 P 34.83 35.93 8345
150 P 34.54 35.93 8510
151 P 34.16 36.14 7641
152 P 34.07 36.46 6607
153 P 34.00 36.88 6846
154 P 34.28 37.06 6967
155 P 33.69 37.33 7457
156 P 33.53 37.42 7183
157 P 33.78 37.57 7933
158 P 33.66 37.94 10403
159 P 33.63 38.21 11617
160 P 33.81 38.32 11468
161 P 33.76 38.47 12037
162 P 33.66 39.04 10650
163 P 33.35 39.58 9910
164 P 32.98 40.22 9710
165 P 32.80 40.64 8081
166 P 32.63 40.94 8253
167 P 33.38 40.47 7377
168 P 33.42 40.72 7758
169 P 32.73 40.05 8094
170 P 33.22 39.85 9188
171 P 33.35 39.82 9949
172 P 33.68 39.39 10535
173 P 34.29 39.44 10616
174 P 36.26 38.62 11339
175 P 35.58 37.41 10231
176 P 35.86 36.54 6931
177 P 36.08 36.39 6655
178 P 36.22 35.86 6902
179 P 36.49 35.60 6938
180 P 36.55 35.35 6657
181 P 37.24 34.97 6824
182 P 37.48 34.79 6875
183 P 38.08 34.56 6863
184 P 38.05 34.01 6442
185 P 38.61 33.62 6480
186 P 38.46 33.18 6551
187 P 38.55 32.93 6762
188 P 38.54 32.75 5942
189 P 38.40 33.02 5884
190 P 38.47 32.96 5556
191 P 38.45 32.64 5782
192 P 38.96 32.40 5688
193 P 39.31 32.17 5702
194 P 39.29 32.03 5271
195 P 39.70 31.58 4914
196 P 39.88 31.20 5420
197 P 40.08 31.11 6277
198 P 40.15 30.83 4668
199 P 40.44 30.54 4790
200 P 40.66 30.26 5058
201 P 41.01 29.76 6032
202 P 41.00 29.23 7292
203 P 41.60 28.64 7573
204 P 41.67 28.07 7172
205 P 41.92 27.64 6354
206 P 42.00 27.56 4813
207 P 42.59 26.96 4613
208 P 42.80 26.75 3065
209 P 43.04 26.71 3340
210 P 42.81 26.70 2596
211 P 42.93 26.68 2621
212 P 42.69 26.88 3098
213 P 42.47 26.86 3117
214 P 42.62 26.80 2950
215 P 42.89 26.79 2914
216 P 42.88 26.72 3126
217 P 43.06 26.62 2105
218 P 43.13 26.59 1592
219 P 43.06 26.65 1253
220 P 43.17 26.71 733
221 P 43.08 26.75 615
222 P 43.43 26.75 392
223 P 43.00 26.85 524
224 P 42.36 26.85 383
225 P 43.74 26.95 350
226 P 43.04 26.94 566
227 P 43.87 26.88 681
228 P 43.54 26.90 1029
229 P 42.92 26.97 935
230 P 42.88 26.99 957
231 P 43.17 27.04 440
232 P 43.11 27.05 475
233 P 42.34 27.07 470
234 P 42.67 27.09 398
235 P 42.82 27.06 579
236 P 42.17 27.09 657
237 P 43.11 27.06 917
238 P 42.33 27.05 1016
239 P 42.87 27.06 1335
240 P 42.44 27.08 1725
241 P 42.57 27.09 1737
242 P 42.45 27.14 1914
243 P 41.88 27.17 1901
244 P 41.97 27.21 2241
245 P 42.03 27.23 1302
246 P 41.80 27.25 1193
247 P 44.61 27.05 362
