% Nframe | type | QP | PSNR | size (Bytes) 
0 I 39.76 29.65 1028
1 P 40.80 29.48 28
2 P 39.00 29.36 24
3 P 41.78 29.00 34
4 P 42.02 28.82 60
5 P 41.78 28.68 93
6 P 40.71 28.64 85
7 P 42.00 28.43 90
8 P 40.35 28.29 84
9 P 42.98 28.64 68
10 P 40.61 28.98 55
11 P 42.53 29.00 60
12 P 47.83 28.13 43
13 P 41.49 28.97 85
14 P 39.83 29.61 165
15 P 36.78 30.18 262
16 P 34.90 31.06 413
17 P 35.14 31.72 498
18 P 33.60 32.15 652
19 P 33.10 32.54 619
20 P 31.37 32.94 654
21 P 30.91 33.60 481
22 P 30.44 34.06 544
23 P 30.15 34.70 775
24 P 29.04 35.17 904
25 P 29.03 35.48 891
26 P 29.30 35.73 744
27 P 29.45 35.83 627
28 P 30.45 35.98 685
29 P 29.80 35.87 708
30 P 31.17 35.44 648
31 P 30.31 35.40 768
32 P 30.83 35.46 637
33 P 31.06 35.53 612
34 P 31.35 35.34 683
35 P 31.24 35.15 710
36 P 31.41 35.07 619
37 P 31.96 34.86 342
38 P 30.64 35.07 238
39 P 31.98 34.99 352
40 P 32.12 35.04 439
41 P 32.10 34.90 421
42 P 32.05 34.60 386
43 P 32.58 34.75 412
44 P 32.49 34.59 341
45 P 31.98 34.69 406
46 P 32.42 34.47 409
47 P 33.37 34.48 364
48 P 33.10 34.44 285
49 P 31.50 34.50 263
50 P 33.57 34.71 309
51 P 32.08 34.88 475
52 P 32.23 34.82 429
53 P 32.84 34.68 315
54 P 32.01 34.83 474
55 P 32.18 34.75 383
56 P 31.53 34.78 385
57 P 32.02 34.85 438
58 P 32.36 34.94 460
59 P 31.78 34.77 660
60 P 31.93 35.06 844
61 P 30.99 35.16 968
62 P 30.59 34.95 763
63 P 30.89 35.11 841
64 P 31.05 34.97 676
65 P 30.40 35.12 618
66 P 30.49 35.03 656
67 P 30.97 35.12 668
68 P 30.77 35.21 585
69 P 30.42 35.18 643
70 P 31.01 35.06 646
71 P 31.42 35.00 633
72 P 31.13 34.98 659
73 P 31.93 34.85 536
74 P 32.34 34.84 445
75 P 32.73 34.83 534
76 P 31.72 34.86 635
77 P 31.85 34.88 771
78 P 32.01 35.01 929
79 P 31.42 34.79 914
80 P 31.90 34.55 943
81 P 32.20 34.27 855
82 P 32.03 34.22 909
83 P 33.25 34.35 813
84 P 31.68 34.33 757
85 P 32.12 34.40 702
86 P 31.65 34.61 703
87 P 32.19 34.48 671
88 P 31.85 34.42 723
89 P 31.80 34.28 718
90 P 32.17 34.05 636
91 P 33.64 33.94 536
92 P 32.39 33.88 640
93 P 32.99 33.92 642
94 P 33.36 33.86 501
95 P 33.86 33.83 435
96 P 33.49 33.78 380
97 P 33.92 33.83 303
98 P 33.97 33.77 322
99 P 33.87 33.56 284
100 P 34.16 33.51 359
101 P 34.17 33.38 305
102 P 33.35 33.36 375
103 P 33.60 33.47 431
104 P 34.57 33.44 501
105 P 33.67 33.28 496
106 P 33.90 33.20 413
107 P 33.90 33.33 524
108 P 34.12 33.44 467
109 P 33.52 33.29 451
110 P 34.10 33.46 525
111 P 33.15 33.47 509
112 P 33.53 33.43 407
113 P 32.66 33.58 383
114 P 32.35 33.86 396
115 P 32.60 33.89 287
116 P 33.79 33.88 368
117 P 33.38 33.74 414
118 P 32.87 33.58 433
119 P 33.25 33.69 515
120 P 33.28 33.63 426
121 P 33.88 33.55 348
122 P 33.28 33.51 358
123 P 33.19 33.48 335
124 P 34.24 33.62 354
125 P 34.20 33.59 374
126 P 33.55 33.57 373
127 P 33.35 33.49 332
128 P 33.07 33.65 515
129 P 33.16 33.79 473
130 P 32.96 34.10 580
131 P 32.79 34.22 629
132 P 33.35 34.28 605
133 P 33.22 34.24 564
134 P 33.66 34.23 512
135 P 32.46 34.17 388
136 P 33.45 34.09 463
137 P 33.23 34.14 499
138 P 33.08 34.18 376
139 P 32.12 34.22 337
140 P 32.57 34.37 390
141 P 33.99 34.42 483
142 P 32.86 34.34 600
143 P 32.96 34.34 543
144 P 32.22 34.57 681
145 P 33.87 34.55 746
146 P 33.70 34.63 761
147 P 33.29 34.87 975
148 P 33.05 34.39 992
149 P 32.41 34.04 1064
150 P 32.23 34.03 1158
151 P 32.03 34.33 1104
152 P 31.61 34.42 998
153 P 32.20 34.58 995
154 P 31.63 34.47 976
155 P 31.70 34.88 1096
156 P 31.17 34.81 943
157 P 31.40 34.79 948
158 P 31.42 34.96 1032
159 P 31.55 34.98 1049
160 P 31.98 35.02 1062
161 P 30.79 35.26 982
162 P 31.24 35.84 992
163 P 30.65 36.64 962
164 P 30.64 37.26 878
165 P 30.81 38.22 671
166 P 30.18 37.77 665
167 P 29.62 37.35 740
168 P 30.34 37.42 718
169 P 30.27 36.96 774
170 P 30.35 36.34 893
171 P 30.89 36.07 828
172 P 31.57 35.79 788
173 P 31.92 35.72 780
174 P 33.91 34.65 951
175 P 33.15 34.55 867
176 P 33.18 34.32 893
177 P 33.47 34.17 806
178 P 33.57 34.45 879
179 P 33.40 34.00 859
180 P 33.48 33.70 825
181 P 33.58 33.47 986
182 P 34.38 33.09 805
183 P 34.75 33.03 906
184 P 35.04 32.39 865
185 P 34.94 32.10 841
186 P 34.48 31.98 894
187 P 34.86 31.77 833
188 P 34.34 31.75 816
189 P 34.67 31.94 779
190 P 34.56 31.93 759
191 P 34.84 31.54 734
192 P 35.01 31.41 788
193 P 35.62 31.04 642
194 P 35.00 30.73 663
195 P 35.80 30.56 603
196 P 36.00 30.31 538
197 P 36.08 30.19 676
198 P 35.62 30.11 607
199 P 35.97 29.89 542
200 P 36.21 29.36 483
201 P 36.50 28.80 606
202 P 36.51 28.35 759
203 P 37.02 27.83 613
204 P 37.11 27.51 459
205 P 37.17 27.46 454
206 P 37.25 27.46 372
207 P 37.11 27.53 385
208 P 37.58 27.51 133
209 P 37.02 27.63 281
210 P 36.39 27.59 108
211 P 37.20 27.49 76
212 P 37.26 27.45 157
213 P 37.33 27.47 170
214 P 36.20 27.44 170
215 P 38.02 27.34 156
216 P 38.33 27.37 144
217 P 38.25 27.45 141
218 P 37.76 27.59 140
219 P 37.00 27.62 71
220 P 36.97 27.71 65
221 P 37.87 27.75 59
222 P 36.37 27.77 69
223 P 36.67 27.79 25
224 P 35.85 27.80 40
225 P 36.67 27.85 24
226 P 36.40 27.89 42
227 P 37.62 27.91 56
228 P 36.73 27.91 70
229 P 36.38 28.03 122
230 P 36.64 28.00 112
231 P 37.47 28.01 35
232 P 35.18 28.05 70
233 P 34.00 28.04 43
234 P 35.35 28.06 52
235 P 36.22 28.08 63
236 P 36.48 28.17 95
237 P 35.71 28.19 69
238 P 36.23 28.24 98
239 P 35.57 28.27 103
240 P 35.29 28.23 92
241 P 35.98 28.27 134
242 P 35.23 28.34 139
243 P 35.40 28.34 126
244 P 35.07 28.40 184
245 P 35.53 28.45 125
246 P 35.60 28.53 150
247 P 37.76 28.47 23
