% Nframe | type | QP | PSNR | size (Bytes) 
0 I 28.53 39.17 20081
1 P 30.97 38.73 781
2 P 31.91 38.63 1592
3 P 32.19 38.65 2326
4 P 31.96 38.78 2957
5 P 31.66 38.79 2831
6 P 32.09 38.83 2798
7 P 31.67 38.75 2316
8 P 32.31 38.36 2271
9 P 32.76 38.11 2430
10 P 32.63 38.31 2547
11 P 32.25 38.56 3169
12 P 36.12 37.37 1077
13 P 36.25 37.11 1659
14 P 33.23 37.41 2791
15 P 32.52 37.95 2614
16 P 30.85 38.80 2915
17 P 29.37 39.31 4790
18 P 28.17 39.60 5958
19 P 27.45 39.62 6731
20 P 26.69 39.35 6992
21 P 26.02 39.71 5598
22 P 25.58 40.25 6851
23 P 25.24 40.52 9997
24 P 24.55 40.90 9793
25 P 24.03 40.90 10921
26 P 24.20 40.99 10416
27 P 23.84 41.38 9302
28 P 23.33 41.55 8840
29 P 23.55 41.31 10562
30 P 23.87 41.16 12116
31 P 24.29 41.17 12019
32 P 23.93 41.27 11388
33 P 24.10 41.35 9794
34 P 24.27 41.18 11030
35 P 24.78 40.78 10768
36 P 25.50 40.62 9669
37 P 25.64 40.43 6761
38 P 26.04 40.55 4730
39 P 25.98 40.63 6116
40 P 25.90 40.58 6287
41 P 26.31 40.43 5427
42 P 26.75 40.29 4999
43 P 26.79 40.20 4737
44 P 26.85 40.15 4502
45 P 27.03 40.17 4577
46 P 28.02 39.94 4298
47 P 28.97 39.51 4307
48 P 29.55 39.42 3865
49 P 29.22 39.65 2674
50 P 29.69 39.88 2940
51 P 28.52 39.89 4331
52 P 28.81 39.68 4739
53 P 29.48 39.70 4368
54 P 29.10 39.66 4742
55 P 28.95 39.54 4847
56 P 28.56 39.54 4800
57 P 28.17 39.55 4830
58 P 27.89 39.85 5330
59 P 28.19 40.07 7023
60 P 27.27 40.24 8472
61 P 27.05 40.18 8199
62 P 26.72 39.96 7717
63 P 26.87 39.86 8252
64 P 26.64 39.79 7320
65 P 26.42 39.78 6527
66 P 26.76 39.86 6729
67 P 26.45 40.02 6677
68 P 26.43 40.12 6013
69 P 26.85 39.98 6532
70 P 26.86 39.89 7028
71 P 26.93 39.93 7085
72 P 26.93 39.78 6947
73 P 27.26 39.46 6120
74 P 27.22 39.43 6134
75 P 27.84 39.67 6695
76 P 27.21 39.85 7944
77 P 26.77 40.19 9519
78 P 26.98 40.44 9889
79 P 27.11 40.40 9589
80 P 27.48 40.06 10464
81 P 27.55 39.79 10783
82 P 27.37 39.52 10478
83 P 26.92 39.52 9288
84 P 27.04 39.68 8377
85 P 26.89 39.76 7697
86 P 26.81 39.86 6883
87 P 26.67 39.95 7122
88 P 27.14 39.89 6975
89 P 27.57 39.73 6922
90 P 27.49 39.57 6909
91 P 28.45 39.47 7227
92 P 27.87 39.49 7337
93 P 28.15 39.37 6807
94 P 28.46 39.40 5124
95 P 28.45 39.26 5088
96 P 29.48 39.21 4441
97 P 29.19 39.26 4171
98 P 28.90 39.18 4744
99 P 29.09 38.89 4734
100 P 28.93 38.70 5137
101 P 28.73 38.72 4934
102 P 29.30 38.78 4447
103 P 29.63 39.10 5680
104 P 29.73 39.09 5926
105 P 29.74 38.85 6712
106 P 29.42 38.98 5784
107 P 29.76 38.90 5261
108 P 29.18 38.89 5420
109 P 28.95 38.87 5600
110 P 28.73 38.99 5637
111 P 29.01 38.97 5541
112 P 28.65 38.98 5186
113 P 29.23 39.01 4678
114 P 28.64 39.14 3995
115 P 29.37 39.28 3940
116 P 29.50 39.34 4363
117 P 29.83 39.28 4764
118 P 29.68 39.33 5255
119 P 29.91 39.13 5773
120 P 30.08 38.97 5422
121 P 30.06 38.99 5664
122 P 29.64 39.00 5717
123 P 30.40 39.11 4510
124 P 29.79 39.28 4173
125 P 30.22 39.23 4459
126 P 30.61 39.07 4646
127 P 30.44 38.91 5431
128 P 30.03 39.24 6531
129 P 29.57 39.50 6725
130 P 29.57 39.83 7558
131 P 29.61 39.87 6902
132 P 29.14 39.77 6725
133 P 28.98 39.42 6768
134 P 29.25 39.37 6042
135 P 30.25 39.41 4954
136 P 29.81 39.36 5877
137 P 29.56 39.34 5429
138 P 29.63 39.22 4685
139 P 29.76 39.38 3391
140 P 29.01 39.42 5153
141 P 29.59 39.52 5952
142 P 29.55 39.64 6391
143 P 29.35 39.98 5686
144 P 29.52 40.13 6755
145 P 29.89 40.23 7468
146 P 28.89 40.30 7691
147 P 27.81 40.21 9523
148 P 27.28 39.83 10909
149 P 27.75 39.57 11369
150 P 27.48 39.67 10862
151 P 27.40 39.95 10108
152 P 26.95 40.19 9418
153 P 26.80 40.52 10284
154 P 26.59 40.64 10334
155 P 26.45 40.90 10281
156 P 26.42 41.13 10927
157 P 26.55 41.43 12956
158 P 26.41 41.80 15006
159 P 26.47 42.01 15018
160 P 26.67 41.99 14692
161 P 26.58 42.37 14711
162 P 26.33 43.09 12843
163 P 26.08 43.78 11383
164 P 25.75 44.52 9822
165 P 25.27 45.23 8680
166 P 25.29 44.98 8361
167 P 25.48 44.89 8484
168 P 25.07 44.97 8520
169 P 25.27 44.38 9536
170 P 25.67 43.80 10715
171 P 26.01 43.66 11189
172 P 26.31 43.35 11392
173 P 26.52 43.24 11519
174 P 28.00 42.32 13240
175 P 27.87 41.78 13847
176 P 28.10 41.29 11884
177 P 28.14 40.83 8862
178 P 28.24 40.43 9580
179 P 28.41 40.08 9790
180 P 28.64 39.77 9570
181 P 28.77 39.33 10111
182 P 29.35 39.08 10240
183 P 29.40 38.83 9731
184 P 29.63 38.34 10096
185 P 29.76 37.97 10445
186 P 30.10 37.58 10720
187 P 30.10 37.31 10372
188 P 30.21 37.30 9325
189 P 30.10 37.54 8088
190 P 30.35 37.43 8628
191 P 30.44 37.12 8730
192 P 30.61 36.74 9512
193 P 30.78 36.45 9751
194 P 30.99 36.32 8508
195 P 31.28 36.05 8323
196 P 31.80 35.64 9546
197 P 31.64 35.42 11094
198 P 31.85 35.30 8452
199 P 32.20 35.09 9382
200 P 32.72 34.68 9792
201 P 32.65 34.16 12553
202 P 32.95 33.51 13478
203 P 33.31 32.73 14900
204 P 33.33 31.97 14787
205 P 33.57 31.41 12257
206 P 33.62 31.29 8105
207 P 34.12 30.56 8917
208 P 34.33 30.53 5147
209 P 34.01 30.67 4317
210 P 34.41 30.63 3594
211 P 34.39 30.62 3177
212 P 34.38 30.83 3256
213 P 34.41 30.84 2954
214 P 34.74 30.79 2542
215 P 34.85 30.72 2532
216 P 34.86 30.63 2532
217 P 35.14 30.54 1994
218 P 34.81 30.46 1890
219 P 35.08 30.45 1488
220 P 35.23 30.51 1037
221 P 35.35 30.54 936
222 P 35.28 30.57 872
223 P 35.66 30.63 729
224 P 35.28 30.62 667
225 P 35.17 30.60 996
226 P 34.81 30.57 1523
227 P 35.69 30.55 1661
228 P 35.09 30.55 1966
229 P 34.71 30.67 1986
230 P 34.38 30.69 2267
231 P 34.57 30.77 1053
232 P 34.29 30.78 1017
233 P 34.51 30.80 1054
234 P 34.47 30.83 931
235 P 34.10 30.80 1506
236 P 34.40 30.84 1235
237 P 34.22 30.79 1719
238 P 34.08 30.79 2019
239 P 33.92 30.81 2227
240 P 34.24 30.85 2664
241 P 33.91 30.89 2954
242 P 33.99 30.91 3028
243 P 33.98 30.91 3151
244 P 33.62 30.99 3592
245 P 33.47 31.07 3087
246 P 33.82 31.07 2389
247 P 35.14 30.74 610
