% Nframe | type | QP | PSNR | size (Bytes) 
0 I 41.41 30.76 3910
1 P 45.35 30.59 66
2 P 44.62 30.46 97
3 P 45.78 30.13 173
4 P 44.59 30.06 264
5 P 45.17 29.97 346
6 P 45.54 30.03 352
7 P 45.60 29.78 382
8 P 45.32 29.50 389
9 P 46.66 29.28 225
10 P 45.67 29.60 256
11 P 45.88 29.80 276
12 P 49.60 28.94 169
13 P 48.95 28.49 208
14 P 46.48 28.78 284
15 P 45.46 29.41 306
16 P 44.17 30.01 357
17 P 43.27 30.54 586
18 P 42.32 30.69 768
19 P 41.86 30.76 900
20 P 40.79 30.65 884
21 P 39.85 30.95 880
22 P 38.52 31.49 947
23 P 37.84 32.17 1179
24 P 36.31 32.48 1268
25 P 36.93 32.47 1411
26 P 36.34 32.77 1402
27 P 35.42 33.19 1312
28 P 35.65 33.55 1372
29 P 35.24 33.39 1409
30 P 37.05 33.46 1587
31 P 37.32 33.47 1575
32 P 36.14 33.68 1402
33 P 37.63 33.73 1204
34 P 36.79 33.59 1456
35 P 37.62 33.28 1479
36 P 37.10 33.21 1419
37 P 36.97 33.15 966
38 P 37.66 33.46 590
39 P 38.49 33.54 807
40 P 37.99 33.36 780
41 P 37.91 33.23 864
42 P 37.82 33.17 814
43 P 38.28 33.12 674
44 P 37.68 33.07 698
45 P 37.88 33.19 737
46 P 37.59 33.05 731
47 P 39.33 32.77 665
48 P 39.38 32.64 520
49 P 39.98 32.84 454
50 P 39.10 33.06 557
51 P 38.98 33.16 743
52 P 39.67 32.98 747
53 P 38.69 32.93 790
54 P 38.01 32.94 871
55 P 38.43 32.87 822
56 P 38.42 32.87 837
57 P 37.92 32.97 887
58 P 37.55 33.36 979
59 P 37.92 33.56 1303
60 P 37.37 33.82 1517
61 P 37.20 33.68 1670
62 P 37.40 33.41 1442
63 P 36.34 33.28 1584
64 P 36.35 33.29 1449
65 P 37.42 33.27 1202
66 P 37.11 33.30 1284
67 P 37.18 33.42 1165
68 P 37.09 33.45 1052
69 P 37.57 33.40 1208
70 P 36.74 33.32 1215
71 P 37.80 33.32 1241
72 P 38.54 33.17 1167
73 P 37.76 32.95 922
74 P 38.68 32.87 846
75 P 38.74 33.02 1016
76 P 38.47 33.39 1369
77 P 37.45 33.78 1619
78 P 37.67 34.04 1858
79 P 38.04 33.81 1820
80 P 37.60 33.36 1864
81 P 38.17 33.12 1880
82 P 38.37 32.89 1782
83 P 38.05 32.82 1565
84 P 37.63 33.02 1570
85 P 37.52 33.10 1507
86 P 37.22 33.25 1396
87 P 37.58 33.18 1306
88 P 37.46 33.20 1337
89 P 37.64 33.05 1367
90 P 38.35 32.79 1198
91 P 38.95 32.78 1120
92 P 38.63 32.77 1213
93 P 39.13 32.66 1147
94 P 39.62 32.54 923
95 P 38.64 32.52 961
96 P 38.53 32.44 722
97 P 39.18 32.43 642
98 P 38.93 32.24 777
99 P 39.16 32.12 772
100 P 39.49 31.96 780
101 P 39.51 31.93 673
102 P 39.24 31.92 707
103 P 39.93 32.29 978
104 P 39.44 32.21 957
105 P 38.67 32.00 1012
106 P 39.47 32.00 979
107 P 39.65 31.96 910
108 P 39.48 31.92 926
109 P 39.57 31.92 937
110 P 39.74 32.09 1080
111 P 39.06 31.97 971
112 P 39.38 31.98 875
113 P 38.72 32.17 857
114 P 39.50 32.29 737
115 P 39.15 32.45 700
116 P 40.58 32.45 703
117 P 40.33 32.42 773
118 P 40.45 32.55 894
119 P 39.48 32.24 907
120 P 40.05 32.11 867
121 P 40.19 32.11 817
122 P 38.65 32.10 842
123 P 39.72 32.24 774
124 P 40.49 32.37 767
125 P 40.06 32.28 780
126 P 38.90 32.22 810
127 P 39.33 32.13 810
128 P 38.47 32.36 1064
129 P 38.91 32.66 1109
130 P 38.04 33.15 1310
131 P 37.85 33.13 1139
132 P 38.40 32.83 1234
133 P 38.82 32.58 1189
134 P 38.93 32.54 1021
135 P 39.16 32.49 853
136 P 39.05 32.42 995
137 P 38.70 32.42 982
138 P 39.57 32.32 728
139 P 39.79 32.53 633
140 P 39.44 32.63 756
141 P 39.53 32.74 955
142 P 37.92 32.81 1109
143 P 38.73 33.08 1026
144 P 37.95 33.48 1284
145 P 38.52 33.67 1326
146 P 39.51 33.80 1447
147 P 39.32 33.68 1840
148 P 38.53 33.16 1902
149 P 38.36 32.82 2083
150 P 38.51 32.87 2150
151 P 37.60 33.16 2093
152 P 37.33 33.58 1726
153 P 37.38 34.00 1808
154 P 37.06 34.02 1915
155 P 36.55 34.30 1904
156 P 36.31 34.46 2020
157 P 36.25 34.39 2201
158 P 36.40 34.65 2681
159 P 36.29 34.78 3029
160 P 36.58 35.22 3346
161 P 37.02 35.41 3398
162 P 36.59 36.04 3033
163 P 36.13 36.60 2988
164 P 35.56 36.98 2823
165 P 35.04 37.87 2505
166 P 35.00 37.65 2350
167 P 36.48 37.72 2310
168 P 35.52 37.49 2274
169 P 36.32 36.86 2426
170 P 37.05 36.41 2646
171 P 35.93 36.60 3097
172 P 37.04 36.33 3009
173 P 36.89 36.33 3072
174 P 39.90 34.95 3063
175 P 39.15 33.40 1958
176 P 39.21 33.10 1732
177 P 38.94 32.71 1491
178 P 40.20 32.77 1696
179 P 39.95 32.25 1586
180 P 40.27 32.04 1754
181 P 40.48 31.58 1607
182 P 40.14 31.45 1722
183 P 40.97 31.00 1636
184 P 41.41 30.49 1617
185 P 42.02 30.02 1452
186 P 41.80 29.56 1422
187 P 42.36 29.31 1550
188 P 41.81 29.28 1442
189 P 41.70 29.43 1458
190 P 41.64 29.31 1423
191 P 41.89 29.29 1426
192 P 42.47 29.08 1355
193 P 42.42 28.90 1343
194 P 42.55 28.64 1326
195 P 42.61 28.36 1122
196 P 43.42 28.11 1180
197 P 43.39 27.73 1286
198 P 43.54 27.68 1238
199 P 43.37 27.44 1298
200 P 44.07 27.31 1088
201 P 44.07 26.68 1087
202 P 44.32 26.10 1076
203 P 44.64 25.50 1512
204 P 45.36 25.03 1478
205 P 44.55 24.72 1207
206 P 45.07 24.52 1304
207 P 45.58 24.11 1183
208 P 45.97 24.02 650
209 P 45.85 24.08 626
210 P 45.69 24.03 323
211 P 46.15 24.06 391
212 P 46.41 23.95 454
213 P 45.93 24.07 608
214 P 45.94 24.07 513
215 P 45.10 24.02 558
216 P 46.03 24.03 603
217 P 45.91 24.08 410
218 P 45.62 24.08 256
219 P 46.96 24.08 125
220 P 46.71 24.11 94
221 P 45.92 24.14 114
222 P 45.58 24.16 106
223 P 45.79 24.21 111
224 P 45.67 24.22 96
225 P 46.90 24.31 71
226 P 44.72 24.39 86
227 P 46.52 24.45 101
228 P 45.68 24.42 72
229 P 45.27 24.47 157
230 P 45.32 24.47 141
231 P 46.12 24.48 75
232 P 44.63 24.50 97
233 P 45.95 24.53 106
234 P 45.14 24.54 113
235 P 45.33 24.56 136
236 P 44.56 24.57 105
237 P 43.66 24.56 112
238 P 45.63 24.57 124
239 P 45.21 24.55 132
240 P 45.55 24.57 206
241 P 44.58 24.61 261
242 P 45.10 24.64 200
243 P 45.75 24.61 216
244 P 44.52 24.67 378
245 P 44.48 24.72 265
246 P 44.63 24.76 181
247 P 46.65 24.70 30
