% Nframe | type | QP | PSNR | size (Bytes) 
0 I 33.53 37.38 22704
1 P 36.21 36.92 751
2 P 37.01 36.75 1388
3 P 35.91 36.81 2069
4 P 36.78 36.91 2551
5 P 36.29 36.85 2526
6 P 37.29 36.86 2646
7 P 36.08 36.77 2339
8 P 37.11 36.50 2184
9 P 37.43 36.25 1971
10 P 37.31 36.53 2432
11 P 37.16 36.79 2728
12 P 40.91 35.58 1015
13 P 42.73 34.56 1035
14 P 40.66 34.84 1787
15 P 38.94 35.28 1427
16 P 38.46 36.17 1923
17 P 37.65 36.65 2827
18 P 36.93 36.87 3902
19 P 36.41 36.82 4199
20 P 34.36 36.42 4305
21 P 33.93 36.69 3632
22 P 33.38 37.28 4419
23 P 32.61 37.54 6473
24 P 31.22 37.78 6848
25 P 30.90 37.80 7627
26 P 30.33 37.90 7370
27 P 30.09 38.31 6894
28 P 29.83 38.52 6758
29 P 30.04 38.40 8095
30 P 30.58 38.30 9333
31 P 30.38 38.35 9332
32 P 29.84 38.55 9225
33 P 29.89 38.51 7812
34 P 29.84 38.46 9535
35 P 30.31 38.16 9483
36 P 30.43 38.07 8502
37 P 30.98 37.92 5935
38 P 30.92 38.11 3858
39 P 31.14 38.25 5179
40 P 30.89 38.23 5224
41 P 31.60 38.05 4608
42 P 31.27 37.90 4373
43 P 32.02 37.79 3987
44 P 32.14 37.68 3716
45 P 32.23 37.70 3957
46 P 33.15 37.50 3679
47 P 34.21 37.09 3400
48 P 35.35 37.00 3091
49 P 34.97 37.20 2139
50 P 33.48 37.44 2755
51 P 33.59 37.45 3588
52 P 33.65 37.22 3765
53 P 34.25 37.24 3820
54 P 33.60 37.21 3947
55 P 33.34 37.07 4301
56 P 33.33 37.09 4227
57 P 33.09 37.22 4353
58 P 32.99 37.55 4709
59 P 32.98 37.75 6061
60 P 33.15 37.89 7707
61 P 32.19 37.86 7395
62 P 32.39 37.62 6720
63 P 32.13 37.47 7179
64 P 32.40 37.38 6518
65 P 32.03 37.36 5802
66 P 32.03 37.49 5799
67 P 32.07 37.61 5782
68 P 31.99 37.74 5351
69 P 31.82 37.61 5512
70 P 32.41 37.53 6085
71 P 32.30 37.54 5986
72 P 32.62 37.34 5813
73 P 33.38 37.09 5222
74 P 32.72 37.06 4743
75 P 33.19 37.31 5653
76 P 32.84 37.54 6757
77 P 32.65 37.78 8341
78 P 32.40 37.95 8703
79 P 32.30 37.85 8427
80 P 32.64 37.56 8928
81 P 32.37 37.29 9333
82 P 32.43 37.00 9176
83 P 32.35 36.98 8147
84 P 32.25 37.08 7467
85 P 32.06 37.18 6965
86 P 31.80 37.28 6442
87 P 31.85 37.38 6667
88 P 32.40 37.28 6389
89 P 32.27 37.15 6502
90 P 33.12 36.95 5992
91 P 33.70 36.93 6227
92 P 33.26 36.92 6231
93 P 33.75 36.74 5879
94 P 33.67 36.76 4543
95 P 34.16 36.61 4312
96 P 34.45 36.57 3673
97 P 34.14 36.63 3508
98 P 34.44 36.54 3829
99 P 34.61 36.25 4141
100 P 34.33 36.04 4212
101 P 34.03 36.00 3815
102 P 34.74 36.10 3655
103 P 34.46 36.44 4559
104 P 34.79 36.38 4924
105 P 34.00 36.13 5189
106 P 35.06 36.31 4872
107 P 34.26 36.22 4541
108 P 34.46 36.21 4649
109 P 33.49 36.17 4622
110 P 34.90 36.28 4718
111 P 33.65 36.22 4674
112 P 34.68 36.25 4305
113 P 34.55 36.34 4050
114 P 34.35 36.43 3195
115 P 34.81 36.67 3339
116 P 34.90 36.74 3514
117 P 35.03 36.68 3871
118 P 35.01 36.70 4031
119 P 35.06 36.58 4593
120 P 35.81 36.36 4323
121 P 35.31 36.37 4585
122 P 35.47 36.40 4467
123 P 35.44 36.52 3624
124 P 35.15 36.65 3443
125 P 35.44 36.57 3641
126 P 35.75 36.42 3656
127 P 35.37 36.30 4417
128 P 34.84 36.58 5328
129 P 34.87 36.84 5562
130 P 34.53 37.13 6220
131 P 34.70 37.16 6017
132 P 34.70 37.05 5608
133 P 34.79 36.75 5646
134 P 34.83 36.70 4918
135 P 34.51 36.78 4495
136 P 34.50 36.69 4958
137 P 34.66 36.62 4599
138 P 34.80 36.49 3823
139 P 35.09 36.75 2986
140 P 35.64 36.85 3783
141 P 34.86 36.99 4908
142 P 34.41 37.07 5116
143 P 34.60 37.40 4761
144 P 34.83 37.62 5505
145 P 34.63 37.74 6260
146 P 34.13 37.79 6775
147 P 33.31 37.61 8431
148 P 33.06 37.21 9463
149 P 32.96 36.96 10342
150 P 32.56 37.02 10561
151 P 32.47 37.21 9518
152 P 32.38 37.49 8541
153 P 32.21 37.83 8703
154 P 32.61 37.98 8633
155 P 32.01 38.28 8987
156 P 32.05 38.43 8934
157 P 32.16 38.55 9307
158 P 32.02 38.92 12206
159 P 32.09 39.19 13726
160 P 32.11 39.38 13817
161 P 32.06 39.65 13690
162 P 31.90 40.45 12591
163 P 31.55 40.96 11520
164 P 31.29 41.51 10632
165 P 31.00 41.83 9050
166 P 30.84 41.76 9002
167 P 31.23 41.74 8445
168 P 31.76 41.97 8644
169 P 31.34 41.45 9103
170 P 31.37 40.98 10088
171 P 31.53 40.94 11598
172 P 31.96 40.71 12024
173 P 32.39 40.56 11826
174 P 34.46 40.01 13288
175 P 33.71 39.02 12496
176 P 33.96 38.02 8564
177 P 34.15 37.86 8215
178 P 34.47 37.48 8566
179 P 34.31 37.19 8793
180 P 34.60 36.80 7955
181 P 35.27 36.39 8431
182 P 35.33 36.23 8675
183 P 35.82 35.92 8188
184 P 36.27 35.38 8278
185 P 36.24 35.01 8499
186 P 36.29 34.64 8655
187 P 36.56 34.29 8272
188 P 36.57 34.10 7446
189 P 36.11 34.45 7234
190 P 36.37 34.45 7108
191 P 36.51 34.14 7029
192 P 36.81 33.81 7325
193 P 37.14 33.51 7295
194 P 37.17 33.38 6915
195 P 37.45 33.04 6325
196 P 37.87 32.67 7161
197 P 38.09 32.42 8167
198 P 38.02 32.19 6117
199 P 38.17 32.02 6706
200 P 38.35 31.73 7281
201 P 38.64 31.16 8931
202 P 39.14 30.54 9424
203 P 39.65 29.91 10309
204 P 39.82 29.24 9697
205 P 39.76 28.78 8892
206 P 39.91 28.68 6339
207 P 40.55 27.99 6218
208 P 40.72 27.82 4157
209 P 40.73 27.84 4523
210 P 40.52 27.85 3629
211 P 40.81 27.84 3509
212 P 40.48 28.04 3086
213 P 40.51 28.02 3413
214 P 40.56 27.99 3397
215 P 40.77 28.02 2855
216 P 40.76 27.92 3029
217 P 41.10 27.73 2467
218 P 40.99 27.74 2247
219 P 41.26 27.76 1480
220 P 41.48 27.81 782
221 P 40.78 27.86 923
222 P 41.54 27.88 712
223 P 41.56 27.97 605
224 P 41.22 27.97 454
225 P 40.90 28.06 592
226 P 41.16 28.00 897
227 P 41.92 27.96 1204
228 P 40.99 27.97 1500
229 P 41.41 28.07 1439
230 P 41.29 28.08 1285
231 P 40.71 28.14 710
232 P 40.17 28.15 757
233 P 41.00 28.17 713
234 P 40.21 28.20 655
235 P 40.90 28.18 1012
236 P 40.42 28.20 781
237 P 40.94 28.14 1169
238 P 40.82 28.15 1603
239 P 40.24 28.18 1994
240 P 40.39 28.21 2440
241 P 40.34 28.23 2337
242 P 40.31 28.26 2558
243 P 40.37 28.28 2498
244 P 39.80 28.34 3012
245 P 40.11 28.37 1914
246 P 39.71 28.38 1784
247 P 41.37 28.11 480
