% Nframe | type | QP | PSNR | size (Bytes) 
0 I 27.88 37.30 3348
1 P 28.85 37.03 115
2 P 29.98 36.76 206
3 P 30.20 36.75 308
4 P 29.90 36.54 389
5 P 30.50 36.53 490
6 P 29.70 36.37 483
7 P 31.08 36.43 576
8 P 31.36 36.52 461
9 P 30.53 36.32 326
10 P 31.09 36.33 319
11 P 30.55 36.56 563
12 P 33.12 35.65 269
13 P 29.51 36.90 924
14 P 24.98 38.12 1382
15 P 23.08 39.10 1424
16 P 22.15 40.07 1746
17 P 21.12 40.81 2202
18 P 20.62 41.23 2536
19 P 20.43 41.58 2510
20 P 19.71 42.16 2484
21 P 18.83 42.70 2293
22 P 18.18 43.15 2954
23 P 17.82 43.55 3416
24 P 17.58 43.95 3424
25 P 17.47 43.85 3410
26 P 17.77 43.81 2923
27 P 17.85 43.85 2855
28 P 17.92 43.87 2922
29 P 18.17 43.72 3104
30 P 18.24 43.57 3334
31 P 18.91 43.43 3025
32 P 18.97 43.46 2864
33 P 19.04 43.41 2685
34 P 18.82 43.23 3057
35 P 19.57 42.99 2845
36 P 19.80 42.70 2622
37 P 20.05 42.62 1999
38 P 19.57 42.56 1798
39 P 20.39 42.54 2202
40 P 19.81 42.33 2286
41 P 19.62 42.26 2094
42 P 20.03 42.08 2054
43 P 20.56 42.11 1867
44 P 20.87 42.06 1926
45 P 20.59 42.09 2031
46 P 21.07 41.92 1874
47 P 21.50 41.83 1648
48 P 21.63 41.85 1392
49 P 21.30 41.93 1404
50 P 22.00 41.98 1538
51 P 21.32 41.91 1941
52 P 21.02 41.83 2006
53 P 21.69 41.70 1577
54 P 21.12 41.81 1818
55 P 21.39 41.89 1810
56 P 21.19 41.81 1577
57 P 20.89 41.79 1815
58 P 21.34 41.63 1878
59 P 21.15 41.69 2444
60 P 20.83 41.83 2831
61 P 20.40 41.88 2981
62 P 20.42 41.94 2889
63 P 20.17 42.01 2765
64 P 20.38 41.96 2521
65 P 20.36 41.82 2115
66 P 20.54 41.85 2436
67 P 20.76 41.85 2226
68 P 20.84 41.95 2077
69 P 20.02 42.05 2499
70 P 20.26 41.87 2496
71 P 20.69 41.91 2480
72 P 20.60 41.82 2429
73 P 20.34 41.76 2054
74 P 21.28 41.68 1821
75 P 20.96 41.57 2246
76 P 21.50 41.48 2523
77 P 20.95 41.60 2767
78 P 21.02 41.68 3104
79 P 20.89 41.56 3097
80 P 21.21 41.41 3247
81 P 20.77 41.18 2937
82 P 21.02 41.20 3046
83 P 21.50 41.24 2723
84 P 21.11 41.16 2593
85 P 21.18 41.38 2558
86 P 21.31 41.33 2292
87 P 21.17 41.41 2430
88 P 21.21 41.30 2475
89 P 21.15 41.29 2553
90 P 21.43 41.17 2350
91 P 21.62 41.04 2247
92 P 21.97 41.03 2456
93 P 21.81 40.86 2268
94 P 21.78 40.89 1920
95 P 21.95 40.91 1944
96 P 22.55 40.71 1746
97 P 21.87 40.85 1603
98 P 22.39 40.81 1808
99 P 22.29 40.60 1698
100 P 22.07 40.58 1666
101 P 22.28 40.58 1657
102 P 23.15 40.46 1700
103 P 22.29 40.57 2030
104 P 23.35 40.38 1988
105 P 22.38 40.51 2201
106 P 22.52 40.53 1962
107 P 22.72 40.40 1877
108 P 23.05 40.60 1998
109 P 22.59 40.55 1908
110 P 21.65 40.75 1979
111 P 22.31 40.74 1894
112 P 22.83 40.78 1658
113 P 22.08 40.86 1668
114 P 23.05 40.91 1588
115 P 23.13 40.88 1610
116 P 23.17 40.78 1687
117 P 23.40 40.77 1808
118 P 23.11 40.64 1768
119 P 23.94 40.59 1875
120 P 23.00 40.62 1790
121 P 23.39 40.51 1667
122 P 23.40 40.56 1671
123 P 23.45 40.61 1625
124 P 23.35 40.70 1556
125 P 23.83 40.59 1628
126 P 23.39 40.57 1704
127 P 22.65 40.58 1660
128 P 22.88 40.68 1874
129 P 23.32 40.94 1934
130 P 23.16 41.22 1991
131 P 22.92 41.40 2064
132 P 23.07 41.24 2062
133 P 23.13 41.13 1971
134 P 23.49 41.20 1846
135 P 22.94 41.21 1589
136 P 23.27 41.11 1775
137 P 23.65 41.17 1817
138 P 23.09 40.95 1572
139 P 23.19 41.04 1507
140 P 22.23 41.07 1845
141 P 23.01 41.13 2100
142 P 22.52 41.21 2154
143 P 23.42 41.12 1920
144 P 22.58 41.30 2334
145 P 21.95 41.29 2430
146 P 22.44 41.39 2649
147 P 22.07 41.68 3044
148 P 22.22 41.23 3191
149 P 22.05 41.09 3517
150 P 22.23 41.01 3632
151 P 21.38 41.05 3372
152 P 21.60 41.18 3269
153 P 21.47 41.28 3390
154 P 21.35 41.30 3282
155 P 21.52 41.44 3497
156 P 21.39 41.46 3237
157 P 21.66 41.71 3171
158 P 21.81 41.83 3261
159 P 21.80 41.82 3317
160 P 21.88 42.03 3318
161 P 21.74 42.04 3360
162 P 21.41 42.63 3071
163 P 21.10 43.22 2900
164 P 21.08 43.96 2466
165 P 20.44 44.67 2158
166 P 20.78 44.49 2077
167 P 20.46 44.29 2221
168 P 20.15 44.45 2339
169 P 20.91 44.00 2445
170 P 20.50 43.63 2771
171 P 20.85 43.50 2568
172 P 21.40 43.00 2451
173 P 21.60 42.78 2528
174 P 22.37 41.94 3161
175 P 22.82 41.67 3177
176 P 22.99 41.51 2942
177 P 22.85 41.69 3025
178 P 22.84 41.40 2971
179 P 22.89 41.20 3100
180 P 23.12 40.88 3066
181 P 23.43 40.44 3302
182 P 23.62 40.20 3304
183 P 23.81 40.10 3232
184 P 23.92 39.84 3316
185 P 23.87 39.74 3382
186 P 24.03 39.51 3195
187 P 24.16 39.46 3286
188 P 23.92 39.43 3220
189 P 24.10 39.59 2888
190 P 24.21 39.47 2916
191 P 24.54 39.28 2891
192 P 24.45 38.96 3037
193 P 24.59 38.58 2906
194 P 24.93 38.29 2738
195 P 25.09 38.19 2718
196 P 25.16 38.10 2811
197 P 25.44 38.01 2943
198 P 25.17 37.98 2608
199 P 25.37 37.78 2592
200 P 25.54 37.30 2785
201 P 25.77 36.72 3407
202 P 25.83 35.94 3758
203 P 25.94 35.47 4214
204 P 26.12 35.23 3439
205 P 26.28 35.14 3224
206 P 26.33 35.03 3000
207 P 26.16 35.08 2939
208 P 26.24 35.07 1630
209 P 26.23 35.12 1769
210 P 26.16 35.14 1250
211 P 26.30 35.11 1084
212 P 26.50 34.95 1173
213 P 26.47 34.90 1453
214 P 26.75 34.89 1417
215 P 26.78 34.83 1493
216 P 26.69 34.81 1393
217 P 26.80 34.74 909
218 P 26.60 35.01 1063
219 P 26.39 35.02 401
220 P 27.19 35.08 265
221 P 26.39 35.16 319
222 P 26.90 35.22 264
223 P 25.92 35.35 212
224 P 26.43 35.37 169
225 P 26.57 35.51 171
226 P 26.73 35.41 343
227 P 26.71 35.25 559
228 P 26.58 35.19 693
229 P 26.26 35.31 535
230 P 26.05 35.33 496
231 P 26.59 35.40 169
232 P 26.17 35.42 244
233 P 26.09 35.44 215
234 P 25.19 35.54 353
235 P 26.01 35.55 434
236 P 26.08 35.58 245
237 P 25.64 35.54 506
238 P 26.00 35.53 651
239 P 25.92 35.63 795
240 P 26.00 35.63 852
241 P 25.55 35.65 845
242 P 25.45 35.74 1039
243 P 25.53 35.78 1039
244 P 25.06 35.95 1397
245 P 25.06 36.01 672
246 P 24.61 35.99 600
247 P 28.28 35.52 129
