% Nframe | type | QP | PSNR | size (Bytes) 
0 I 43.66 30.28 5163
1 P 48.83 30.10 74
2 P 47.45 29.97 160
3 P 48.30 29.66 243
4 P 48.27 29.44 410
5 P 48.37 29.26 495
6 P 47.13 29.23 591
7 P 45.95 29.06 568
8 P 48.17 28.72 523
9 P 48.25 28.65 363
10 P 47.68 29.01 294
11 P 47.91 29.21 379
12 P 50.93 28.76 243
13 P 51.00 28.39 292
14 P 49.93 28.17 216
15 P 50.83 28.37 167
16 P 49.40 28.89 222
17 P 49.44 29.26 534
18 P 48.32 29.14 732
19 P 47.19 29.11 772
20 P 47.22 28.81 710
21 P 44.83 28.96 527
22 P 46.11 29.54 660
23 P 45.03 30.13 870
24 P 44.13 30.30 920
25 P 43.56 30.23 979
26 P 42.43 30.35 987
27 P 41.76 30.86 1157
28 P 41.49 31.03 1132
29 P 41.90 30.88 1141
30 P 41.84 30.92 1302
31 P 41.80 30.98 1306
32 P 41.21 31.28 1229
33 P 41.26 31.37 1132
34 P 40.85 31.10 1249
35 P 41.29 31.00 1416
36 P 40.94 31.01 1467
37 P 40.86 30.97 1116
38 P 40.72 31.15 809
39 P 40.24 31.24 892
40 P 41.11 31.26 955
41 P 41.33 31.10 843
42 P 41.20 31.04 970
43 P 41.26 31.02 817
44 P 41.39 31.05 865
45 P 40.64 31.16 810
46 P 41.08 31.09 874
47 P 41.58 30.86 788
48 P 43.57 30.69 574
49 P 43.26 30.83 530
50 P 42.45 31.08 632
51 P 42.01 31.03 710
52 P 41.32 31.00 861
53 P 41.99 30.97 792
54 P 41.90 30.94 887
55 P 42.03 30.82 835
56 P 41.12 30.77 841
57 P 42.26 30.83 928
58 P 40.63 31.19 1000
59 P 41.10 31.39 1238
60 P 40.82 31.68 1537
61 P 40.66 31.57 1667
62 P 40.90 31.27 1381
63 P 40.60 31.12 1531
64 P 40.59 31.10 1417
65 P 40.41 31.09 1331
66 P 41.19 31.15 1223
67 P 41.25 31.25 1195
68 P 40.17 31.26 1068
69 P 40.36 31.26 1189
70 P 40.56 31.14 1291
71 P 40.92 31.20 1207
72 P 40.98 31.14 1106
73 P 41.90 30.92 919
74 P 40.80 30.84 767
75 P 41.39 31.05 1043
76 P 41.73 31.35 1126
77 P 41.48 31.84 1519
78 P 41.58 32.01 1641
79 P 41.49 31.79 1718
80 P 42.32 31.47 1639
81 P 41.89 31.23 1710
82 P 41.88 31.01 1722
83 P 42.17 31.03 1609
84 P 41.89 31.05 1421
85 P 41.71 31.05 1391
86 P 40.98 31.09 1359
87 P 41.69 31.04 1207
88 P 41.23 31.14 1336
89 P 41.93 31.00 1294
90 P 42.71 30.91 1120
91 P 42.30 30.98 1129
92 P 42.86 30.92 1052
93 P 42.33 30.84 1130
94 P 43.18 30.72 959
95 P 42.64 30.57 951
96 P 43.15 30.44 868
97 P 43.27 30.55 807
98 P 42.49 30.43 871
99 P 42.72 30.23 804
100 P 42.98 30.04 780
101 P 43.51 30.04 650
102 P 43.13 30.09 861
103 P 42.56 30.38 1090
104 P 42.77 30.28 980
105 P 43.00 30.20 1200
106 P 42.40 30.17 988
107 P 43.15 30.19 1058
108 P 42.92 30.12 954
109 P 43.01 30.14 939
110 P 42.98 30.26 1029
111 P 43.17 30.18 1081
112 P 43.45 30.24 959
113 P 43.65 30.27 846
114 P 42.25 30.38 736
115 P 43.49 30.45 743
116 P 42.83 30.55 925
117 P 43.58 30.52 902
118 P 43.84 30.47 839
119 P 43.96 30.38 913
120 P 43.66 30.24 866
121 P 43.73 30.26 870
122 P 43.30 30.34 939
123 P 43.40 30.34 751
124 P 44.18 30.35 809
125 P 44.47 30.39 846
126 P 43.72 30.31 758
127 P 43.67 30.25 852
128 P 42.97 30.45 1023
129 P 43.90 30.70 1090
130 P 42.10 30.99 1018
131 P 42.17 31.15 1148
132 P 42.08 30.84 1111
133 P 43.26 30.68 1219
134 P 42.10 30.52 1013
135 P 43.02 30.55 959
136 P 42.78 30.48 923
137 P 42.94 30.44 975
138 P 42.51 30.31 713
139 P 43.15 30.41 674
140 P 43.21 30.52 838
141 P 42.01 30.68 957
142 P 42.32 30.89 1162
143 P 41.98 31.24 1147
144 P 41.73 31.59 1272
145 P 41.82 31.78 1376
146 P 43.14 31.88 1473
147 P 41.51 31.80 1862
148 P 42.37 31.32 1878
149 P 42.25 31.04 2107
150 P 42.10 31.10 2226
151 P 41.41 31.36 2114
152 P 41.53 31.64 1762
153 P 42.20 31.99 1591
154 P 40.84 32.18 2005
155 P 40.13 32.14 2030
156 P 39.95 32.33 2226
157 P 39.94 32.37 2889
158 P 39.93 32.66 3585
159 P 39.98 32.92 3796
160 P 40.32 32.81 3701
161 P 40.54 33.08 3788
162 P 39.97 33.92 4066
163 P 39.72 34.03 3495
164 P 39.18 34.79 3625
165 P 39.05 35.34 3154
166 P 38.85 34.95 2668
167 P 39.85 34.91 2764
168 P 39.47 34.86 2577
169 P 39.81 34.49 2730
170 P 39.65 34.15 3022
171 P 40.59 34.19 3239
172 P 40.63 33.91 3597
173 P 41.45 33.21 3507
174 P 44.24 32.73 3844
175 P 43.01 30.54 2598
176 P 43.46 29.89 2301
177 P 43.95 29.41 1708
178 P 44.07 29.23 1682
179 P 44.64 29.00 1766
180 P 44.40 28.67 1507
181 P 45.15 28.43 1905
182 P 44.82 28.21 1859
183 P 45.94 27.89 1808
184 P 46.18 27.49 1667
185 P 46.75 27.19 2027
186 P 47.08 26.85 1806
187 P 46.84 26.54 1942
188 P 46.61 26.49 2107
189 P 46.88 26.63 2034
190 P 47.05 26.53 1738
191 P 47.03 26.34 1614
192 P 47.07 26.18 1466
193 P 47.67 25.87 1489
194 P 47.62 25.81 1429
195 P 47.77 25.65 1382
196 P 48.20 25.45 1733
197 P 48.02 25.27 1672
198 P 48.44 25.14 1181
199 P 48.65 24.99 1525
200 P 48.78 24.87 1147
201 P 48.93 24.43 1871
202 P 48.83 24.07 1788
203 P 49.51 23.69 1732
204 P 49.88 23.17 1713
205 P 50.19 22.70 1755
206 P 50.19 22.61 1902
207 P 50.67 22.26 1391
208 P 50.84 22.19 575
209 P 50.82 22.18 699
210 P 50.35 22.16 335
211 P 50.97 22.15 406
212 P 50.94 22.21 607
213 P 50.85 22.16 642
214 P 50.78 22.18 541
215 P 50.86 22.18 636
216 P 50.67 22.16 553
217 P 50.66 22.14 358
218 P 50.87 22.11 213
219 P 51.00 22.11 138
220 P 51.00 22.12 81
221 P 51.00 22.14 65
222 P 51.00 22.13 50
223 P 51.00 22.17 66
224 P 51.00 22.17 44
225 P 51.00 22.23 18
226 P 51.00 22.30 36
227 P 51.00 22.34 58
228 P 51.00 22.36 67
229 P 51.00 22.34 86
230 P 50.92 22.37 62
231 P 50.42 22.37 65
232 P 51.00 22.38 47
233 P 51.00 22.38 62
234 P 51.00 22.38 61
235 P 49.35 22.41 75
236 P 49.74 22.44 77
237 P 51.00 22.45 62
238 P 50.51 22.49 84
239 P 50.80 22.49 94
240 P 48.17 22.51 121
241 P 51.00 22.52 129
242 P 50.17 22.56 144
243 P 51.00 22.57 171
244 P 50.82 22.58 193
245 P 48.89 22.60 173
246 P 51.00 22.61 98
247 P 50.52 22.60 88
