% Nframe | type | QP | PSNR | size (Bytes) 
0 I 41.26 32.28 12299
1 P 45.23 31.99 197
2 P 45.68 31.81 407
3 P 44.52 31.54 725
4 P 44.69 31.65 1097
5 P 45.65 31.67 1027
6 P 45.10 31.62 1140
7 P 44.94 31.36 1148
8 P 45.03 31.10 1134
9 P 45.21 30.92 1061
10 P 45.13 31.13 919
11 P 45.71 31.42 1069
12 P 50.37 29.80 425
13 P 51.00 29.13 656
14 P 49.97 28.84 532
15 P 48.48 29.33 465
16 P 48.51 30.04 755
17 P 47.21 30.68 1155
18 P 46.38 30.83 1392
19 P 45.19 30.67 1582
20 P 45.71 30.37 1763
21 P 44.36 30.45 1272
22 P 44.08 30.91 1418
23 P 43.11 31.46 1889
24 P 43.49 31.85 1794
25 P 42.17 31.61 2114
26 P 41.56 31.62 1893
27 P 40.93 32.17 2145
28 P 40.71 32.36 2180
29 P 41.28 32.15 2166
30 P 40.91 32.08 2595
31 P 41.23 32.22 2604
32 P 40.74 32.50 2313
33 P 40.67 32.59 2326
34 P 40.52 32.32 2464
35 P 40.48 32.11 2851
36 P 40.46 32.16 2847
37 P 40.12 32.08 2186
38 P 39.81 32.36 1690
39 P 40.36 32.46 1882
40 P 41.05 32.46 1856
41 P 40.49 32.39 1876
42 P 40.59 32.25 1874
43 P 40.57 32.28 1805
44 P 40.28 32.27 1767
45 P 40.56 32.35 1674
46 P 40.92 32.24 1742
47 P 41.48 31.96 1561
48 P 42.38 31.89 1304
49 P 41.78 32.00 1130
50 P 41.39 32.22 1359
51 P 41.76 32.24 1629
52 P 40.98 32.05 1611
53 P 41.49 32.06 1626
54 P 41.98 32.02 1759
55 P 41.45 31.86 1681
56 P 41.19 31.89 1858
57 P 40.96 31.95 1873
58 P 41.15 32.25 1963
59 P 41.23 32.53 2640
60 P 40.95 32.82 2851
61 P 40.49 32.66 3015
62 P 40.46 32.41 2951
63 P 40.46 32.29 2937
64 P 40.39 32.18 2669
65 P 40.71 32.11 2303
66 P 40.59 32.17 2355
67 P 40.11 32.31 2325
68 P 40.31 32.39 2133
69 P 40.07 32.32 2235
70 P 40.62 32.27 2404
71 P 40.49 32.30 2285
72 P 41.19 32.22 2270
73 P 42.19 32.00 1834
74 P 41.98 31.91 1519
75 P 41.74 32.23 2095
76 P 41.20 32.44 2443
77 P 40.94 32.99 3140
78 P 40.64 33.13 3201
79 P 41.09 33.11 3458
80 P 40.91 32.75 3330
81 P 41.16 32.50 3410
82 P 41.11 32.26 3360
83 P 41.07 32.17 3030
84 P 40.90 32.20 2829
85 P 40.43 32.25 2803
86 P 40.20 32.27 2484
87 P 40.45 32.31 2664
88 P 40.63 32.27 2653
89 P 41.28 32.08 2594
90 P 41.79 31.93 2384
91 P 42.38 31.97 2244
92 P 41.64 31.94 2416
93 P 41.91 31.91 2420
94 P 41.76 31.78 1897
95 P 42.22 31.63 1866
96 P 41.94 31.51 1687
97 P 42.09 31.56 1619
98 P 42.58 31.43 1719
99 P 42.29 31.20 1620
100 P 42.54 31.09 1683
101 P 42.16 31.04 1382
102 P 43.10 31.16 1774
103 P 42.22 31.49 1980
104 P 42.23 31.42 2056
105 P 42.69 31.17 2096
106 P 42.28 31.28 2051
107 P 42.06 31.20 2092
108 P 42.66 31.19 2054
109 P 42.66 31.14 1997
110 P 42.46 31.23 2077
111 P 41.62 31.19 2098
112 P 42.96 31.24 1961
113 P 42.02 31.31 1740
114 P 42.49 31.38 1410
115 P 42.33 31.53 1652
116 P 42.93 31.56 1746
117 P 43.03 31.59 1853
118 P 43.51 31.51 1658
119 P 43.77 31.48 1928
120 P 43.49 31.35 1740
121 P 43.29 31.32 1695
122 P 42.33 31.32 1612
123 P 43.39 31.38 1508
124 P 42.71 31.50 1540
125 P 43.36 31.47 1629
126 P 43.89 31.33 1552
127 P 43.56 31.24 1667
128 P 42.59 31.48 2063
129 P 42.78 31.68 2028
130 P 41.83 32.09 2300
131 P 42.00 32.17 2345
132 P 41.31 31.88 2316
133 P 42.51 31.70 2296
134 P 42.22 31.65 2037
135 P 42.43 31.63 1761
136 P 42.58 31.51 1926
137 P 42.80 31.54 2059
138 P 42.52 31.34 1688
139 P 42.96 31.53 1392
140 P 42.46 31.58 1553
141 P 42.63 31.78 1998
142 P 42.00 31.94 2313
143 P 42.13 32.16 2153
144 P 41.85 32.59 2539
145 P 42.03 32.89 2885
146 P 41.98 32.80 2980
147 P 42.52 32.68 3523
148 P 41.63 32.31 3942
149 P 41.99 32.03 4217
150 P 41.67 32.16 4383
151 P 41.19 32.36 3883
152 P 40.98 32.56 3310
153 P 40.83 32.96 3492
154 P 40.91 32.99 3765
155 P 40.40 33.12 3867
156 P 40.20 33.17 4254
157 P 39.97 32.94 4143
158 P 40.09 33.32 6109
159 P 40.17 33.36 6254
160 P 40.12 33.18 6955
161 P 39.97 33.39 7227
162 P 39.97 34.14 7371
163 P 39.35 35.16 7762
164 P 39.35 35.53 6513
165 P 38.77 36.61 6545
166 P 39.55 35.87 5163
167 P 39.00 35.85 5312
168 P 39.92 35.66 5090
169 P 40.63 35.48 5022
170 P 40.05 34.88 5642
171 P 39.58 35.18 6899
172 P 40.19 34.50 6881
173 P 41.48 34.24 6756
174 P 43.27 33.05 6785
175 P 42.36 32.17 6560
176 P 43.65 30.83 2969
177 P 43.34 30.09 2753
178 P 44.18 29.70 3565
179 P 44.19 29.67 3686
180 P 44.61 29.49 3567
181 P 44.81 29.33 3551
182 P 45.24 28.94 3455
183 P 45.89 28.73 3161
184 P 45.76 28.20 3494
185 P 46.24 27.81 2553
186 P 46.49 27.14 2944
187 P 46.90 27.25 3063
188 P 46.22 27.08 4070
189 P 46.06 27.32 3845
190 P 46.26 27.33 3358
191 P 46.20 27.18 3695
192 P 46.85 26.86 3348
193 P 46.80 26.74 3250
194 P 47.02 26.69 2844
195 P 47.11 26.44 3013
196 P 47.43 26.29 3104
197 P 47.35 26.12 2747
198 P 47.91 26.04 2968
199 P 47.66 25.88 3139
200 P 48.10 25.81 2108
201 P 48.25 25.43 2613
202 P 48.80 25.02 3003
203 P 48.75 24.59 4237
204 P 49.16 24.17 3620
205 P 49.60 23.71 3920
206 P 49.61 23.62 4081
207 P 50.20 23.15 3248
208 P 50.31 23.05 1652
209 P 50.37 22.97 1707
210 P 50.53 22.93 934
211 P 50.60 22.91 1068
212 P 50.52 23.00 1526
213 P 50.61 23.01 1816
214 P 50.43 22.99 1478
215 P 50.48 22.98 1624
216 P 50.75 22.96 1580
217 P 50.69 22.93 1010
218 P 50.94 22.93 679
219 P 50.69 22.92 346
220 P 50.73 22.97 229
221 P 51.00 22.97 127
222 P 49.88 22.98 133
223 P 51.00 23.02 122
224 P 51.00 23.02 100
225 P 50.53 23.12 87
226 P 49.99 23.21 121
227 P 50.59 23.27 106
228 P 49.82 23.28 183
229 P 50.81 23.25 216
230 P 51.00 23.29 122
231 P 50.96 23.29 90
232 P 49.89 23.30 84
233 P 50.63 23.30 84
234 P 49.18 23.31 115
235 P 50.68 23.32 127
236 P 50.58 23.33 119
237 P 51.00 23.34 174
238 P 50.59 23.36 216
239 P 50.49 23.36 301
240 P 50.94 23.36 384
241 P 50.41 23.36 407
242 P 50.55 23.37 419
243 P 50.18 23.38 538
244 P 50.45 23.36 580
245 P 49.71 23.37 305
246 P 50.07 23.40 368
247 P 50.92 23.40 304
