% Nframe | type | QP | PSNR | size (Bytes) 
0 I 49.53 29.26 4062
1 P 51.00 29.09 48
2 P 51.00 28.88 100
3 P 51.00 28.52 182
4 P 51.00 28.18 223
5 P 50.98 27.86 373
6 P 50.99 27.54 395
7 P 51.00 27.17 413
8 P 50.86 26.99 362
9 P 51.00 26.95 215
10 P 50.99 27.31 210
11 P 50.89 27.55 217
12 P 51.00 27.75 277
13 P 51.00 27.00 57
14 P 51.00 27.56 280
15 P 51.00 27.63 80
16 P 51.00 27.82 146
17 P 51.00 27.72 339
18 P 51.00 27.36 493
19 P 51.00 26.96 482
20 P 51.00 26.48 329
21 P 51.00 26.65 245
22 P 51.00 26.93 218
23 P 51.00 27.25 364
24 P 51.00 27.42 315
25 P 51.00 27.31 372
26 P 50.83 27.26 324
27 P 51.00 27.23 408
28 P 50.59 27.26 538
29 P 50.74 26.89 522
30 P 50.87 26.90 496
31 P 50.81 27.03 505
32 P 50.96 27.10 489
33 P 50.92 27.06 459
34 P 50.95 27.03 468
35 P 50.90 26.86 442
36 P 50.40 26.78 449
37 P 50.86 26.60 315
38 P 50.66 26.76 282
39 P 50.81 26.89 404
40 P 50.65 26.96 419
41 P 50.19 26.83 418
42 P 50.86 26.66 437
43 P 50.90 26.62 466
44 P 50.07 26.52 472
45 P 50.54 26.69 514
46 P 50.68 26.59 486
47 P 50.86 26.34 364
48 P 50.41 26.40 238
49 P 50.59 26.60 171
50 P 50.92 26.81 272
51 P 50.83 26.83 397
52 P 50.46 26.79 497
53 P 50.85 26.76 362
54 P 50.96 26.72 377
55 P 50.87 26.59 271
56 P 50.77 26.54 249
57 P 50.90 26.47 242
58 P 50.34 26.50 416
59 P 50.13 26.53 612
60 P 49.83 26.71 722
61 P 49.87 26.55 832
62 P 50.15 26.31 685
63 P 49.81 26.20 665
64 P 49.70 26.16 576
65 P 49.71 26.14 461
66 P 50.03 26.12 498
67 P 49.86 26.17 574
68 P 49.45 26.13 596
69 P 49.42 26.17 679
70 P 49.60 26.19 617
71 P 49.90 26.14 559
72 P 49.95 26.02 519
73 P 50.46 25.96 473
74 P 49.47 25.91 315
75 P 49.72 26.10 371
76 P 50.33 26.44 548
77 P 49.60 26.66 740
78 P 49.63 27.07 890
79 P 49.53 27.14 846
80 P 50.29 26.89 681
81 P 50.34 26.80 750
82 P 50.18 26.55 691
83 P 50.22 26.51 641
84 P 50.18 26.60 564
85 P 49.95 26.55 602
86 P 48.88 26.53 613
87 P 49.70 26.64 689
88 P 50.22 26.63 672
89 P 50.10 26.48 714
90 P 50.68 26.57 624
91 P 50.57 26.53 458
92 P 50.61 26.57 586
93 P 50.40 26.48 618
94 P 50.22 26.50 589
95 P 50.28 26.36 593
96 P 50.30 26.33 521
97 P 49.71 26.48 553
98 P 49.94 26.32 543
99 P 50.64 26.27 491
100 P 49.85 26.14 367
101 P 50.05 26.22 303
102 P 50.70 26.33 339
103 P 50.47 26.42 431
104 P 50.16 26.30 542
105 P 50.43 26.13 532
106 P 49.76 26.21 452
107 P 50.66 26.05 431
108 P 50.49 26.09 466
109 P 50.16 25.99 441
110 P 50.36 26.00 492
111 P 50.75 25.93 462
112 P 50.54 26.02 491
113 P 50.95 25.96 347
114 P 50.72 26.13 372
115 P 50.27 26.21 389
116 P 50.96 26.19 363
117 P 50.91 26.16 353
118 P 50.80 26.12 388
119 P 50.89 26.16 460
120 P 50.87 26.09 358
121 P 50.91 26.11 345
122 P 50.52 26.11 351
123 P 50.57 26.22 361
124 P 50.73 26.23 386
125 P 50.75 26.24 454
126 P 50.83 26.10 433
127 P 50.23 26.14 398
128 P 50.43 26.33 363
129 P 49.73 26.52 483
130 P 50.02 26.86 613
131 P 50.17 26.82 629
132 P 49.56 26.52 558
133 P 49.89 26.54 581
134 P 50.43 26.45 513
135 P 50.02 26.55 490
136 P 50.67 26.42 432
137 P 50.42 26.31 431
138 P 50.43 26.28 379
139 P 50.86 26.36 291
140 P 50.70 26.46 302
141 P 49.89 26.46 421
142 P 50.33 26.65 621
143 P 50.01 26.92 669
144 P 50.30 27.16 782
145 P 50.30 27.28 833
146 P 49.69 27.44 912
147 P 49.87 27.44 1007
148 P 50.25 27.12 903
149 P 49.26 26.93 1029
150 P 49.11 26.98 1194
151 P 49.82 27.08 1162
152 P 49.79 27.00 997
153 P 49.22 27.21 1126
154 P 49.14 27.10 1156
155 P 49.01 27.17 1392
156 P 48.47 27.01 1511
157 P 48.52 26.71 1632
158 P 48.75 27.12 2009
159 P 48.46 26.47 2084
160 P 48.87 26.14 2159
161 P 48.43 26.33 2366
162 P 48.22 26.65 2492
163 P 47.77 27.13 2672
164 P 48.13 27.62 2404
165 P 48.12 28.11 2309
166 P 48.88 27.86 1777
167 P 47.79 28.40 1845
168 P 48.47 28.00 1460
169 P 49.25 27.83 1447
170 P 49.21 27.30 1538
171 P 48.82 26.89 1696
172 P 49.77 25.91 1718
173 P 49.96 25.53 1775
174 P 51.00 24.95 1776
175 P 51.00 24.39 1662
176 P 51.00 24.13 1530
177 P 51.00 23.51 1094
178 P 51.00 23.36 1309
179 P 51.00 23.43 1341
180 P 51.00 23.08 1189
181 P 51.00 23.21 1259
182 P 51.00 23.22 1215
183 P 51.00 23.19 1423
184 P 51.00 23.24 1590
185 P 51.00 23.09 1460
186 P 51.00 23.16 1549
187 P 51.00 23.21 1830
188 P 51.00 23.24 1522
189 P 51.00 23.32 1656
190 P 51.00 23.28 1478
191 P 51.00 23.31 1538
192 P 51.00 23.11 1484
193 P 51.00 23.15 1673
194 P 51.00 23.09 1790
195 P 51.00 22.89 1715
196 P 51.00 22.87 1893
197 P 51.00 22.71 1684
198 P 51.00 22.85 1630
199 P 51.00 22.86 1313
200 P 51.00 22.77 1359
201 P 51.00 22.53 1313
202 P 51.00 22.26 1334
203 P 51.00 21.94 1339
204 P 51.00 21.66 1324
205 P 51.00 21.44 1251
206 P 51.00 21.28 1274
207 P 51.00 20.95 776
208 P 51.00 20.85 331
209 P 51.00 20.79 239
210 P 51.00 20.75 126
211 P 51.00 20.67 85
212 P 51.00 20.63 152
213 P 51.00 20.53 170
214 P 51.00 20.48 172
215 P 51.00 20.39 141
216 P 51.00 20.29 140
217 P 51.00 20.25 112
218 P 51.00 20.23 74
219 P 51.00 20.22 32
220 P 51.00 20.22 12
221 P 51.00 20.23 20
222 P 51.00 20.22 21
223 P 51.00 20.24 25
224 P 51.00 20.24 23
225 P 51.00 20.29 29
226 P 51.00 20.35 20
227 P 51.00 20.40 29
228 P 51.00 20.42 15
229 P 51.00 20.42 24
230 P 51.00 20.44 41
231 P 51.00 20.43 12
232 P 51.00 20.46 57
233 P 51.00 20.48 62
234 P 51.00 20.49 61
235 P 51.00 20.55 100
236 P 51.00 20.57 53
237 P 51.00 20.61 78
238 P 51.00 20.66 78
239 P 51.00 20.69 38
240 P 51.00 20.73 71
241 P 51.00 20.78 106
242 P 51.00 20.82 68
243 P 51.00 20.84 78
244 P 51.00 20.88 132
245 P 51.00 20.89 69
246 P 51.00 20.91 68
247 P 51.00 20.92 40
