% Nframe | type | QP | PSNR | size (Bytes) 
0 I 26.39 39.99 16754
1 P 28.48 39.56 879
2 P 29.64 39.43 1484
3 P 29.77 39.41 2107
4 P 29.71 39.48 2513
5 P 28.97 39.61 2668
6 P 29.29 39.62 2514
7 P 29.40 39.44 2217
8 P 29.94 39.14 2141
9 P 30.04 38.97 2478
10 P 30.13 39.17 2608
11 P 29.39 39.33 3088
12 P 34.58 38.10 1009
13 P 32.13 38.16 2181
14 P 30.20 38.72 3494
15 P 27.73 39.39 3151
16 P 25.71 40.20 3680
17 P 24.84 40.76 5634
18 P 24.14 41.10 6634
19 P 23.38 41.15 7389
20 P 22.91 41.05 7707
21 P 22.22 41.40 6425
22 P 21.58 41.86 8154
23 P 21.67 42.18 10421
24 P 21.14 42.59 9995
25 P 20.86 42.51 11143
26 P 20.54 42.55 10518
27 P 20.39 42.83 9456
28 P 20.20 43.00 9130
29 P 20.38 42.78 10690
30 P 20.71 42.52 11901
31 P 21.05 42.54 11661
32 P 21.04 42.64 10402
33 P 21.22 42.68 9024
34 P 21.45 42.41 10159
35 P 21.95 42.07 9848
36 P 22.00 41.96 9255
37 P 22.58 41.78 6294
38 P 23.13 41.82 5004
39 P 23.23 41.86 6263
40 P 23.06 41.78 6335
41 P 23.48 41.58 5666
42 P 23.98 41.45 5289
43 P 23.77 41.36 4726
44 P 24.37 41.36 4676
45 P 23.98 41.34 4695
46 P 24.37 41.12 4648
47 P 25.57 40.76 4664
48 P 26.43 40.65 3903
49 P 25.98 40.92 2914
50 P 25.42 41.13 3163
51 P 26.14 41.09 4641
52 P 25.40 40.88 4965
53 P 25.58 40.91 4546
54 P 24.94 40.91 4951
55 P 24.91 40.82 5022
56 P 24.72 40.82 5013
57 P 24.81 40.79 5147
58 P 24.57 41.00 5503
59 P 24.21 41.16 7101
60 P 24.54 41.37 8090
61 P 23.60 41.38 7910
62 P 23.67 41.21 7591
63 P 23.63 41.09 7910
64 P 23.72 41.06 7138
65 P 23.24 41.04 6421
66 P 23.50 41.13 6812
67 P 23.40 41.26 6575
68 P 23.30 41.33 5893
69 P 23.45 41.20 6594
70 P 23.61 41.11 7140
71 P 23.80 41.12 6968
72 P 24.03 40.98 6767
73 P 24.15 40.79 6237
74 P 24.11 40.70 5951
75 P 24.39 40.83 6986
76 P 24.07 41.09 7763
77 P 24.10 41.41 8724
78 P 23.94 41.64 9292
79 P 23.94 41.52 8876
80 P 24.41 41.20 9773
81 P 24.27 41.03 10306
82 P 24.55 40.74 9648
83 P 24.03 40.72 8753
84 P 24.81 40.93 8127
85 P 24.20 41.05 7251
86 P 23.99 41.16 6698
87 P 24.01 41.17 6916
88 P 24.01 41.09 6996
89 P 24.00 40.96 7017
90 P 24.57 40.81 6924
91 P 24.80 40.68 7055
92 P 24.62 40.70 7194
93 P 25.02 40.61 6701
94 P 25.07 40.64 5261
95 P 25.33 40.52 5058
96 P 25.51 40.42 4711
97 P 25.41 40.46 4313
98 P 25.93 40.34 4801
99 P 25.52 40.08 5183
100 P 25.58 39.98 5297
101 P 25.84 39.96 4722
102 P 26.07 40.07 4738
103 P 25.63 40.38 5721
104 P 26.47 40.35 6158
105 P 26.24 40.12 6489
106 P 25.87 40.22 5671
107 P 26.86 40.14 5324
108 P 26.39 40.15 5454
109 P 25.69 40.19 5564
110 P 25.69 40.25 5746
111 P 25.61 40.29 5742
112 P 25.35 40.27 5020
113 P 25.96 40.33 4903
114 P 26.51 40.42 4085
115 P 26.05 40.57 4138
116 P 26.10 40.52 4645
117 P 26.44 40.50 4929
118 P 26.89 40.51 5204
119 P 26.73 40.34 5722
120 P 26.60 40.22 5548
121 P 26.93 40.22 5523
122 P 26.80 40.26 5572
123 P 27.09 40.35 4572
124 P 27.21 40.47 4259
125 P 26.89 40.39 4555
126 P 26.97 40.32 5006
127 P 26.47 40.26 5747
128 P 26.66 40.47 6312
129 P 26.37 40.75 6428
130 P 26.41 41.08 6876
131 P 25.91 41.16 6853
132 P 26.55 41.01 6398
133 P 26.98 40.79 6729
134 P 26.54 40.74 5991
135 P 25.95 40.75 5197
136 P 26.49 40.62 5676
137 P 26.51 40.62 5374
138 P 26.39 40.49 4666
139 P 26.22 40.63 3687
140 P 27.07 40.66 5286
141 P 26.95 40.79 6191
142 P 26.96 40.81 6342
143 P 26.22 41.14 5967
144 P 26.37 41.28 6789
145 P 26.63 41.33 7017
146 P 25.91 41.55 7509
147 P 25.65 41.52 9055
148 P 25.41 40.96 9848
149 P 25.43 40.82 10592
150 P 24.53 40.87 10553
151 P 24.26 41.13 10132
152 P 23.86 41.35 9196
153 P 23.75 41.64 9802
154 P 23.98 41.79 10009
155 P 23.85 42.03 9904
156 P 23.72 42.17 9380
157 P 23.74 42.37 9364
158 P 23.74 42.60 10990
159 P 23.89 42.95 13345
160 P 24.06 43.07 13545
161 P 23.85 43.29 13324
162 P 23.62 44.04 11819
163 P 23.36 44.85 10830
164 P 22.92 45.58 9600
165 P 22.43 46.24 7807
166 P 22.52 46.09 7924
167 P 22.28 46.06 8015
168 P 22.29 46.08 8014
169 P 22.24 45.57 9036
170 P 22.82 44.95 10126
171 P 23.14 44.85 11013
172 P 23.47 44.34 11340
173 P 23.75 44.19 11520
174 P 25.19 43.33 12891
175 P 25.14 42.52 10216
176 P 25.27 42.29 9006
177 P 25.30 41.97 8675
178 P 25.26 41.69 9353
179 P 25.28 41.30 9499
180 P 25.55 41.04 9349
181 P 25.79 40.69 10265
182 P 25.99 40.46 10194
183 P 26.13 40.25 9589
184 P 26.47 39.76 10093
185 P 26.75 39.35 10584
186 P 27.00 39.07 10826
187 P 27.02 38.81 9921
188 P 27.08 38.79 9295
189 P 27.05 39.05 8569
190 P 27.01 38.94 8636
191 P 27.34 38.63 8879
192 P 27.52 38.35 9595
193 P 27.71 38.02 9541
194 P 27.94 37.86 8713
195 P 28.36 37.66 8524
196 P 28.49 37.42 10003
197 P 28.61 37.18 10818
198 P 28.64 36.99 8521
199 P 28.74 36.78 9575
200 P 29.20 36.45 10201
201 P 29.35 35.89 12447
202 P 29.54 35.11 13298
203 P 29.74 34.39 15649
204 P 30.07 33.49 15262
205 P 30.21 32.97 13032
206 P 30.27 32.87 9028
207 P 30.56 32.27 10273
208 P 30.82 32.25 5422
209 P 30.71 32.33 4971
210 P 31.05 32.30 4108
211 P 30.99 32.25 3949
212 P 30.80 32.43 3620
213 P 30.93 32.39 3479
214 P 31.37 32.29 3167
215 P 31.18 32.30 3108
216 P 31.52 32.21 2757
217 P 31.69 32.14 2530
218 P 31.75 32.09 1941
219 P 31.88 32.09 1349
220 P 31.88 32.15 1038
221 P 31.60 32.16 1032
222 P 32.25 32.18 772
223 P 31.96 32.23 858
224 P 31.50 32.21 768
225 P 32.16 32.19 1135
226 P 31.76 32.17 1733
227 P 32.12 32.10 2022
228 P 31.64 32.14 2324
229 P 31.57 32.28 2231
230 P 31.30 32.29 2248
231 P 31.23 32.38 1198
232 P 31.17 32.39 1112
233 P 31.32 32.44 1284
234 P 31.21 32.51 1221
235 P 30.98 32.44 1581
236 P 30.91 32.48 1506
237 P 30.79 32.44 2020
238 P 30.77 32.47 2109
239 P 30.87 32.43 2611
240 P 30.63 32.46 3399
241 P 30.67 32.48 3319
242 P 30.68 32.54 3437
243 P 30.47 32.54 3859
244 P 30.39 32.60 4181
245 P 30.29 32.69 2991
246 P 30.35 32.70 2767
247 P 32.41 32.29 690
