% Nframe | type | QP | PSNR | size (Bytes) 
0 I 23.38 41.55 13386
1 P 24.37 41.08 828
2 P 25.76 40.76 1560
3 P 24.63 40.75 2289
4 P 26.00 40.81 2359
5 P 24.97 40.75 2454
6 P 24.62 40.83 2340
7 P 25.32 40.64 2314
8 P 26.43 40.48 2286
9 P 25.85 40.48 2405
10 P 26.18 40.49 2491
11 P 25.66 40.61 2895
12 P 31.14 38.96 964
13 P 27.08 40.00 3123
14 P 23.70 40.86 3843
15 P 21.96 41.54 3573
16 P 20.69 42.33 4495
17 P 20.08 42.88 6147
18 P 19.60 43.25 7074
19 P 19.00 43.46 7658
20 P 18.59 43.67 7490
21 P 18.21 43.94 6598
22 P 18.14 44.29 8116
23 P 17.80 44.56 9177
24 P 17.20 44.95 9476
25 P 16.92 44.90 10531
26 P 17.06 44.87 9255
27 P 16.93 45.00 8625
28 P 16.69 45.10 8946
29 P 16.93 44.92 9440
30 P 17.20 44.70 10449
31 P 17.51 44.76 10118
32 P 17.58 44.81 8951
33 P 17.59 44.75 8121
34 P 17.98 44.64 9244
35 P 18.04 44.34 9183
36 P 18.27 44.18 8704
37 P 18.32 44.11 6497
38 P 18.70 44.12 5854
39 P 19.01 44.06 6492
40 P 18.92 43.98 6433
41 P 19.26 43.91 6043
42 P 19.12 43.79 5803
43 P 19.72 43.68 5437
44 P 19.54 43.64 5339
45 P 19.60 43.68 5667
46 P 19.71 43.40 5447
47 P 19.67 43.26 5260
48 P 20.19 43.22 4581
49 P 20.11 43.36 3768
50 P 19.94 43.47 4321
51 P 19.99 43.29 5571
52 P 19.95 43.26 5866
53 P 20.20 43.22 4886
54 P 20.12 43.26 5465
55 P 20.60 43.19 5299
56 P 19.99 43.16 5119
57 P 20.19 43.07 5572
58 P 20.03 43.21 5594
59 P 19.85 43.28 6966
60 P 19.82 43.37 7445
61 P 19.58 43.36 7815
62 P 19.54 43.28 7384
63 P 19.67 43.38 7623
64 P 19.58 43.35 6769
65 P 19.73 43.29 6305
66 P 19.67 43.30 6585
67 P 19.63 43.34 6278
68 P 19.48 43.44 5938
69 P 19.59 43.25 6446
70 P 19.52 43.24 6966
71 P 19.42 43.23 7050
72 P 19.78 43.22 7108
73 P 19.71 43.09 6373
74 P 19.73 42.96 5980
75 P 19.81 43.05 6817
76 P 20.13 43.06 7386
77 P 19.81 43.32 8132
78 P 19.58 43.44 8473
79 P 19.59 43.37 8532
80 P 19.62 43.07 8868
81 P 19.82 42.96 9183
82 P 20.13 42.82 8835
83 P 19.96 42.86 8308
84 P 20.08 42.97 7747
85 P 19.96 43.09 7189
86 P 20.06 43.20 6543
87 P 19.94 43.09 6875
88 P 19.90 43.08 7092
89 P 20.10 42.91 6964
90 P 20.16 42.82 6840
91 P 20.37 42.71 7100
92 P 20.44 42.61 7112
93 P 20.61 42.54 6797
94 P 20.32 42.60 5371
95 P 20.60 42.59 5551
96 P 20.48 42.57 5261
97 P 20.68 42.64 4735
98 P 20.90 42.52 5401
99 P 20.84 42.34 5402
100 P 20.83 42.28 5639
101 P 20.90 42.19 4984
102 P 21.03 42.27 5313
103 P 21.16 42.46 5923
104 P 20.96 42.48 6375
105 P 20.77 42.31 6467
106 P 20.80 42.35 5721
107 P 20.57 42.36 5488
108 P 20.58 42.34 5667
109 P 20.49 42.33 5603
110 P 20.63 42.38 5742
111 P 20.36 42.49 5907
112 P 20.41 42.45 5136
113 P 20.30 42.47 5097
114 P 20.43 42.54 4822
115 P 20.35 42.60 4700
116 P 20.75 42.68 5084
117 P 20.90 42.65 5310
118 P 20.63 42.58 5218
119 P 20.84 42.47 5679
120 P 20.90 42.39 5676
121 P 20.93 42.33 5527
122 P 21.14 42.41 5585
123 P 20.77 42.55 5052
124 P 21.11 42.58 4475
125 P 20.62 42.54 5050
126 P 20.43 42.42 5166
127 P 20.61 42.39 5479
128 P 20.41 42.61 6065
129 P 20.49 42.81 5913
130 P 21.06 43.12 5985
131 P 20.91 43.23 6112
132 P 20.66 43.00 6134
133 P 20.93 42.83 6141
134 P 21.06 42.83 5723
135 P 20.90 42.90 5081
136 P 20.78 42.86 5558
137 P 21.04 42.79 5288
138 P 20.99 42.71 4860
139 P 21.06 42.76 4253
140 P 20.92 42.71 5658
141 P 21.05 42.79 6319
142 P 20.83 42.79 6247
143 P 20.71 42.99 5840
144 P 20.63 43.09 6337
145 P 20.86 43.21 6520
146 P 20.11 43.39 7294
147 P 20.20 43.44 8431
148 P 20.30 43.04 9237
149 P 20.30 42.74 9994
150 P 20.30 42.78 10122
151 P 19.97 43.00 9561
152 P 19.88 43.08 8693
153 P 20.10 43.23 9229
154 P 20.21 43.38 9192
155 P 20.01 43.62 9280
156 P 19.99 43.78 8840
157 P 20.14 43.89 8568
158 P 20.16 44.15 8949
159 P 20.14 44.21 9068
160 P 20.34 44.21 8749
161 P 20.15 44.46 9906
162 P 19.92 45.18 9475
163 P 19.58 45.92 8709
164 P 19.04 46.65 7995
165 P 18.60 47.51 6902
166 P 18.34 47.49 6578
167 P 18.40 47.14 6600
168 P 18.47 47.13 6754
169 P 18.53 46.69 7372
170 P 18.93 46.19 7722
171 P 19.23 46.11 8067
172 P 19.56 45.48 7711
173 P 19.87 45.43 7530
174 P 20.67 44.66 8945
175 P 20.78 44.19 9196
176 P 21.10 44.09 9132
177 P 21.08 43.92 8897
178 P 21.05 43.75 9032
179 P 21.24 43.43 9406
180 P 21.26 43.17 9510
181 P 21.31 42.93 10544
182 P 21.54 42.64 10276
183 P 21.70 42.41 9677
184 P 22.13 42.10 10563
185 P 22.29 41.80 10710
186 P 22.37 41.60 10789
187 P 22.55 41.48 10192
188 P 22.48 41.54 9477
189 P 22.63 41.59 8516
190 P 22.56 41.57 9000
191 P 22.73 41.17 9048
192 P 22.85 40.90 9670
193 P 23.20 40.68 9627
194 P 23.43 40.46 8878
195 P 23.73 40.29 8773
196 P 23.74 40.24 9864
197 P 23.97 40.08 10356
198 P 24.12 39.91 8339
199 P 24.30 39.67 9098
200 P 24.47 39.22 10060
201 P 24.60 38.59 12390
202 P 24.73 37.87 13659
203 P 24.82 37.29 16106
204 P 25.08 36.42 15107
205 P 25.28 36.19 12607
206 P 25.22 36.16 10666
207 P 25.50 35.92 10657
208 P 25.68 35.76 8331
209 P 25.51 35.77 9009
210 P 25.71 35.79 6653
211 P 25.85 35.80 6619
212 P 25.80 35.89 5828
213 P 25.64 35.91 4805
214 P 26.00 35.79 5121
215 P 26.29 35.73 4803
216 P 26.34 35.60 4435
217 P 26.46 35.54 3755
218 P 26.51 35.54 3307
219 P 26.44 35.56 2140
220 P 26.32 35.62 1078
221 P 26.52 35.66 1052
222 P 26.52 35.69 845
223 P 26.66 35.82 790
224 P 26.62 35.78 661
225 P 26.74 35.69 1335
226 P 27.10 35.52 2374
227 P 26.32 35.54 2304
228 P 26.87 35.50 3103
229 P 26.40 35.61 2203
230 P 26.71 35.62 1984
231 P 26.12 35.75 916
232 P 26.19 35.75 1285
233 P 26.30 35.82 1065
234 P 26.12 35.88 999
235 P 26.21 35.78 1532
236 P 26.07 35.87 1709
237 P 26.02 35.83 2819
238 P 26.04 35.90 2799
239 P 25.99 35.88 2984
240 P 25.93 35.81 3841
241 P 25.82 35.86 3764
242 P 25.93 35.88 4007
243 P 25.80 35.93 4174
244 P 25.77 36.00 4703
245 P 25.53 36.16 3342
246 P 25.51 36.21 3434
247 P 27.87 35.56 1131
