% Nframe | type | QP | PSNR | size (Bytes) 
0 I 26.92 39.26 9476
1 P 29.68 38.88 370
2 P 29.04 38.50 679
3 P 30.11 38.38 1170
4 P 29.39 38.46 1353
5 P 29.45 38.42 1344
6 P 30.00 38.49 1381
7 P 29.53 38.29 1364
8 P 30.40 38.14 1185
9 P 30.63 38.12 1322
10 P 30.31 38.18 1330
11 P 29.44 38.25 1625
12 P 33.87 37.03 527
13 P 30.34 37.47 1571
14 P 28.01 38.42 2455
15 P 25.48 39.16 2270
16 P 24.07 39.97 2747
17 P 23.21 40.69 4001
18 P 22.45 41.08 4861
19 P 22.22 41.30 5280
20 P 21.56 41.44 5117
21 P 21.17 41.85 4572
22 P 20.56 42.28 5508
23 P 20.30 42.69 6610
24 P 19.90 43.07 6803
25 P 19.52 43.07 7457
26 P 19.59 43.04 6491
27 P 19.37 43.27 6056
28 P 19.53 43.35 6194
29 P 19.43 43.23 6655
30 P 19.79 43.02 7422
31 P 19.98 42.90 7118
32 P 20.33 43.02 6231
33 P 20.52 43.01 5807
34 P 20.58 42.83 6626
35 P 20.94 42.48 6352
36 P 20.90 42.42 6137
37 P 21.37 42.26 4116
38 P 21.83 42.30 3486
39 P 21.95 42.19 4155
40 P 22.33 42.09 4180
41 P 22.22 41.93 3985
42 P 22.37 41.89 3685
43 P 22.81 41.78 3412
44 P 23.03 41.65 3316
45 P 23.11 41.70 3559
46 P 23.06 41.46 3511
47 P 23.59 41.25 3287
48 P 24.28 41.13 2727
49 P 23.86 41.38 2184
50 P 24.10 41.51 2545
51 P 24.05 41.35 3465
52 P 24.06 41.36 3799
53 P 24.20 41.30 3129
54 P 24.39 41.27 3476
55 P 24.04 41.22 3452
56 P 23.69 41.22 3323
57 P 23.38 41.20 3651
58 P 22.97 41.29 3586
59 P 22.87 41.43 4841
60 P 22.88 41.52 5213
61 P 22.55 41.53 5594
62 P 22.57 41.48 5199
63 P 22.75 41.51 5217
64 P 22.66 41.41 4644
65 P 22.48 41.39 4273
66 P 22.64 41.48 4644
67 P 22.55 41.48 4399
68 P 22.08 41.54 3940
69 P 22.15 41.45 4444
70 P 22.52 41.35 4814
71 P 22.63 41.38 4764
72 P 22.72 41.33 4714
73 P 22.96 41.17 4139
74 P 23.02 41.05 3916
75 P 22.84 41.18 4557
76 P 23.44 41.24 5059
77 P 22.73 41.51 5723
78 P 22.69 41.78 6050
79 P 23.28 41.52 5894
80 P 23.32 41.31 6483
81 P 22.90 41.10 6458
82 P 22.80 40.93 6221
83 P 23.16 40.96 5826
84 P 23.31 41.14 5240
85 P 23.30 41.21 4915
86 P 23.05 41.36 4478
87 P 22.86 41.27 4583
88 P 23.53 41.26 4793
89 P 23.41 41.17 4844
90 P 23.53 40.97 4611
91 P 23.36 40.87 4816
92 P 23.33 40.72 4789
93 P 24.54 40.57 4406
94 P 24.64 40.60 3468
95 P 24.45 40.60 3497
96 P 24.10 40.63 3389
97 P 24.45 40.74 3049
98 P 24.29 40.56 3435
99 P 24.57 40.34 3363
100 P 25.07 40.18 3504
101 P 24.38 40.16 3238
102 P 24.79 40.26 3423
103 P 24.05 40.41 3887
104 P 24.81 40.43 4212
105 P 24.44 40.31 4350
106 P 25.10 40.37 3744
107 P 24.46 40.27 3584
108 P 25.10 40.33 3821
109 P 25.33 40.30 3561
110 P 24.77 40.44 3884
111 P 24.59 40.46 3931
112 P 24.61 40.41 3311
113 P 25.17 40.48 3208
114 P 24.78 40.50 2939
115 P 24.92 40.62 2937
116 P 24.84 40.68 3227
117 P 25.53 40.70 3557
118 P 25.92 40.56 3413
119 P 24.65 40.48 3862
120 P 25.37 40.38 3817
121 P 25.36 40.31 3564
122 P 25.77 40.40 3876
123 P 25.80 40.53 3230
124 P 25.36 40.60 2869
125 P 25.95 40.49 3210
126 P 25.04 40.42 3414
127 P 24.87 40.38 3616
128 P 25.01 40.63 4163
129 P 24.65 40.84 4086
130 P 24.47 41.11 4150
131 P 24.92 41.20 4269
132 P 25.66 41.09 4237
133 P 25.92 40.93 4253
134 P 25.36 40.89 3788
135 P 25.77 40.87 3301
136 P 25.60 40.83 3721
137 P 24.75 40.84 3687
138 P 26.00 40.70 3061
139 P 24.90 40.86 2711
140 P 25.22 40.79 3567
141 P 24.79 40.89 4204
142 P 25.33 40.87 4295
143 P 25.07 41.06 3861
144 P 25.31 41.22 4368
145 P 25.51 41.30 4515
146 P 24.68 41.47 5003
147 P 24.11 41.50 5956
148 P 23.78 41.12 6578
149 P 23.60 40.86 7170
150 P 23.33 40.90 7226
151 P 23.09 41.12 6792
152 P 22.85 41.28 6138
153 P 22.90 41.55 6626
154 P 23.02 41.68 6372
155 P 22.94 41.92 6646
156 P 22.85 42.09 6504
157 P 23.01 42.16 6165
158 P 22.95 42.29 6502
159 P 23.14 42.50 6745
160 P 23.30 42.53 6399
161 P 22.95 42.85 7203
162 P 22.79 43.60 6962
163 P 22.45 44.33 6308
164 P 21.92 45.09 5812
165 P 21.68 46.05 4986
166 P 21.31 45.84 4718
167 P 21.48 45.49 4877
168 P 21.26 45.48 4873
169 P 21.66 44.92 5323
170 P 21.88 44.42 5685
171 P 22.27 44.39 5873
172 P 22.54 43.73 5403
173 P 22.78 43.63 5227
174 P 23.83 42.80 6253
175 P 23.90 42.10 6146
176 P 24.00 42.07 6242
177 P 24.14 42.00 6021
178 P 24.14 41.66 6069
179 P 24.38 41.36 6364
180 P 24.30 41.10 6370
181 P 24.45 40.74 6958
182 P 24.82 40.50 6882
183 P 24.85 40.35 6614
184 P 25.26 39.98 7006
185 P 25.61 39.63 7153
186 P 25.49 39.40 7232
187 P 25.59 39.23 6942
188 P 25.63 39.33 6426
189 P 25.65 39.48 5621
190 P 25.60 39.39 5998
191 P 25.79 39.06 5973
192 P 25.99 38.74 6518
193 P 26.33 38.44 6365
194 P 26.46 38.25 5887
195 P 26.86 38.09 5761
196 P 26.95 38.00 6387
197 P 27.06 37.80 6923
198 P 27.19 37.66 5592
199 P 27.47 37.33 5873
200 P 27.71 36.92 6470
201 P 27.85 36.28 7897
202 P 28.00 35.58 8750
203 P 28.09 34.88 10117
204 P 28.37 34.05 9258
205 P 28.62 33.74 7667
206 P 28.57 33.64 5800
207 P 28.83 33.42 5880
208 P 29.05 33.28 4175
209 P 28.91 33.25 4208
210 P 29.05 33.28 3365
211 P 29.17 33.24 3066
212 P 29.31 33.37 2835
213 P 29.00 33.44 2478
214 P 29.32 33.32 2502
215 P 29.22 33.28 2267
216 P 29.89 33.20 2093
217 P 29.73 33.10 1701
218 P 29.74 33.13 1654
219 P 29.67 33.15 1050
220 P 29.63 33.21 673
221 P 29.94 33.22 507
222 P 29.75 33.30 752
223 P 29.81 33.36 432
224 P 30.48 33.37 429
225 P 30.21 33.34 596
226 P 29.57 33.26 1263
227 P 29.56 33.28 1249
228 P 29.79 33.24 1521
229 P 29.43 33.34 1304
230 P 29.36 33.36 1362
231 P 29.20 33.45 590
232 P 29.37 33.50 731
233 P 28.90 33.51 593
234 P 28.94 33.58 642
235 P 28.48 33.52 922
236 P 28.73 33.59 969
237 P 29.33 33.56 1335
238 P 28.64 33.60 1426
239 P 29.10 33.59 1575
240 P 28.77 33.57 2063
241 P 28.69 33.63 2289
242 P 28.59 33.69 2336
243 P 28.68 33.69 2401
244 P 28.37 33.79 2858
245 P 28.12 33.89 1901
246 P 28.28 33.91 1742
247 P 30.57 33.51 508
