% Nframe | type | QP | PSNR | size (Bytes) 
0 I 26.20 39.14 5822
1 P 27.16 38.74 275
2 P 29.04 38.37 381
3 P 28.04 38.26 686
4 P 28.56 38.23 783
5 P 27.80 38.09 796
6 P 29.28 38.17 820
7 P 29.09 38.14 766
8 P 29.16 38.06 632
9 P 29.69 38.01 706
10 P 29.67 37.99 737
11 P 29.07 38.07 946
12 P 32.36 36.86 234
13 P 29.05 38.06 1263
14 P 24.48 39.23 1900
15 P 22.78 39.97 1887
16 P 21.51 40.76 2394
17 P 20.75 41.50 3093
18 P 20.02 42.01 3568
19 P 19.62 42.40 3836
20 P 19.04 42.86 3548
21 P 18.67 43.23 3158
22 P 17.78 43.63 4577
23 P 17.67 44.15 4936
24 P 16.73 44.63 5120
25 P 16.72 44.74 5464
26 P 16.71 44.62 4874
27 P 16.95 44.71 4556
28 P 16.92 44.85 4554
29 P 16.70 44.56 4859
30 P 17.47 44.45 5153
31 P 17.63 44.22 5120
32 P 17.63 44.37 4282
33 P 17.79 44.30 4198
34 P 18.02 44.08 4496
35 P 18.42 43.83 4383
36 P 18.66 43.58 4195
37 P 18.84 43.50 3195
38 P 19.65 43.47 2932
39 P 19.34 43.45 3440
40 P 19.08 43.33 3482
41 P 19.43 43.27 3202
42 P 19.73 43.09 3037
43 P 20.02 43.05 3001
44 P 20.13 43.01 2866
45 P 20.05 42.87 2923
46 P 19.99 42.79 2831
47 P 20.44 42.68 2492
48 P 20.66 42.74 2345
49 P 20.68 42.72 1941
50 P 20.57 42.71 2132
51 P 20.57 42.73 2933
52 P 20.87 42.60 2846
53 P 20.97 42.65 2636
54 P 20.94 42.63 2877
55 P 20.65 42.64 2680
56 P 20.49 42.69 2687
57 P 20.31 42.59 3012
58 P 20.55 42.56 2967
59 P 20.32 42.53 3631
60 P 20.38 42.56 3796
61 P 20.00 42.58 4158
62 P 20.07 42.58 3691
63 P 20.22 42.63 3817
64 P 20.19 42.56 3533
65 P 20.00 42.52 3325
66 P 20.24 42.57 3503
67 P 20.12 42.69 3285
68 P 20.08 42.73 3050
69 P 20.08 42.54 3089
70 P 20.08 42.42 3579
71 P 20.32 42.44 3581
72 P 20.09 42.35 3503
73 P 20.03 42.30 3153
74 P 20.57 42.30 3021
75 P 20.77 42.29 3454
76 P 20.32 42.26 3932
77 P 20.03 42.42 4133
78 P 20.19 42.62 4414
79 P 20.07 42.44 4327
80 P 20.00 42.18 4623
81 P 20.26 42.12 4697
82 P 20.30 42.01 4608
83 P 20.35 42.00 4309
84 P 20.49 42.16 3986
85 P 20.43 42.19 3660
86 P 20.23 42.22 3576
87 P 20.47 42.29 3589
88 P 20.71 42.09 3526
89 P 20.56 41.99 3581
90 P 20.50 41.90 3545
91 P 20.74 41.85 3465
92 P 20.78 41.81 3579
93 P 20.96 41.62 3284
94 P 21.30 41.69 2708
95 P 21.54 41.79 2738
96 P 21.75 41.71 2588
97 P 21.75 41.72 2548
98 P 21.69 41.65 2906
99 P 21.57 41.64 2771
100 P 21.57 41.46 2766
101 P 21.53 41.36 2483
102 P 21.44 41.43 2631
103 P 21.33 41.54 3086
104 P 21.31 41.42 3119
105 P 22.05 41.37 3270
106 P 21.34 41.43 3038
107 P 21.46 41.47 2768
108 P 21.70 41.43 2712
109 P 21.90 41.44 2869
110 P 21.72 41.53 3025
111 P 21.47 41.55 2858
112 P 22.01 41.52 2587
113 P 21.70 41.68 2605
114 P 21.95 41.72 2332
115 P 21.16 41.74 2414
116 P 21.98 41.76 2382
117 P 21.77 41.54 2616
118 P 22.08 41.58 2721
119 P 21.95 41.63 2998
120 P 21.71 41.50 2763
121 P 21.69 41.60 2827
122 P 21.64 41.70 2804
123 P 21.75 41.65 2505
124 P 21.77 41.63 2280
125 P 22.72 41.67 2552
126 P 21.82 41.70 2560
127 P 21.94 41.62 2710
128 P 22.23 41.81 3115
129 P 21.73 41.99 2946
130 P 21.20 42.05 2818
131 P 22.28 42.12 2804
132 P 22.61 42.05 2915
133 P 21.80 41.96 2871
134 P 21.46 42.03 2958
135 P 21.65 41.99 2523
136 P 21.81 41.92 2588
137 P 22.23 41.88 2425
138 P 21.74 41.82 2296
139 P 21.00 41.90 2016
140 P 21.30 41.92 2696
141 P 21.74 41.87 3025
142 P 21.21 41.94 3292
143 P 21.53 42.01 2913
144 P 21.50 42.21 3392
145 P 21.60 42.12 3463
146 P 21.49 42.24 3677
147 P 21.02 42.32 4323
148 P 21.29 41.98 4579
149 P 21.30 41.75 5068
150 P 21.15 41.77 5159
151 P 20.93 41.84 4751
152 P 20.45 42.08 4594
153 P 20.77 42.07 4776
154 P 20.78 42.33 4858
155 P 20.85 42.42 4863
156 P 20.69 42.63 5033
157 P 20.88 42.71 4741
158 P 20.82 42.90 4980
159 P 21.01 43.02 4731
160 P 21.31 42.99 4670
161 P 20.82 43.34 4964
162 P 20.86 43.94 4587
163 P 20.58 44.59 4228
164 P 19.92 45.20 3554
165 P 19.64 46.17 3024
166 P 19.23 45.98 2921
167 P 19.54 45.78 3322
168 P 19.28 45.79 3217
169 P 19.56 45.27 3337
170 P 19.81 44.87 3818
171 P 20.01 44.66 3546
172 P 20.24 44.20 3694
173 P 20.78 44.07 3831
174 P 21.60 43.11 4739
175 P 21.72 42.81 4753
176 P 22.04 42.75 4739
177 P 22.07 42.81 4613
178 P 21.96 42.41 4599
179 P 22.16 42.19 4920
180 P 22.16 41.97 4834
181 P 22.45 41.53 5087
182 P 22.58 41.38 5185
183 P 22.57 41.26 4986
184 P 23.00 40.91 5212
185 P 23.10 40.65 5025
186 P 23.18 40.55 5197
187 P 23.42 40.45 4848
188 P 23.57 40.43 4452
189 P 23.41 40.49 4302
190 P 23.61 40.40 4402
191 P 23.78 40.07 4402
192 P 23.94 39.78 4627
193 P 23.97 39.60 4753
194 P 24.37 39.39 4382
195 P 24.49 39.27 4192
196 P 24.80 39.25 4374
197 P 24.88 39.05 4707
198 P 24.79 38.90 4053
199 P 24.91 38.80 4547
200 P 24.94 38.24 4755
201 P 25.30 37.52 5698
202 P 25.36 36.95 6489
203 P 25.65 36.02 6862
204 P 25.76 35.67 6736
205 P 25.63 35.71 5735
206 P 25.81 35.69 4459
207 P 25.93 35.53 4791
208 P 26.11 35.49 3342
209 P 25.97 35.49 3900
210 P 26.12 35.51 2311
211 P 26.16 35.39 2086
212 P 26.34 35.36 2185
213 P 26.23 35.41 2641
214 P 26.42 35.35 2276
215 P 26.41 35.14 2110
216 P 26.57 35.09 2299
217 P 26.82 35.04 2067
218 P 26.51 35.13 1182
219 P 26.73 35.15 812
220 P 26.81 35.23 474
221 P 26.73 35.33 539
222 P 26.88 35.35 436
223 P 26.39 35.45 266
224 P 27.20 35.46 345
225 P 26.97 35.48 325
226 P 26.80 35.31 1044
227 P 27.04 35.22 1262
228 P 26.40 35.26 1036
229 P 27.04 35.41 780
230 P 26.64 35.42 830
231 P 26.49 35.51 441
232 P 26.21 35.54 436
233 P 26.53 35.58 393
234 P 26.00 35.63 408
235 P 26.25 35.61 556
236 P 26.06 35.67 571
237 P 26.04 35.64 983
238 P 26.13 35.68 1264
239 P 26.00 35.64 1478
240 P 26.05 35.74 1454
241 P 25.99 35.71 1281
242 P 25.87 35.77 1846
243 P 25.85 35.81 2014
244 P 25.42 35.98 1979
245 P 25.29 36.01 1093
246 P 25.31 36.05 1163
247 P 27.76 35.50 306
