% Nframe | type | QP | PSNR | size (Bytes) 
0 I 23.63 40.80 7370
1 P 24.30 40.38 455
2 P 24.73 40.13 757
3 P 25.31 40.03 1093
4 P 26.76 39.90 1163
5 P 25.89 39.87 1229
6 P 26.11 39.76 1161
7 P 26.54 39.87 1178
8 P 26.27 39.78 972
9 P 25.96 39.72 1150
10 P 26.00 39.84 1186
11 P 26.01 39.80 1413
12 P 28.94 38.57 503
13 P 25.32 39.81 1829
14 P 21.88 41.04 2483
15 P 20.34 41.92 2529
16 P 19.33 42.67 3278
17 P 18.49 43.31 4014
18 P 18.16 43.70 4379
19 P 17.45 44.03 4737
20 P 16.61 44.47 4767
21 P 16.36 44.79 4557
22 P 15.78 45.15 5832
23 P 15.68 45.47 6114
24 P 14.89 45.97 6512
25 P 14.69 45.92 7118
26 P 14.73 45.99 6455
27 P 14.78 46.08 6021
28 P 14.73 46.15 5818
29 P 14.86 45.92 6264
30 P 15.10 45.83 6749
31 P 15.27 45.78 6775
32 P 15.51 45.75 5785
33 P 15.34 45.69 5561
34 P 15.64 45.52 6104
35 P 15.91 45.30 5845
36 P 15.88 45.06 5875
37 P 16.40 45.06 4655
38 P 16.58 44.96 4180
39 P 16.89 44.90 4671
40 P 16.65 44.91 4945
41 P 17.17 44.76 4297
42 P 17.19 44.63 4413
43 P 17.46 44.51 4131
44 P 17.44 44.53 3990
45 P 17.69 44.45 3990
46 P 17.92 44.41 3863
47 P 18.10 44.19 3401
48 P 18.93 44.20 3102
49 P 18.62 44.29 2793
50 P 18.62 44.29 2999
51 P 18.51 44.17 3845
52 P 18.44 44.15 3718
53 P 18.64 44.22 3523
54 P 18.50 44.17 3844
55 P 18.51 44.19 3504
56 P 18.54 44.12 3350
57 P 18.35 44.03 3860
58 P 18.36 43.98 3941
59 P 18.47 43.96 4589
60 P 18.21 44.03 4874
61 P 17.90 44.12 5148
62 P 18.03 44.05 4655
63 P 17.86 44.13 4860
64 P 18.03 44.08 4614
65 P 17.94 44.07 4409
66 P 17.90 44.05 4532
67 P 17.68 44.16 4133
68 P 17.65 44.25 4092
69 P 17.92 44.00 3982
70 P 17.87 43.90 4671
71 P 18.10 43.90 4686
72 P 17.75 43.81 4614
73 P 18.15 43.82 4291
74 P 18.06 43.83 4011
75 P 18.43 43.74 4584
76 P 18.46 43.78 5108
77 P 18.09 43.86 5489
78 P 17.90 44.06 5619
79 P 18.03 43.86 5530
80 P 17.85 43.68 5929
81 P 18.22 43.66 5914
82 P 18.31 43.55 5765
83 P 18.23 43.48 5484
84 P 18.42 43.62 5151
85 P 18.25 43.72 4876
86 P 18.41 43.74 4547
87 P 18.43 43.75 4674
88 P 18.54 43.59 4609
89 P 18.64 43.47 4722
90 P 18.58 43.43 4617
91 P 18.70 43.37 4596
92 P 19.09 43.40 4650
93 P 18.88 43.23 4325
94 P 19.35 43.25 3664
95 P 18.86 43.26 3650
96 P 19.23 43.29 3558
97 P 19.08 43.26 3371
98 P 19.00 43.18 3849
99 P 19.56 43.17 3647
100 P 19.33 43.00 3604
101 P 19.04 42.99 3456
102 P 19.12 43.04 3663
103 P 19.43 43.05 3885
104 P 19.61 42.95 4003
105 P 19.49 42.96 4256
106 P 19.34 43.01 3943
107 P 20.16 43.05 3749
108 P 20.02 43.00 3639
109 P 19.10 43.04 3750
110 P 20.15 43.04 3806
111 P 19.55 43.08 3718
112 P 20.06 43.21 3381
113 P 19.88 43.24 3281
114 P 19.73 43.40 3283
115 P 19.92 43.36 3195
116 P 19.64 43.32 3294
117 P 19.56 43.28 3478
118 P 20.11 43.27 3658
119 P 20.06 43.23 3745
120 P 20.20 43.19 3709
121 P 20.31 43.22 3656
122 P 20.31 43.21 3550
123 P 20.14 43.35 3420
124 P 20.19 43.42 3180
125 P 20.67 43.29 3261
126 P 19.85 43.24 3378
127 P 20.02 43.24 3630
128 P 20.11 43.41 4039
129 P 19.98 43.57 3806
130 P 19.76 43.71 3768
131 P 21.13 43.71 3744
132 P 19.68 43.63 3864
133 P 19.61 43.64 3875
134 P 19.89 43.62 3778
135 P 19.41 43.62 3424
136 P 20.25 43.58 3422
137 P 19.79 43.61 3432
138 P 19.23 43.50 3169
139 P 19.69 43.55 2828
140 P 19.53 43.56 3726
141 P 20.17 43.54 4031
142 P 19.36 43.62 4284
143 P 19.93 43.62 3809
144 P 19.63 43.78 4359
145 P 20.34 43.67 4384
146 P 19.79 43.87 4722
147 P 18.71 43.88 5549
148 P 18.56 43.53 5968
149 P 18.92 43.37 6467
150 P 18.85 43.42 6647
151 P 18.26 43.58 6241
152 P 18.22 43.64 5998
153 P 18.72 43.72 6224
154 P 18.53 43.81 6373
155 P 18.55 44.05 6435
156 P 18.46 44.23 6357
157 P 18.58 44.28 6147
158 P 18.62 44.39 6198
159 P 18.73 44.43 5976
160 P 18.92 44.48 6108
161 P 18.65 44.70 6272
162 P 18.53 45.42 5796
163 P 18.21 45.95 5443
164 P 17.63 46.52 4800
165 P 17.33 47.43 3891
166 P 16.96 47.36 3805
167 P 16.93 47.10 4184
168 P 16.91 47.18 4100
169 P 17.25 46.72 4365
170 P 17.35 46.36 4993
171 P 17.72 46.23 4639
172 P 18.00 45.80 4855
173 P 18.11 45.70 5148
174 P 19.21 44.74 6222
175 P 19.42 44.44 6198
176 P 19.60 44.25 6206
177 P 19.57 44.21 5994
178 P 19.55 44.05 6101
179 P 19.81 43.81 6556
180 P 19.66 43.63 6484
181 P 20.08 43.26 6733
182 P 20.07 43.00 6782
183 P 20.11 43.00 6666
184 P 20.47 42.61 6780
185 P 20.62 42.40 6730
186 P 20.81 42.27 6752
187 P 20.95 42.13 6448
188 P 21.05 42.14 6080
189 P 21.08 42.18 5730
190 P 20.99 42.26 6087
191 P 21.31 41.90 5835
192 P 21.45 41.55 6093
193 P 21.66 41.32 6267
194 P 21.83 41.28 6009
195 P 22.14 41.10 5628
196 P 22.29 41.02 5928
197 P 22.34 40.83 6341
198 P 22.39 40.89 5621
199 P 22.46 40.57 5896
200 P 22.52 40.04 6504
201 P 22.70 39.47 8134
202 P 22.93 38.79 8949
203 P 23.13 38.05 9864
204 P 23.31 37.62 9468
205 P 23.24 37.61 8216
206 P 23.35 37.65 6615
207 P 23.45 37.50 7520
208 P 23.58 37.40 5217
209 P 23.49 37.41 6194
210 P 23.55 37.45 3543
211 P 23.71 37.40 3700
212 P 23.92 37.34 3407
213 P 23.78 37.38 4248
214 P 24.00 37.22 3322
215 P 24.17 37.18 3668
216 P 24.10 37.10 3676
217 P 24.27 37.13 3551
218 P 24.41 37.12 1638
219 P 24.49 37.07 1149
220 P 24.45 37.17 735
221 P 24.43 37.21 581
222 P 24.33 37.30 707
223 P 24.63 37.45 372
224 P 24.48 37.42 414
225 P 25.00 37.42 579
226 P 24.68 37.24 1821
227 P 24.68 37.12 2108
228 P 24.65 37.15 1787
229 P 24.57 37.20 1000
230 P 24.33 37.20 1141
231 P 24.76 37.34 530
232 P 23.98 37.33 626
233 P 23.95 37.44 759
234 P 23.96 37.50 690
235 P 23.66 37.48 1030
236 P 23.79 37.53 838
237 P 24.16 37.52 1671
238 P 23.96 37.45 1826
239 P 23.71 37.53 2502
240 P 23.69 37.54 2334
241 P 23.83 37.59 2100
242 P 23.62 37.66 2973
243 P 23.49 37.68 3177
244 P 23.16 37.83 3008
245 P 23.33 37.81 1416
246 P 23.16 37.89 1780
247 P 25.32 37.20 594
