% Nframe | type | QP | PSNR | size (Bytes) 
0 I 30.12 39.19 30727
1 P 31.59 38.76 1332
2 P 32.69 38.68 2389
3 P 32.69 38.76 3558
4 P 32.72 38.84 4183
5 P 33.20 38.76 4168
6 P 32.01 38.79 4377
7 P 32.46 38.76 3557
8 P 33.22 38.45 3274
9 P 34.00 38.15 3679
10 P 34.14 38.44 4013
11 P 33.16 38.65 4405
12 P 37.69 37.54 1611
13 P 39.25 36.68 1806
14 P 36.71 36.94 3052
15 P 35.14 37.37 2668
16 P 33.80 38.26 3226
17 P 33.64 38.68 5336
18 P 32.33 38.86 6365
19 P 31.30 38.87 7267
20 P 30.60 38.49 7493
21 P 29.77 38.71 5561
22 P 29.49 39.25 7245
23 P 28.46 39.44 11234
24 P 27.36 39.70 11780
25 P 27.27 39.69 12654
26 P 26.84 39.85 12322
27 P 26.72 40.20 10539
28 P 26.72 40.36 10378
29 P 26.60 40.20 12714
30 P 26.83 40.07 14950
31 P 26.90 40.09 14518
32 P 26.71 40.27 14832
33 P 26.75 40.26 12521
34 P 26.64 40.16 14635
35 P 27.38 39.87 14254
36 P 27.37 39.76 12755
37 P 27.56 39.58 9117
38 P 27.97 39.75 6000
39 P 28.16 39.85 7560
40 P 27.99 39.82 7893
41 P 28.38 39.67 6929
42 P 28.64 39.49 6341
43 P 28.88 39.36 6111
44 P 29.09 39.30 5480
45 P 29.21 39.31 5793
46 P 30.23 39.17 5272
47 P 31.81 38.72 4952
48 P 32.12 38.58 4401
49 P 32.22 38.83 3107
50 P 30.61 39.09 3938
51 P 30.80 39.08 5266
52 P 31.20 38.83 5346
53 P 30.97 38.90 5655
54 P 31.07 38.84 5755
55 P 30.83 38.72 5968
56 P 30.17 38.75 6206
57 P 30.48 38.83 6148
58 P 30.67 39.15 6453
59 P 30.00 39.28 8588
60 P 29.86 39.41 11061
61 P 29.28 39.36 10362
62 P 29.68 39.16 9837
63 P 29.43 38.99 10256
64 P 29.35 38.92 9602
65 P 28.87 38.91 8221
66 P 28.91 39.05 8191
67 P 29.07 39.22 8273
68 P 28.75 39.26 7761
69 P 28.92 39.19 8011
70 P 29.41 39.12 9057
71 P 29.38 39.12 8874
72 P 29.34 38.97 8913
73 P 29.69 38.67 7756
74 P 30.02 38.64 7190
75 P 29.83 38.94 8716
76 P 29.49 39.07 10559
77 P 29.22 39.38 12475
78 P 29.02 39.55 12815
79 P 29.07 39.46 12234
80 P 29.56 39.19 13361
81 P 29.30 38.97 13928
82 P 29.50 38.67 13381
83 P 29.24 38.63 12119
84 P 29.16 38.80 11090
85 P 28.95 38.84 10355
86 P 28.96 39.00 9555
87 P 28.99 39.01 9375
88 P 29.30 38.99 9504
89 P 29.42 38.86 9478
90 P 29.86 38.69 8877
91 P 30.51 38.63 9210
92 P 30.51 38.60 9253
93 P 30.20 38.42 8813
94 P 30.49 38.51 6824
95 P 30.69 38.36 6387
96 P 31.05 38.30 5643
97 P 31.40 38.37 5208
98 P 31.21 38.28 5757
99 P 31.25 38.02 6107
100 P 31.14 37.80 6325
101 P 31.22 37.77 5600
102 P 31.72 37.86 5546
103 P 31.32 38.21 6789
104 P 31.88 38.18 7343
105 P 31.91 37.93 8121
106 P 31.63 38.06 7125
107 P 31.92 37.97 6465
108 P 31.22 37.98 6755
109 P 31.45 37.94 6881
110 P 31.05 38.09 6877
111 P 31.53 38.02 6655
112 P 31.48 38.08 6279
113 P 31.44 38.10 5915
114 P 31.44 38.24 4759
115 P 32.07 38.42 4715
116 P 31.83 38.50 5214
117 P 32.33 38.44 5705
118 P 32.27 38.46 6128
119 P 32.64 38.31 6689
120 P 32.34 38.17 6758
121 P 32.66 38.12 6637
122 P 32.06 38.13 6565
123 P 32.29 38.22 5449
124 P 32.75 38.40 4981
125 P 32.55 38.32 5177
126 P 32.62 38.20 5567
127 P 32.60 38.08 6662
128 P 32.46 38.36 7946
129 P 32.11 38.58 8337
130 P 32.34 38.85 9421
131 P 31.77 38.96 8989
132 P 31.36 38.80 8018
133 P 31.69 38.50 8836
134 P 31.81 38.41 7164
135 P 31.85 38.53 6692
136 P 31.62 38.42 7323
137 P 31.66 38.42 6936
138 P 32.19 38.26 5822
139 P 31.70 38.46 4402
140 P 32.02 38.56 5868
141 P 31.76 38.68 7324
142 P 32.17 38.77 7544
143 P 31.47 39.08 7004
144 P 31.90 39.32 8324
145 P 31.44 39.41 9034
146 P 30.87 39.48 10023
147 P 29.87 39.35 12385
148 P 29.78 38.93 13794
149 P 29.82 38.76 15008
150 P 29.48 38.82 15017
151 P 29.41 39.03 13349
152 P 29.44 39.36 12018
153 P 29.33 39.57 12323
154 P 29.44 39.77 12601
155 P 29.05 40.05 13431
156 P 29.11 40.18 12752
157 P 29.29 40.30 12939
158 P 29.12 40.70 16927
159 P 29.11 40.92 17979
160 P 29.18 41.12 18194
161 P 29.27 41.36 18142
162 P 28.95 42.11 16365
163 P 28.71 42.73 14399
164 P 28.30 43.31 13295
165 P 28.06 43.79 11450
166 P 27.84 43.77 11209
167 P 27.96 43.70 11092
168 P 28.04 43.70 11099
169 P 28.09 43.29 11992
170 P 28.26 42.79 13580
171 P 28.43 42.77 14873
172 P 28.88 42.45 15172
173 P 29.29 42.35 15094
174 P 30.76 41.61 16841
175 P 30.41 41.01 16762
176 P 30.67 40.32 12089
177 P 30.90 40.06 11603
178 P 30.81 39.63 12330
179 P 30.90 39.29 12718
180 P 31.43 38.94 11964
181 P 31.53 38.56 12930
182 P 31.89 38.27 12580
183 P 32.29 38.02 12059
184 P 32.36 37.52 12572
185 P 32.63 37.11 12877
186 P 32.65 36.80 13771
187 P 32.81 36.55 12678
188 P 32.87 36.49 11957
189 P 32.81 36.63 10196
190 P 32.89 36.60 10982
191 P 33.05 36.27 10874
192 P 33.27 35.98 11741
193 P 33.61 35.66 11675
194 P 33.62 35.48 10826
195 P 33.81 35.21 10398
196 P 34.32 34.90 12495
197 P 34.45 34.62 13643
198 P 34.60 34.48 10141
199 P 34.68 34.33 11560
200 P 34.84 33.91 12799
201 P 35.25 33.46 15518
202 P 35.52 32.82 16931
203 P 35.78 32.09 18840
204 P 36.09 31.34 18146
205 P 36.18 30.89 16447
206 P 36.39 30.76 11020
207 P 36.79 29.98 13082
208 P 36.96 29.95 7025
209 P 37.03 30.05 5638
210 P 37.23 30.01 4470
211 P 37.04 30.03 4594
212 P 37.02 30.26 4208
213 P 37.18 30.23 3564
214 P 37.36 30.21 3457
215 P 37.17 30.19 3177
216 P 37.45 30.08 3406
217 P 37.71 29.89 3146
218 P 37.93 29.80 2925
219 P 38.12 29.83 2277
220 P 37.84 29.89 1331
221 P 37.93 29.90 1221
222 P 37.59 29.93 1160
223 P 38.14 30.01 1003
224 P 37.74 30.00 897
225 P 38.16 30.01 1100
226 P 38.21 29.99 2134
227 P 37.78 29.99 2472
228 P 37.67 29.99 2764
229 P 37.65 30.10 2570
230 P 37.77 30.13 2646
231 P 37.70 30.18 1209
232 P 37.58 30.20 1282
233 P 37.08 30.22 1329
234 P 37.40 30.26 1145
235 P 37.65 30.21 1814
236 P 37.02 30.23 1644
237 P 37.03 30.18 2299
238 P 36.92 30.20 2813
239 P 36.79 30.23 3220
240 P 36.94 30.27 3723
241 P 36.84 30.28 3842
242 P 36.64 30.33 3945
243 P 36.62 30.34 3926
244 P 36.64 30.41 4494
245 P 36.29 30.45 3445
246 P 36.30 30.44 3050
247 P 37.18 30.08 1079
