% Nframe | type | QP | PSNR | size (Bytes) 
0 I 38.59 31.65 3049
1 P 40.33 31.39 55
2 P 41.88 31.34 87
3 P 40.59 30.97 172
4 P 41.69 30.94 216
5 P 40.97 30.97 210
6 P 38.70 30.85 243
7 P 41.42 30.54 215
8 P 41.78 30.57 278
9 P 41.38 30.51 186
10 P 41.98 30.62 151
11 P 41.70 30.77 248
12 P 46.54 29.65 117
13 P 44.31 29.98 206
14 P 41.90 30.44 290
15 P 40.10 30.89 264
16 P 38.95 31.57 460
17 P 36.53 32.21 778
18 P 35.45 32.54 1062
19 P 35.65 32.70 1165
20 P 35.15 32.93 1177
21 P 33.62 33.44 904
22 P 32.51 34.11 1224
23 P 32.23 34.77 1419
24 P 31.66 35.24 1499
25 P 30.44 35.33 1723
26 P 31.61 35.56 1555
27 P 30.66 35.95 1457
28 P 30.65 36.27 1479
29 P 30.91 36.05 1491
30 P 32.20 35.93 1660
31 P 31.47 35.96 1815
32 P 31.99 35.96 1369
33 P 32.47 35.95 1208
34 P 32.67 35.68 1552
35 P 32.26 35.38 1605
36 P 32.47 35.31 1490
37 P 33.20 35.28 951
38 P 32.68 35.43 513
39 P 34.21 35.48 783
40 P 33.51 35.40 906
41 P 33.46 35.20 799
42 P 32.98 35.10 844
43 P 34.76 35.02 716
44 P 33.95 34.97 700
45 P 33.43 35.04 800
46 P 34.90 34.83 773
47 P 35.06 34.56 694
48 P 35.61 34.45 534
49 P 36.08 34.59 437
50 P 35.05 34.95 601
51 P 34.89 35.05 773
52 P 33.68 34.85 782
53 P 33.95 34.93 841
54 P 34.14 34.86 787
55 P 34.92 34.79 827
56 P 34.74 34.79 795
57 P 34.94 34.79 818
58 P 33.92 35.01 867
59 P 33.69 35.17 1220
60 P 33.65 35.55 1598
61 P 33.69 35.34 1600
62 P 32.97 35.17 1481
63 P 34.19 35.17 1452
64 P 33.17 35.15 1311
65 P 33.31 35.05 1092
66 P 32.83 35.02 1236
67 P 32.66 35.23 1222
68 P 32.13 35.32 1066
69 P 32.57 35.22 1181
70 P 33.07 35.12 1300
71 P 33.57 35.16 1236
72 P 33.53 35.10 1295
73 P 33.07 34.91 1007
74 P 34.25 34.90 899
75 P 33.85 34.99 1066
76 P 34.33 35.11 1322
77 P 33.60 35.40 1620
78 P 33.00 35.66 1772
79 P 33.88 35.49 1826
80 P 33.14 35.05 1861
81 P 34.11 34.85 1944
82 P 33.66 34.71 1878
83 P 34.14 34.80 1728
84 P 33.53 34.91 1479
85 P 33.13 34.95 1479
86 P 32.96 35.10 1370
87 P 33.23 35.03 1284
88 P 33.57 34.87 1347
89 P 33.65 34.70 1347
90 P 35.01 34.55 1227
91 P 34.30 34.55 1252
92 P 34.54 34.43 1217
93 P 35.39 34.29 1179
94 P 35.28 34.25 904
95 P 34.53 34.08 857
96 P 34.63 34.18 722
97 P 35.37 34.19 636
98 P 35.43 34.02 699
99 P 35.76 33.95 770
100 P 35.73 33.69 740
101 P 35.22 33.65 680
102 P 35.12 33.70 711
103 P 35.38 33.88 858
104 P 35.28 33.82 956
105 P 35.16 33.66 1104
106 P 35.73 33.67 947
107 P 35.90 33.65 895
108 P 35.59 33.65 924
109 P 36.05 33.66 946
110 P 35.97 33.81 1044
111 P 35.09 33.83 1018
112 P 35.39 33.83 861
113 P 35.04 34.01 838
114 P 35.29 34.11 706
115 P 34.90 34.18 589
116 P 35.12 34.25 706
117 P 35.55 34.27 822
118 P 35.32 34.22 855
119 P 35.75 34.02 944
120 P 35.94 33.93 926
121 P 35.24 33.91 865
122 P 35.95 33.95 904
123 P 35.65 34.01 810
124 P 36.25 34.11 672
125 P 35.41 33.93 731
126 P 35.97 33.91 799
127 P 35.81 33.87 844
128 P 34.91 34.15 1104
129 P 35.72 34.35 1060
130 P 34.49 34.64 1135
131 P 34.63 34.72 1212
132 P 34.30 34.54 1184
133 P 35.29 34.41 1135
134 P 34.73 34.51 1107
135 P 34.49 34.40 781
136 P 34.44 34.34 947
137 P 34.97 34.29 970
138 P 35.29 34.24 726
139 P 34.80 34.42 563
140 P 35.33 34.46 777
141 P 35.59 34.51 956
142 P 34.43 34.61 1121
143 P 35.43 34.83 1038
144 P 33.93 35.08 1219
145 P 35.90 35.35 1379
146 P 34.66 35.32 1425
147 P 34.23 35.39 1852
148 P 34.12 34.83 1945
149 P 34.36 34.44 2141
150 P 33.58 34.47 2321
151 P 32.88 34.89 2228
152 P 32.58 35.13 1861
153 P 33.29 35.36 1898
154 P 32.70 35.36 1814
155 P 32.51 35.66 2008
156 P 32.49 35.76 1916
157 P 32.32 35.85 1884
158 P 32.61 35.99 2067
159 P 32.49 36.05 2040
160 P 32.79 36.21 2037
161 P 32.76 36.46 2256
162 P 32.39 37.20 2258
163 P 31.97 37.72 2043
164 P 31.69 38.54 2078
165 P 31.34 39.50 1667
166 P 31.07 39.00 1547
167 P 31.19 38.72 1616
168 P 31.68 38.77 1624
169 P 31.49 37.99 1801
170 P 31.84 37.53 1876
171 P 32.20 37.24 1839
172 P 32.61 36.83 1705
173 P 33.28 36.95 1679
174 P 35.05 35.95 1877
175 P 34.65 35.41 1829
176 P 34.52 35.41 1809
177 P 34.16 35.30 1564
178 P 34.56 35.01 1587
179 P 34.57 34.61 1764
180 P 34.29 34.34 1576
181 P 35.05 34.09 1856
182 P 35.85 33.82 1787
183 P 35.20 33.39 1668
184 P 36.14 33.04 1861
185 P 36.22 32.56 1758
186 P 35.90 32.38 1743
187 P 36.01 32.21 1735
188 P 36.33 32.11 1549
189 P 36.15 32.47 1530
190 P 35.80 32.41 1524
191 P 36.00 32.14 1415
192 P 36.19 31.86 1591
193 P 36.72 31.62 1437
194 P 37.17 31.22 1327
195 P 37.30 31.00 1283
196 P 37.54 30.80 1275
197 P 37.50 30.57 1505
198 P 37.48 30.35 1137
199 P 37.87 29.98 1166
200 P 38.32 29.57 1212
201 P 38.59 28.96 1391
202 P 38.62 28.45 1615
203 P 38.86 27.86 1723
204 P 39.36 27.22 1250
205 P 39.52 26.91 1090
206 P 39.56 26.88 893
207 P 39.84 26.71 771
208 P 39.93 26.68 486
209 P 39.45 26.61 460
210 P 39.03 26.62 355
211 P 38.69 26.61 459
212 P 39.29 26.64 443
213 P 39.80 26.66 469
214 P 40.04 26.60 417
215 P 39.52 26.68 468
216 P 40.22 26.63 360
217 P 39.54 26.63 349
218 P 41.42 26.59 173
219 P 40.41 26.66 189
220 P 40.62 26.71 148
221 P 41.12 26.75 125
222 P 40.10 26.78 136
223 P 39.70 26.84 109
224 P 39.86 26.87 145
225 P 39.14 26.96 89
226 P 39.15 26.99 103
227 P 40.32 26.99 132
228 P 39.65 26.96 170
229 P 39.10 27.03 232
230 P 39.19 27.00 167
231 P 38.93 27.05 149
232 P 38.87 27.07 122
233 P 38.59 27.08 131
234 P 39.41 27.11 96
235 P 38.54 27.13 164
236 P 38.47 27.14 110
237 P 39.72 27.17 194
238 P 38.78 27.19 225
239 P 38.83 27.26 327
240 P 38.67 27.23 279
241 P 38.51 27.30 369
242 P 37.86 27.35 380
243 P 38.01 27.36 344
244 P 38.51 27.44 410
245 P 37.95 27.45 253
246 P 38.02 27.49 277
247 P 39.78 27.37 31
