% Nframe | type | QP | PSNR | size (Bytes) 
0 I 19.92 43.29 7005
1 P 20.10 42.66 632
2 P 20.65 42.47 954
3 P 21.15 42.39 1242
4 P 21.42 42.28 1559
5 P 21.22 42.26 1576
6 P 21.07 42.18 1552
7 P 21.06 42.18 1665
8 P 21.43 42.22 1519
9 P 21.71 42.07 1505
10 P 21.85 42.04 1441
11 P 21.98 42.09 1783
12 P 22.15 41.41 1326
13 P 18.64 43.23 2938
14 P 16.47 44.70 3470
15 P 15.22 45.66 3299
16 P 14.35 46.25 4198
17 P 13.68 46.56 4842
18 P 13.20 46.95 5711
19 P 12.75 47.31 5846
20 P 12.23 47.66 5893
21 P 11.83 47.94 6049
22 P 11.52 48.08 7082
23 P 11.35 48.20 7731
24 P 10.96 48.53 8112
25 P 10.90 48.41 8455
26 P 10.90 48.38 7648
27 P 10.79 48.53 7876
28 P 10.74 48.56 7999
29 P 10.79 48.62 8083
30 P 10.89 48.52 8204
31 P 11.08 48.38 7906
32 P 11.15 48.42 7554
33 P 11.24 48.41 7714
34 P 11.39 48.27 7887
35 P 11.61 48.04 7789
36 P 11.68 47.91 7491
37 P 11.95 47.87 6402
38 P 12.14 47.68 5819
39 P 12.30 47.53 6103
40 P 12.52 47.30 6073
41 P 12.76 47.21 5568
42 P 12.91 47.08 5444
43 P 13.06 47.11 5284
44 P 13.04 46.95 5262
45 P 13.12 46.91 5412
46 P 13.15 46.86 5033
47 P 13.39 46.78 4397
48 P 13.51 46.84 3946
49 P 13.64 46.87 3877
50 P 13.68 46.69 3976
51 P 13.63 46.60 4554
52 P 13.73 46.61 4547
53 P 13.99 46.61 4043
54 P 13.81 46.66 4394
55 P 13.84 46.60 4195
56 P 13.81 46.59 3961
57 P 13.82 46.47 4287
58 P 13.98 46.47 4559
59 P 14.02 46.41 5144
60 P 13.92 46.44 5777
61 P 13.61 46.60 6135
62 P 13.57 46.66 5901
63 P 13.46 46.75 5913
64 P 13.48 46.69 5515
65 P 13.57 46.66 4884
66 P 13.48 46.61 5196
67 P 13.47 46.59 5072
68 P 13.39 46.81 4970
69 P 13.42 46.81 5392
70 P 13.51 46.58 5662
71 P 13.42 46.59 5721
72 P 13.41 46.59 5674
73 P 13.46 46.57 5079
74 P 13.68 46.51 4677
75 P 13.64 46.43 5629
76 P 13.76 46.37 5826
77 P 13.70 46.44 6301
78 P 13.50 46.51 6770
79 P 13.56 46.54 6851
80 P 13.60 46.46 6862
81 P 13.62 46.37 6611
82 P 13.74 46.19 6575
83 P 13.75 46.32 6153
84 P 13.85 46.32 5876
85 P 13.97 46.32 5764
86 P 13.91 46.32 5504
87 P 13.93 46.35 5864
88 P 13.96 46.34 5763
89 P 14.14 46.21 5712
90 P 14.12 46.21 5838
91 P 14.27 46.13 5412
92 P 14.26 46.13 5853
93 P 14.38 46.10 5489
94 P 14.43 46.10 4996
95 P 14.40 46.23 5043
96 P 14.35 46.12 4872
97 P 14.36 46.10 4316
98 P 14.50 46.12 4695
99 P 14.53 46.01 4576
100 P 14.51 45.95 4495
101 P 14.42 45.98 4460
102 P 14.48 45.92 4683
103 P 14.41 45.86 5099
104 P 14.60 45.91 5102
105 P 14.54 45.89 5073
106 P 14.49 45.89 4769
107 P 14.53 46.01 4731
108 P 14.55 46.02 4642
109 P 14.13 46.05 4641
110 P 14.37 46.07 4511
111 P 14.55 46.15 4475
112 P 14.23 46.16 4140
113 P 14.12 46.23 4141
114 P 14.02 46.28 4093
115 P 14.15 46.15 4206
116 P 14.05 46.16 4323
117 P 14.26 46.03 4338
118 P 14.12 46.06 4403
119 P 14.18 46.04 4469
120 P 14.20 46.00 4246
121 P 14.15 46.06 4153
122 P 14.07 46.05 4316
123 P 14.23 46.08 4050
124 P 14.29 46.16 4122
125 P 14.22 46.18 4250
126 P 14.35 46.12 4173
127 P 14.38 46.15 4267
128 P 14.12 46.15 4455
129 P 14.30 46.30 4436
130 P 14.56 46.52 4610
131 P 14.01 46.67 4629
132 P 14.18 46.64 4553
133 P 13.84 46.51 4614
134 P 14.13 46.54 4428
135 P 13.87 46.45 4084
136 P 14.18 46.38 4270
137 P 14.00 46.42 4296
138 P 13.87 46.44 4133
139 P 14.20 46.47 4076
140 P 14.44 46.35 4404
141 P 14.07 46.34 4812
142 P 14.10 46.38 4904
143 P 14.16 46.46 4468
144 P 13.77 46.53 5262
145 P 14.30 46.53 5376
146 P 14.11 46.53 5610
147 P 14.01 46.66 6344
148 P 14.13 46.58 7012
149 P 14.25 46.32 7688
150 P 14.12 46.28 7668
151 P 14.01 46.41 7454
152 P 14.14 46.43 6966
153 P 14.17 46.48 7467
154 P 14.13 46.46 7609
155 P 14.23 46.68 7936
156 P 14.19 46.70 7315
157 P 14.30 46.77 6944
158 P 14.51 46.79 7022
159 P 14.45 46.89 7128
160 P 14.60 46.91 6891
161 P 14.38 46.98 7131
162 P 14.17 47.46 6658
163 P 13.97 47.81 6277
164 P 13.38 48.30 5536
165 P 12.94 49.05 4916
166 P 12.87 48.98 4745
167 P 12.88 48.76 5039
168 P 12.70 48.86 5194
169 P 12.99 48.72 5493
170 P 13.13 48.33 5951
171 P 13.54 48.13 5726
172 P 13.73 47.68 5747
173 P 14.05 47.64 5961
174 P 14.62 46.92 6961
175 P 15.00 46.72 7092
176 P 15.08 46.54 6737
177 P 15.10 46.64 6678
178 P 15.17 46.46 6684
179 P 15.26 46.37 6949
180 P 15.25 46.13 7142
181 P 15.44 45.83 7659
182 P 15.70 45.66 7532
183 P 16.00 45.47 7517
184 P 16.16 45.36 7666
185 P 16.08 45.27 7965
186 P 16.21 45.10 7432
187 P 16.39 44.92 7466
188 P 16.23 45.04 7644
189 P 16.36 45.16 6966
190 P 16.46 45.22 6680
191 P 16.65 44.91 6683
192 P 16.60 44.69 7345
193 P 16.70 44.47 7262
194 P 17.06 44.35 6979
195 P 17.33 44.10 6582
196 P 17.16 44.09 7245
197 P 17.44 43.99 7169
198 P 17.24 44.13 6921
199 P 17.36 43.95 6937
200 P 17.58 43.37 7337
201 P 17.73 42.92 8880
202 P 17.74 42.53 10470
203 P 17.89 42.26 11327
204 P 18.12 42.06 9809
205 P 18.19 42.07 9939
206 P 18.26 42.09 9997
207 P 18.17 42.05 10036
208 P 18.19 42.10 6672
209 P 18.15 42.15 7181
210 P 18.15 42.17 5116
211 P 18.30 42.09 5216
212 P 18.44 42.06 5233
213 P 18.34 42.06 5753
214 P 18.55 41.92 5730
215 P 18.64 41.81 5580
216 P 18.69 41.76 5760
217 P 18.74 41.94 4298
218 P 18.83 41.89 3219
219 P 18.77 41.80 1976
220 P 18.59 41.92 1028
221 P 18.49 41.91 713
222 P 18.91 41.95 698
223 P 18.50 42.26 578
224 P 18.76 42.22 498
225 P 19.16 42.32 896
226 P 18.99 42.14 2226
227 P 18.98 41.93 2804
228 P 19.01 41.72 3038
229 P 18.89 41.76 1735
230 P 18.99 41.77 1463
231 P 18.55 42.08 807
232 P 18.77 42.02 903
233 P 18.76 42.04 756
234 P 18.55 42.22 866
235 P 18.59 41.97 1214
236 P 18.83 42.00 965
237 P 18.33 42.01 2344
238 P 18.46 41.92 2499
239 P 18.42 42.01 3496
240 P 18.31 42.05 4095
241 P 18.33 42.01 3462
242 P 18.35 42.07 3829
243 P 18.31 42.04 4030
244 P 18.15 42.18 4522
245 P 17.96 42.33 2499
246 P 18.10 42.33 2362
247 P 19.88 41.28 1205
